85,1,000045,5.25,28.2586,21
317,2,000242,27.6048,-1.75,21
506,3,000284,1.75,39.9255,21
588,4,000406,23.9161,-1.75,21
594,5,000361,-22.3017,5.25,22
805,6,000545,5.25,29.9616,21
1154,7,000695,-22.2655,1.75,22
1357,8,000865,1.75,29.8831,21
1870,9,001187,75.1697,-1.75,21
2045,10,001128,1.75,27.4358,21
2112,11,001267,-37.5462,1.75,51
2141,12,001285,25.1575,-5.25,21
2383,13,001354,-24.7101,1.75,51
2402,14,001457,23.3741,-5.25,21
2484,15,001559,-5.25,-29.8107,21
3592,16,002179,5.25,19.3952,21
3694,17,002308,-29.2584,5.25,51
3718,18,002184,1.75,24.8886,21
3756,19,002343,5.25,29.9107,21
3932,20,002284,23.5135,-5.25,21
3961,21,002471,29.7207,-1.75,21
4413,22,002698,-1.75,-21.6373,21
4533,23,002820,28.227,-1.75,21
5021,24,003126,-5.25,-29.4998,21
5286,25,003273,-1.75,-29.1015,21
5297,26,003283,-1.75,-29.4996,21
5446,27,003216,1.75,19.5553,21
5581,28,003470,1.75,31.4448,21
5856,29,003629,-5.25,-29.7018,21
6031,30,003686,26.8032,-5.25,21
6477,31,004044,-40.4944,1.75,51
6511,32,003991,-5.25,-17.1853,21
6547,33,004084,-1.75,-51.7556,21
6661,34,004103,-5.25,-26.6535,21
6762,35,004218,-34.1447,1.75,51
7172,36,004476,28.3602,-1.75,21
7221,37,004460,5.25,24.9439,21
7505,38,004553,5.25,25.624,21
7563,39,004559,21.637,-1.75,21
8421,40,005194,29.4904,-1.75,21
8509,41,005305,-1.75,-32.5049,21
8560,42,005338,-48.6028,1.75,51
8835,43,005515,-49.8981,1.75,51
8839,44,005426,29.8459,-5.25,21
9320,45,005758,5.25,26.6063,21
9451,46,005851,5.25,18.7643,21
9560,47,005965,-37.8415,1.75,51
9744,48,006021,1.75,27.0145,21
9838,49,006131,-39.6498,1.75,51
9918,50,006179,-1.75,-49.3709,21
10151,51,006288,-1.75,-18.841,21
10253,52,006409,-60.9982,1.75,51
10263,53,006308,18.3658,-1.75,21
10386,54,006482,36.1814,-1.75,21
10438,55,006467,5.25,25.4789,21
10676,56,006588,26.6201,-5.25,21
10731,57,006650,-5.25,-29.851,21
10869,58,006647,5.25,22.5042,21
11026,59,006887,1.75,28.7176,21
11044,60,006904,1.75,29.8744,21
11162,61,006974,-5.25,-28.9921,21
11212,62,006865,26.4384,-5.25,21
11416,63,006971,1.75,29.5452,21
11420,64,006975,5.25,27.6637,21
11462,65,007165,-1.75,-28.3635,21
11489,66,007100,-32.0825,1.75,51
11592,67,007184,-5.25,-20.1102,21
11842,68,007343,1.75,29.2073,21
11871,69,007250,-1.75,-16.7214,21
12046,70,007465,29.184,-5.25,21
12195,71,007530,44.0535,-1.75,21
12207,72,007610,28.2766,-1.75,21
12253,73,007437,5.25,25.7068,21
12361,74,007710,29.2325,-5.25,21
12601,75,007731,18.8405,-1.75,21
12630,76,007860,-24.0799,1.75,51
12638,77,007868,32.9243,-1.75,21
12682,78,007773,1.75,27.2442,21
12688,79,007855,-1.75,-27.1664,21
12846,80,008022,1.75,29.4824,21
12888,81,007963,-29.8958,5.25,51
13309,82,008094,19.5519,-5.25,21
13342,83,008328,31.1769,-1.75,21
13390,84,008222,-5.25,-29.05,21
13665,85,008316,1.75,26.8159,21
13694,86,008540,1.75,33.333,21
14213,87,008742,-5.25,-21.6372,21
14229,88,008835,1.75,28.571,21
14240,89,008890,1.75,30.6401,21
14876,90,009278,28.7498,-1.75,21
15006,91,009368,29.1251,-5.25,21
15629,92,009718,-5.25,-29.0239,21
15664,93,009808,-1.75,-31.0912,21
15768,94,009781,1.75,28.2676,21
15790,95,009883,1.75,27.3385,21
15803,96,009894,1.75,29.2039,21
16252,97,010042,26.4592,-1.75,21
16313,98,009967,-5.25,-21.6366,21
16417,99,010275,-35.9517,1.75,51
16902,100,010576,5.25,29.2342,21
16944,101,010558,-28.5432,5.25,51
16972,102,010620,50.6751,-1.75,21
16983,103,010627,29.5579,-5.25,21
17229,104,010647,28.1253,-1.75,21
17234,105,010649,26.5681,-1.75,21
17246,106,010788,27.771,-1.75,21
17300,107,010771,-1.75,-25.5193,21
17519,108,010922,29.3084,-5.25,21
17521,109,010924,29.8165,-1.75,21
17663,110,011070,77.626,-1.75,21
17720,111,010968,1.75,20.0149,21
17759,112,011131,1.75,73.3301,21
17805,113,011155,-55.5038,1.75,51
18040,114,011298,-5.25,-29.4858,21
18130,115,011303,-1.75,-14.9936,21
18148,116,011319,-1.75,-27.819,21
18166,117,011384,-1.75,-29.6732,21
18243,118,011421,19.4645,-5.25,21
18305,119,011477,1.75,29.4709,21
18429,120,011501,5.25,29.4056,21
18456,121,011577,1.75,30.6247,21
18481,122,011519,18.8412,-1.75,21
18907,123,011725,20.2281,-5.25,21
18936,124,011877,28.1849,-1.75,21
18938,125,011880,26.994,-1.75,21
19001,126,011829,-1.75,-25.7011,21
19253,127,012029,-5.25,-21.6369,21
19746,128,012360,-29.9566,1.75,51
20197,129,012689,-53.6411,1.75,51
20473,130,012807,26.0225,-1.75,21
21231,131,013303,-1.75,-28.0201,21
21295,132,013345,-35.666,1.75,51
21399,133,013463,-1.75,-29.7771,21
21531,134,013545,1.75,30.6651,21
21538,135,013551,1.75,29.5976,21
21703,136,013602,21.637,-1.75,21
21932,137,013755,1.75,20.4756,21
21939,138,013761,5.25,26.2987,21
22294,139,014034,29.5208,-1.75,21
22337,140,013909,1.75,34.9707,21
22482,141,014099,1.75,26.9291,21
22506,142,014157,-5.25,-28.9694,21
22705,143,014303,-55.9359,1.75,51
23350,144,014652,-5.25,-20.3771,21
23353,145,014728,5.25,20.4961,21
23531,146,014791,-29.8749,1.75,51
23694,147,014943,-35.7537,1.75,51
23871,148,015000,1.75,18.841,21
23894,149,014920,-1.75,-18.7105,21
24081,150,015137,-20.4893,5.25,51
24094,151,015147,-34.3113,1.75,51
24307,152,015189,-1.75,-28.2926,21
24797,153,015562,-29.3902,5.25,22
25431,154,015949,1.75,28.9386,21
25566,155,016073,1.75,23.673,21
25794,156,016269,-36.6169,1.75,51
25867,157,016311,-1.75,-49.0057,21
25978,158,016179,5.25,24.8886,21
26064,159,016371,23.1672,-5.25,21
26255,160,016498,-1.75,-29.7917,21
26287,161,016562,-1.75,-29.6344,21
26439,162,016679,1.75,29.6792,21
26441,163,016681,1.75,28.8335,21
26553,164,016698,1.75,27.7378,21
26829,165,016869,1.75,45.8057,21
26980,166,017003,1.75,30.0296,21
26994,167,016880,-1.75,-42.2486,21
27070,168,017071,23.9434,-5.25,21
27391,169,017239,1.75,41.6093,21
27676,170,017450,1.75,30.5207,21
27804,171,017481,1.75,19.4037,21
27979,172,017643,-1.75,-29.3817,21
28073,173,017575,5.25,21.6374,21
28159,174,017704,29.2464,-1.75,21
28211,175,017660,-1.75,-18.8412,21
28252,176,017714,-5.25,-27.0265,21
28266,177,017713,-1.75,-18.5604,21
28301,178,017784,28.7717,-1.75,21
28378,179,017879,-1.75,-46.5915,21
28384,180,017882,-5.25,-29.058,21
28397,181,017891,-1.75,-26.7503,21
28504,182,017911,-1.75,-27.6014,21
28507,183,017905,5.25,27.6878,21
28507,184,017914,-1.75,-23.1036,21
28529,185,017982,-1.75,-29.2627,21
28537,186,017988,-5.25,-28.6185,21
28543,187,017992,-5.25,-29.1049,21
28701,188,017941,18.8406,-5.25,21
28747,189,018126,29.8174,-5.25,21
28792,190,018096,1.75,25.794,21
28998,191,018234,27.5906,-5.25,21
29353,192,018343,-1.75,-29.2732,21
29803,193,018777,1.75,27.7312,21
29929,194,018857,-5.25,-29.495,21
30196,195,019029,-5.25,-28.0566,21
30250,196,019022,-34.5928,1.75,51
30633,197,019315,-5.25,-29.0673,21
30782,198,019424,-1.75,-49.2618,21
30883,199,019408,5.25,28.237,21
30899,200,019490,1.75,29.1015,21
30957,201,019479,29.7542,-1.75,21
31678,202,019973,29.9602,-5.25,21
32582,203,020520,5.25,29.5746,21
32788,204,020662,-39.1984,1.75,51
33286,205,020957,1.75,29.3523,21
34195,206,021529,-36.8865,1.75,51
34231,207,021337,1.75,18.8414,21
34238,208,021496,-1.75,-18.9975,21
34476,209,021689,27.5784,-5.25,21
34795,210,021836,1.75,23.0963,21
34824,211,021902,-1.75,-25.1617,21
35323,212,022222,28.0809,-1.75,21
35428,213,022161,-24.5497,1.75,51
35647,214,022276,-1.75,-20.7298,21
35655,215,022277,-5.25,-21.3909,21
35663,216,022423,5.25,29.5898,21
36280,217,022794,-58.4312,1.75,51
36408,218,022824,-24.9383,5.25,22
36413,219,022827,-31.2974,1.75,51
36447,220,022900,-35.1396,1.75,51
36449,221,022906,-55.5693,1.75,51
36515,222,022942,5.25,28.8643,21
36619,223,022958,1.75,25.7315,21
36852,224,023134,26.7932,-1.75,21
37178,225,023217,-1.75,-27.986,21
37887,226,023727,-5.25,-28.2392,21
37911,227,023788,-1.75,-94.1833,21
38365,228,023908,27.6727,-5.25,21
38431,229,024055,1.75,18.8406,21
38526,230,023922,18.2038,-1.75,21
38541,231,023990,25.2588,-5.25,21
38659,232,024193,29.768,-1.75,21
38659,233,024200,-25.7064,5.25,51
38713,234,024153,-5.25,-21.6364,21
38716,235,024155,-5.25,-23.6424,21
38851,236,024209,-1.75,-18.8414,21
38927,237,024342,-29.8675,5.25,51
38950,238,024425,29.3723,-1.75,21
39020,239,024469,1.75,30.6235,21
39271,240,024498,1.75,18.8408,21
39452,241,024743,1.75,29.6845,21
40060,242,025108,-49.5677,1.75,51
40123,243,025098,5.25,22.5233,21
40130,244,025159,-1.75,-94.1833,21
40140,245,025162,-5.25,-28.4387,21
40267,246,025157,5.25,28.9432,21
40576,247,025452,-1.75,-52.3674,21
41091,248,025650,1.75,14.6229,21
41130,249,025748,-5.25,-26.1822,21
41382,250,025927,5.25,27.1787,21
41386,251,025929,1.75,29.2005,21
41461,252,025974,-29.4286,5.25,22
41903,253,026316,28.6042,-1.75,21
41932,254,026265,1.75,19.5951,21
42651,255,026742,5.25,28.6429,21
42738,256,026861,-60.2612,1.75,51
42862,257,026926,-33.5218,1.75,51
42911,258,026906,5.25,18.7102,21
43332,259,027159,5.25,19.5064,21
43700,260,027340,-29.3569,1.75,51
43710,261,027436,-34.1119,1.75,51
43804,262,027487,1.75,33.7864,21
43923,263,027420,-5.25,-20.8542,21
44049,264,027590,1.75,28.8229,21
44051,265,027592,1.75,24.6409,21
44642,266,028021,-5.25,-29.9262,21
45175,267,028343,1.75,30.4364,21
45229,268,028327,18.8764,-1.75,21
45674,269,028649,71.1033,-1.75,21
45926,270,028752,22.7728,-1.75,21
46078,271,028815,-26.9785,5.25,51
46181,272,028988,1.75,31.9091,21
46278,273,028963,-5.25,-24.2111,21
46419,274,029083,5.25,23.3861,21
46485,275,029045,-25.3073,5.25,22
46701,276,029262,5.25,21.2052,21
46783,277,029311,29.192,-5.25,21
46903,278,029379,25.6591,-5.25,21
47539,279,029771,-1.75,-18.8475,21
47578,280,029845,5.25,29.4212,21
47850,281,030005,1.75,50.2775,21
47861,282,030011,1.75,31.4552,21
47917,283,030048,-36.7363,1.75,51
48137,284,030202,5.25,29.852,21
48161,285,030052,18.841,-5.25,21
48492,286,030447,34.2045,-1.75,21
48723,287,030455,21.6372,-1.75,21
48870,288,030629,-41.9721,1.75,51
49036,289,030774,28.6122,-1.75,21
49089,290,030753,-5.25,-21.6898,21
49226,291,030851,5.25,28.2603,21
49653,292,031076,1.75,29.4396,21
49724,293,031160,29.7621,-5.25,21
49891,294,031313,-55.0267,1.75,51
50349,295,031553,-1.75,-29.3031,21
50424,296,031601,26.9851,-1.75,21
50611,297,031726,5.25,18.8405,21
51045,298,031922,5.25,25.569,21
51122,299,032115,-29.86,5.25,51
51330,300,032111,1.75,26.3449,21
51345,301,032262,1.75,28.8398,21
51381,302,032124,-24.2981,1.75,51
51465,303,032280,-5.25,-28.0374,21
51530,304,032304,27.1966,-5.25,21
51764,305,032519,1.75,29.7362,21
51781,306,032530,1.75,33.1555,21
51957,307,032561,19.347,-1.75,21
52195,308,032791,-1.75,-73.1867,21
52224,309,032714,-34.2827,1.75,51
52247,310,032816,-31.4827,1.75,51
52300,311,032770,1.75,25.9848,21
52405,312,032938,30.2769,-1.75,21
52436,313,032892,-5.25,-23.7361,21
52451,314,032911,1.75,30.3803,21
52467,315,032981,5.25,26.6055,21
52814,316,033210,28.5865,-5.25,21
52880,317,033243,1.75,28.1407,21
53133,318,033160,-1.75,-21.6372,21
53296,319,033493,-1.75,-29.0403,21
53316,320,033451,1.75,28.614,21
53606,321,033693,1.75,29.8662,21
53870,322,033848,-1.75,-33.3437,21
54116,323,033953,5.25,23.7364,21
54209,324,034080,29.6273,-5.25,21
54299,325,034146,1.75,93.5311,21
54435,326,034218,-1.75,-30.2333,21
54437,327,034220,-1.75,-28.764,21
55238,328,034688,-1.75,-31.8927,21
55245,329,034692,-1.75,-26.2842,21
55273,330,034767,-5.25,-29.1791,21
55301,331,034648,18.8406,-5.25,21
55324,332,034803,-52.9674,1.75,51
55670,333,035015,-1.75,-77.4012,21
55839,334,035117,5.25,29.5536,21
55863,335,035079,-24.189,5.25,22
56011,336,035063,21.676,-1.75,21
56039,337,035243,27.9692,-1.75,21
56090,338,035187,-1.75,-29.9681,21
56222,339,035310,-1.75,-26.6232,21
56441,340,035506,-29.7537,1.75,51
56561,341,035539,-22.2658,5.25,22
56575,342,035547,-48.0793,1.75,51
56585,343,035611,-35.4753,1.75,51
56804,344,035649,5.25,24.7028,21
57412,345,036014,27.1577,-5.25,21
57439,346,036183,-28.9387,5.25,51
57490,347,036118,5.25,19.3944,21
57732,348,036355,32.4159,-1.75,21
57829,349,036361,26.7866,-5.25,21
58294,350,036698,94.1833,-1.75,21
58616,351,036830,1.75,22.5113,21
59054,352,037182,1.75,32.4608,21
59196,353,037261,1.75,32.4852,21
59644,354,037492,23.0812,-5.25,21
59661,355,037557,-36.8151,1.75,51
59760,356,037625,-1.75,-50.2558,21
59900,357,037712,-5.25,-29.3792,21
59967,358,037754,-36.8419,1.75,51
60071,359,037761,-24.2931,1.75,51
60243,360,037870,-23.5371,1.75,51
60304,361,037969,-5.25,-29.9745,21
60321,362,037990,-1.75,-30.5079,21
60589,363,038163,1.75,27.6386,21
60645,364,038154,30.3911,-1.75,21
60711,365,038188,1.75,26.9554,21
60772,366,038222,23.5958,-5.25,21
60833,367,038104,-5.25,-21.5001,21
61129,368,038443,5.25,28.1037,21
61160,369,038516,1.75,29.3879,21
61236,370,038484,-28.9488,1.75,51
62262,371,039216,-1.75,-28.9286,21
62548,372,039383,-1.75,-29.1193,21
62591,373,039360,24.4949,-1.75,21
63154,374,039621,24.1079,-1.75,21
63387,375,039917,-1.75,-29.5198,21
63562,376,039980,24.12,-5.25,21
63817,377,040194,-1.75,-29.8843,21
63824,378,040201,-5.25,-29.8385,21
64061,379,040293,-5.25,-19.7264,21
64196,380,040303,-1.75,-23.7366,21
64417,381,040507,-33.2185,1.75,51
64891,382,040708,1.75,14.6223,21
65185,383,040997,1.75,27.6018,21
65335,384,041152,1.75,29.069,21
65341,385,041156,5.25,29.1462,21
65733,386,041261,-1.75,-21.637,21
66291,387,041594,-1.75,-18.8412,21
66321,388,041755,5.25,28.373,21
66781,389,041913,-24.2983,1.75,51
66819,390,042058,28.9685,-1.75,21
66879,391,042101,-5.25,-29.4381,21
66892,392,042032,1.75,17.6444,21
67514,393,042366,18.4556,-1.75,21
67593,394,042556,5.25,27.8234,21
67781,395,042621,26.9945,-1.75,21
67802,396,042615,-26.1796,1.75,51
67838,397,042660,5.25,28.3588,21
67903,398,042695,21.6365,-5.25,21
68007,399,042815,-5.25,-29.3073,21
68266,400,042897,-1.75,-25.3559,21
68435,401,043082,1.75,77.408,21
68544,402,043015,-1.75,-24.4509,21
68811,403,043263,-5.25,-18.7102,21
68894,404,043313,19.3309,-1.75,21
69043,405,043411,29.1817,-1.75,21
69199,406,043563,48.2468,-1.75,21
69539,407,043778,1.75,65.5139,21
69634,408,043830,-36.5378,1.75,51
69691,409,043862,-1.75,-71.2551,21
69861,410,043919,-24.2973,1.75,51
69912,411,043995,52.3593,-1.75,21
70156,412,044110,-29.8598,5.25,51
70213,413,044149,-5.25,-22.0947,21
70491,414,044209,1.75,18.8408,21
70662,415,044466,-5.25,-29.7713,21
71237,416,044853,-1.75,-31.8419,21
71797,417,045199,1.75,28.2526,21
72101,418,045352,20.7494,-5.25,21
72470,419,045579,1.75,26.7432,21
72766,420,045667,-1.75,-17.4998,21
72778,421,045679,-1.75,-27.8887,21
72778,422,045824,5.25,18.989,21
72895,423,045905,-1.75,-29.5981,21
72944,424,045804,-25.7312,1.75,51
72947,425,045886,20.8427,-5.25,21
73098,426,045892,17.906,-1.75,21
73125,427,046045,43.2577,-1.75,21
73789,428,046411,24.3194,-1.75,21
73851,429,046284,-1.75,-26.5883,21
73858,430,046287,-5.25,-24.8428,21
74077,431,046584,-24.2975,1.75,51
74376,432,046832,28.657,-1.75,21
74496,433,046857,24.2078,-5.25,21
74560,434,046891,5.25,25.9999,21
74844,435,046993,-1.75,-23.8196,21
75120,436,047147,1.75,34.866,21
75229,437,047369,-36.8522,1.75,51
75407,438,047423,-1.75,-33.2799,21
75845,439,047744,5.25,27.8876,21
75965,440,047772,5.25,24.985,21
76198,441,047960,49.3299,-1.75,21
76274,442,048007,-5.25,-29.6661,21
76383,443,048025,-1.75,-27.6444,21
76392,444,048028,-1.75,-19.3923,21
76632,445,048248,-58.1628,1.75,51
76763,446,048327,30.2719,-1.75,21
76931,447,048292,-1.75,-18.5009,21
77041,448,048495,33.0608,-1.75,21
77043,449,048497,28.9072,-1.75,21
77235,450,048614,-1.75,-29.0312,21
77513,451,048734,1.75,25.4892,21
78228,452,049262,5.25,28.9155,21
78263,453,049022,21.637,-5.25,21
78369,454,049350,5.25,29.4092,21
78765,455,049541,5.25,28.2831,21
79032,456,049546,-1.75,-26.4126,21
79116,457,049671,29.6703,-1.75,21
79149,458,049835,29.437,-5.25,21
79386,459,049928,-27.2127,1.75,51
79395,460,049931,-27.5193,5.25,51
79626,461,050119,1.75,29.5295,21
79663,462,049993,22.5598,-5.25,21
80011,463,050301,-1.75,-18.841,21
80163,464,050389,-5.25,-28.5964,21
80196,465,050458,-5.25,-29.1644,21
80256,466,050496,29.7642,-1.75,21
80295,467,050468,-5.25,-28.8522,21
80318,468,050536,-5.25,-28.7448,21
80605,469,050662,1.75,29.3106,21
81029,470,050993,5.25,29.7082,21
81182,471,051088,-5.25,-28.6152,21
81438,472,051199,1.75,22.2173,21
81558,473,051272,5.25,24.8784,21
81590,474,051341,1.75,31.0015,21
81879,475,051527,-1.75,-29.7899,21
82004,476,051603,-5.25,-28.9072,21
82061,477,051635,-29.1905,1.75,51
82253,478,051699,1.75,21.6371,21
82465,479,051726,-27.1069,5.25,51
82566,480,051962,-5.25,-28.8811,21
82834,481,052082,1.75,27.1735,21
83113,482,052299,-1.75,-63.7724,21
83658,483,052576,1.75,32.4364,21
83793,484,052662,5.25,25.6201,21
83796,485,052663,1.75,23.7361,21
83864,486,052721,-28.1617,5.25,51
83909,487,052806,31.1354,-1.75,21
83914,488,052811,29.9538,-1.75,21
83938,489,052674,5.25,29.9096,21
84106,490,052927,1.75,48.1987,21
84454,491,053141,29.1976,-5.25,21
84527,492,053183,1.75,29.913,21
84791,493,053269,1.75,28.6189,21
84804,494,053350,5.25,29.9126,21
84848,495,053329,-29.9382,5.25,22
85053,496,053429,-1.75,-21.6368,21
85060,497,053430,-5.25,-19.6235,21
85299,498,053658,28.5722,-1.75,21
85342,499,053559,1.75,27.6447,21
85426,500,053683,24.8152,-5.25,21
85552,501,053768,29.4117,-5.25,21
85780,502,053788,1.75,24.8808,21
85783,503,053959,-5.25,-21.5462,21
85784,504,053867,5.25,27.9643,21
86253,505,054215,44.4496,-1.75,21
86315,506,054087,-1.75,-24.5955,21
