3,1,000003,-1.75,-80.8,21
362,2,000081,-1.75,-24.9611,21
435,3,000158,20.5509,-1.75,21
595,4,000386,31.1492,-1.75,21
785,5,000372,-1.75,-28.2154,21
863,6,000500,29.6906,-1.75,21
961,7,000605,-5.25,-28.9785,21
1012,8,000633,29.7109,-1.75,21
1017,9,000641,28.8838,-5.25,21
1123,10,000661,25.6593,-5.25,21
1540,11,000754,-17.0268,1.75,51
1550,12,000809,-20.1256,1.75,51
1594,13,001001,-56.9085,1.75,51
1622,14,000803,5.25,19.7396,21
1686,15,000976,23.7366,-1.75,21
1783,16,001110,-1.75,-28.8469,21
1796,17,001118,-5.25,-28.631,21
1799,18,001122,-1.75,-29.1518,21
1850,19,001155,-37.9418,1.75,51
1872,20,001096,26.901,-5.25,21
1960,21,001098,14.9712,-1.75,21
1969,22,001181,-44.9371,1.75,51
1979,23,001237,-35.3179,1.75,51
2017,24,001178,26.5845,-1.75,21
2038,25,001134,-1.75,-24.8142,21
2054,26,001236,-5.25,-27.3664,21
2058,27,001284,-5.25,-29.7486,21
2073,28,001301,-5.25,-29.1639,21
2101,29,001265,-24.2983,5.25,51
2245,30,001326,-25.9739,5.25,51
2252,31,001335,-32.9325,1.75,51
2412,32,001516,29.0646,-1.75,21
2434,33,001532,34.068,-1.75,21
2812,34,001713,-29.1531,5.25,22
2818,35,001687,27.7818,-5.25,21
2823,36,001693,27.8773,-1.75,21
3034,37,001836,-1.75,-29.1522,21
3050,38,001903,-1.75,-30.9394,21
3126,39,001966,-36.4026,1.75,51
3224,40,001979,-28.3325,1.75,51
3291,41,001921,-1.75,-18.841,21
3528,42,002205,29.0688,-5.25,21
3553,43,002227,32.4108,-1.75,21
3571,44,002085,5.25,18.8415,21
3685,45,002316,30.6903,-1.75,21
3760,46,002363,-5.25,-29.2397,21
4061,47,002495,18.8414,-1.75,21
4091,48,002509,28.948,-1.75,21
4159,49,002537,1.75,27.6978,21
4203,50,002587,21.6371,-5.25,21
4245,51,002590,18.7104,-1.75,21
4422,52,002640,5.25,21.6154,21
4460,53,002784,-1.75,-29.2536,21
4533,54,002828,-63.1684,1.75,51
4801,55,002983,22.5141,-1.75,21
4815,56,003004,28.4117,-1.75,21
4841,57,002957,-1.75,-28.0907,21
4863,58,002966,-5.25,-29.6742,21
4868,59,002964,-1.75,-18.8393,21
4884,60,003039,-1.75,-29.3745,21
5130,61,003160,1.75,29.1669,21
5164,62,003237,5.25,29.3502,21
5251,63,003242,5.25,20.7301,21
5405,64,003332,5.25,25.9579,21
5438,65,003402,1.75,30.5639,21
5533,66,003412,5.25,22.0945,21
5547,67,003421,5.25,26.5798,21
5565,68,003477,5.25,29.8058,21
5613,69,003453,22.1027,-5.25,21
5746,70,003536,23.7932,-1.75,21
5828,71,003507,-1.75,-28.7128,21
5896,72,003633,36.407,-1.75,21
5974,73,003687,-1.75,-26.8449,21
6107,74,003596,5.25,25.1924,21
6110,75,003591,1.75,16.2847,21
6212,76,003875,29.6658,-5.25,21
6258,77,003739,5.25,21.7832,21
6337,78,003945,-37.5812,1.75,51
6552,79,004071,-5.25,-29.956,21
6586,80,003941,23.7366,-1.75,21
6756,81,004201,-55.3861,1.75,51
6931,82,004184,5.25,18.8414,21
6948,83,004260,-5.25,-19.3952,21
6962,84,004334,1.75,31.7121,21
6964,85,004338,1.75,72.8997,21
7071,86,004262,-5.25,-18.8411,21
7144,87,004397,-26.213,5.25,22
7148,88,004400,-27.0805,1.75,51
7151,89,004313,29.9618,-5.25,21
7215,90,004434,1.75,24.3934,21
7245,91,004487,-1.75,-27.1414,21
7247,92,004489,-1.75,-28.1527,21
7362,93,004441,5.25,19.7397,21
7362,94,004511,-1.75,-36.7816,21
7380,95,004445,5.25,23.5285,21
7470,96,004639,-29.2154,1.75,22
7472,97,004642,-32.5334,1.75,51
7565,98,004651,-29.7158,1.75,51
7609,99,004736,-24.511,1.75,51
7927,100,004808,-1.75,-38.5136,21
7994,101,004920,27.8538,-5.25,21
8196,102,005044,-5.25,-24.9619,21
8229,103,005116,1.75,29.0783,21
8236,104,005122,1.75,29.4648,21
8267,105,005060,31.2335,-1.75,21
8293,106,005097,-29.9898,1.75,51
8518,107,005277,1.75,53.423,21
8552,108,005219,-28.4266,1.75,51
8640,109,005357,1.75,65.8332,21
8686,110,005335,23.7361,-1.75,21
8769,111,005352,-5.25,-28.1182,21
9012,112,005582,29.8395,-5.25,21
9213,113,005707,-5.25,-28.916,21
9283,114,005752,-56.0179,1.75,51
9310,115,005716,-5.25,-17.8684,21
9405,116,005771,29.0656,-1.75,21
9482,117,005820,1.75,27.117,21
9560,118,005934,-42.1087,1.75,51
9613,119,005907,5.25,23.8742,21
9676,120,005998,-68.0899,1.75,51
9706,121,006020,-57.3348,1.75,51
9710,122,005922,18.4973,-1.75,21
9808,123,006032,-29.0705,5.25,22
9889,124,006085,-5.25,-28.0681,21
9952,125,006006,22.3833,-5.25,21
9968,126,006187,-55.1979,1.75,51
10302,127,006228,-5.25,-25.2246,21
10387,128,006436,28.6811,-1.75,21
10431,129,006344,1.75,26.5892,21
10517,130,006474,28.5583,-5.25,21
10530,131,006536,-37.6998,1.75,51
10540,132,006547,-56.7839,1.75,51
10653,133,006538,28.8382,-1.75,21
10662,134,006553,26.7009,-1.75,21
10676,135,006621,28.2064,-5.25,21
10677,136,006625,50.6608,-1.75,21
10681,137,006626,28.5771,-5.25,21
10716,138,006428,-1.75,-23.7366,21
10746,139,006664,-1.75,-28.1034,21
10851,140,006681,-5.25,-18.6996,21
11021,141,006825,-5.25,-27.788,21
11029,142,006833,-1.75,-29.8599,21
11040,143,006841,-5.25,-28.5454,21
11092,144,006890,-36.9477,1.75,51
11098,145,006894,-61.5373,1.75,51
11107,146,006721,16.7481,-1.75,21
11200,147,006905,-17.0276,1.75,51
11216,148,006901,27.845,-1.75,21
11346,149,006992,23.4294,-5.25,21
11526,150,007163,-29.2066,5.25,51
11558,151,007130,-5.25,-24.8789,21
11701,152,007138,-1.75,-23.6776,21
11845,153,007239,1.75,21.6215,21
11995,154,007450,-5.25,-29.68,21
12023,155,007474,-1.75,-31.2981,21
12163,156,007562,-1.75,-29.9846,21
12261,157,007573,-5.25,-27.6031,21
12280,158,007584,-1.75,-26.7634,21
12304,159,007545,1.75,23.8432,21
12404,160,007646,1.75,27.5633,21
12462,161,007534,19.5944,-1.75,21
12475,162,007697,-24.616,1.75,51
12630,163,007835,29.0616,-5.25,21
12676,164,007735,1.75,23.7359,21
12679,165,007817,-1.75,-25.6517,21
12712,166,007880,5.25,29.3104,21
12751,167,007785,-26.8915,5.25,51
12770,168,007868,-24.9391,5.25,22
12962,169,007912,-1.75,-26.5753,21
12969,170,007973,-1.75,-29.8178,21
13070,171,008118,-34.6609,1.75,51
13099,172,008073,-5.25,-26.4465,21
13101,173,008072,-1.75,-22.7749,21
13171,174,008128,-29.8388,1.75,51
13235,175,008083,1.75,22.2195,21
13265,176,008234,5.25,29.9325,21
13371,177,008162,-5.25,-18.8415,21
13403,178,008313,-5.25,-29.2721,21
13460,179,008344,-51.9843,1.75,51
13466,180,008350,-36.9907,1.75,51
13525,181,008337,-1.75,-26.467,21
13619,182,008435,31.8993,-1.75,21
13674,183,008411,-5.25,-20.7927,21
13728,184,008448,-29.9897,5.25,51
13838,185,008582,1.75,30.8322,21
13902,186,008621,-48.9777,1.75,51
14234,187,008786,1.75,28.4371,21
14257,188,008823,-1.75,-28.3312,21
14320,189,008887,28.6097,-5.25,21
14449,190,008961,45.0751,-1.75,21
14778,191,009114,1.75,24.88,21
14876,192,009219,29.06,-5.25,21
14883,193,009225,22.4695,-5.25,21
14915,194,009195,5.25,28.5045,21
14921,195,009040,-1.75,-24.8526,21
14938,196,009259,-5.25,-29.6926,21
15058,197,009284,-1.75,-24.8139,21
15068,198,009286,-1.75,-17.4619,21
15160,199,009388,70.3372,-1.75,21
15168,200,009390,29.7531,-5.25,21
15192,201,009355,-5.25,-19.5951,21
15454,202,009565,-36.9168,1.75,51
15484,203,009529,5.25,27.8183,21
15613,204,009602,5.25,21.6373,21
15664,205,009699,-1.75,-32.1647,21
15758,206,009611,1.75,25.4905,21
15795,207,009784,1.75,52.7515,21
15940,208,009877,-1.75,-29.5186,21
15979,209,009851,27.5126,-5.25,21
16143,210,009934,27.9325,-5.25,21
16356,211,009978,5.25,29.8359,21
16429,212,010191,-38.8891,1.75,51
16521,213,010198,-24.2974,1.75,51
16525,214,010076,25.434,-1.75,21
16642,215,010321,1.75,31.6358,21
16661,216,010285,-24.2974,5.25,51
16758,217,010389,5.25,28.9781,21
16769,218,010398,1.75,29.6803,21
16812,219,010367,25.5414,-1.75,21
16826,220,010380,27.0633,-1.75,21
16924,221,010489,1.75,29.9797,21
17228,222,010616,-29.5131,5.25,22
17237,223,010621,-27.4092,5.25,51
17370,224,010542,19.3944,-5.25,21
17440,225,010649,-1.75,-26.7787,21
17465,226,010794,-1.75,-51.7179,21
17612,227,010887,5.25,29.711,21
17645,228,010776,-24.9959,5.25,51
17863,229,011004,5.25,28.5774,21
17867,230,011008,5.25,28.4396,21
18096,231,011192,-60.2484,1.75,51
18111,232,011200,-37.0311,1.75,51
18289,233,011253,1.75,29.4745,21
18361,234,011273,28.9768,-5.25,21
18425,235,011343,1.75,27.6401,21
18461,236,011423,5.25,28.7361,21
18487,237,011298,-30.3573,1.75,51
18559,238,011398,-5.25,-29.6065,21
18705,239,011532,-1.75,-29.9723,21
18909,240,011660,-33.1116,1.75,51
18917,241,011663,-25.9717,5.25,22
18925,242,011713,-31.0141,1.75,51
18992,243,011711,-5.25,-29.0536,21
19041,244,011747,18.8412,-5.25,21
19043,245,011751,25.6598,-5.25,21
19337,246,011931,-37.5918,1.75,51
19463,247,011905,21.7598,-5.25,21
19507,248,012088,29.2797,-5.25,21
19834,249,012305,-1.75,-29.8104,21
20053,250,012432,29.8127,-1.75,21
20192,251,012525,-55.584,1.75,51
20251,252,012481,-1.75,-29.5789,21
20263,253,012554,-1.75,-29.43,21
20300,254,012538,-17.027,1.75,51
20344,255,012610,46.3745,-1.75,21
20528,256,012666,1.75,26.1186,21
20537,257,012720,5.25,29.661,21
20543,258,012729,5.25,27.7056,21
20616,259,012775,26.8306,-1.75,21
20622,260,012780,28.7226,-1.75,21
20681,261,012814,1.75,70.6212,21
20767,262,012794,29.4334,-1.75,21
20866,263,012873,-28.9292,5.25,51
21052,264,013045,28.2773,-1.75,21
21141,265,013052,18.841,-1.75,21
21153,266,013059,26.1435,-1.75,21
21183,267,013126,29.2402,-5.25,21
21227,268,013096,-5.25,-27.5103,21
21231,269,013103,-5.25,-27.4311,21
21285,270,013139,22.2198,-5.25,21
21286,271,013138,23.7362,-1.75,21
21674,272,013409,-5.25,-29.4612,21
21789,273,013398,1.75,30.6177,21
21911,274,013424,-5.25,-18.8408,21
22086,275,013678,1.75,29.469,21
22121,276,013653,-20.8731,1.75,51
22126,277,013619,23.7227,-5.25,21
22191,278,013693,1.75,17.9347,21
22197,279,013572,-1.75,-17.2827,21
22208,280,013671,-5.25,-27.1562,21
22263,281,013743,26.3714,-5.25,21
22278,282,013725,-24.4786,1.75,51
22278,283,013747,19.934,-5.25,21
22335,284,013699,5.25,19.4429,21
22617,285,013953,1.75,24.279,21
22692,286,014011,26.4278,-1.75,21
22724,287,014082,33.9116,-1.75,21
22754,288,013926,-5.25,-20.8349,21
22756,289,013925,-1.75,-21.0588,21
23037,290,014240,5.25,19.483,21
23203,291,014390,-5.25,-24.8556,21
23324,292,014391,1.75,27.6015,21
23349,293,014406,5.25,20.0791,21
23353,294,014428,5.25,24.2999,21
23488,295,014577,1.75,29.2817,21
23616,296,014654,1.75,47.9673,21
23669,297,014637,26.1279,-1.75,21
23708,298,014712,29.5564,-5.25,21
23804,299,014691,-26.3006,5.25,22
23808,300,014721,23.0798,-1.75,21
23879,301,014775,1.75,24.9553,21
24031,302,014870,1.75,30.6349,21
24064,303,014933,5.25,29.8718,21
24151,304,014738,-1.75,-20.7496,21
24190,305,015004,1.75,26.8006,21
24192,306,014835,-1.75,-18.5661,21
24237,307,014989,-36.0784,1.75,51
24259,308,015054,-29.3371,5.25,51
24293,309,015021,5.25,21.6372,21
24308,310,015031,-5.25,-28.0224,21
24366,311,015059,29.4528,-1.75,21
24370,312,015079,-10.1542,1.75,22
24511,313,015129,27.157,-5.25,21
24578,314,015197,-5.25,-28.1139,21
24651,315,015246,28.3094,-1.75,21
24896,316,015434,1.75,32.2103,21
25106,317,015574,26.8661,-5.25,21
25277,318,015619,-1.75,-23.51,21
25308,319,015644,1.75,19.811,21
25314,320,015722,-5.25,-26.705,21
25376,321,015759,31.4655,-1.75,21
25385,322,015765,33.1772,-1.75,21
25418,323,015726,-1.75,-24.899,21
25446,324,015733,1.75,19.8531,21
25491,325,015703,-32.9692,1.75,51
25583,326,015889,-1.75,-28.9322,21
25715,327,015927,-5.25,-29.1396,21
25909,328,016036,20.5655,-1.75,21
25950,329,016119,-34.9811,1.75,51
25951,330,016041,18.3259,-1.75,21
25991,331,016057,-1.75,-28.9031,21
26043,332,016047,21.7599,-5.25,21
26150,333,016237,1.75,30.4639,21
26269,334,016262,1.75,30.1608,21
26284,335,016175,-5.25,-27.2978,21
26293,336,016327,1.75,78.1404,21
26400,337,016229,-1.75,-29.3915,21
26422,338,016407,-1.75,-27.5407,21
26553,339,016444,-1.75,-28.1281,21
26831,340,016608,-1.75,-29.698,21
26929,341,016730,31.0539,-1.75,21
26961,342,016699,-1.75,-25.6736,21
26980,343,016756,-5.25,-29.957,21
27033,344,016645,-26.0504,5.25,51
27062,345,016812,28.1453,-1.75,21
27185,346,016883,-58.1747,1.75,51
27395,347,017013,-5.25,-29.0837,21
27486,348,017053,-26.0108,5.25,51
27513,349,017036,-1.75,-21.637,21
27520,350,016954,5.25,26.4015,21
27600,351,017094,26.3114,-1.75,21
27603,352,017098,27.6319,-5.25,21
27624,353,017160,28.1454,-1.75,21
27672,354,017136,1.75,29.1007,21
27956,355,017350,5.25,28.4441,21
28030,356,017397,29.7044,-5.25,21
28032,357,017401,28.5283,-5.25,21
28232,358,017480,1.75,28.0221,21
28320,359,017584,-38.6921,1.75,51
28402,360,017624,-1.75,-34.0237,21
28437,361,017438,27.1601,-5.25,21
28491,362,017626,-5.25,-18.8414,21
28518,363,017689,5.25,29.8244,21
28638,364,017714,5.25,24.6962,21
28712,365,017730,-34.8514,1.75,51
28811,366,017867,5.25,29.3161,21
29062,367,017802,-5.25,-19.4093,21
29166,368,018017,19.5198,-1.75,21
29423,369,018185,24.594,-5.25,21
29439,370,018261,29.0554,-1.75,21
29692,371,018285,28.0553,-5.25,21
29794,372,018470,-5.25,-28.4576,21
29896,373,018484,-5.25,-26.3285,21
30047,374,018575,-1.75,-28.1365,21
30252,375,018660,-31.0993,1.75,51
30430,376,018852,-63.3157,1.75,51
30683,377,019002,-55.9838,1.75,51
31026,378,019150,-1.75,-28.5653,21
31053,379,019224,-1.75,-32.2335,21
31112,380,019269,-38.6577,1.75,51
31163,381,019154,5.25,28.6777,21
31250,382,019346,23.6205,-1.75,21
31252,383,019348,28.7267,-5.25,21
31431,384,019245,-5.25,-18.8414,21
31443,385,019254,-5.25,-22.8256,21
31454,386,019468,5.25,29.0723,21
31465,387,019486,1.75,29.4351,21
31532,388,019531,48.1712,-1.75,21
31598,389,019525,1.75,25.4384,21
31602,390,019563,1.75,25.6083,21
31688,391,019626,31.9424,-1.75,21
31740,392,019660,-1.75,-29.9707,21
31780,393,019466,-17.0278,1.75,51
31998,394,019776,5.25,24.8989,21
32112,395,019909,57.7678,-1.75,21
32277,396,019956,-1.75,-24.3608,21
32316,397,020035,5.25,29.4816,21
32458,398,020140,-1.75,-92.5783,21
32500,399,020106,-29.7222,5.25,51
32504,400,020160,-29.7461,1.75,51
32666,401,020270,-34.9047,1.75,51
32693,402,020056,1.75,21.6374,21
32832,403,020310,5.25,19.5949,21
32976,404,020242,-1.75,-23.7228,21
33006,405,020482,1.75,28.6213,21
33066,406,020453,18.7106,-1.75,21
33141,407,020568,-1.75,-46.1392,21
33148,408,020577,-1.75,-51.0018,21
33283,409,020663,5.25,29.448,21
33395,410,020599,-1.75,-24.5952,21
33406,411,020605,-1.75,-20.2406,21
33543,412,020788,-1.75,-23.7933,21
33576,413,020863,-1.75,-26.5443,21
33764,414,020935,29.4103,-5.25,21
33775,415,020996,29.4829,-5.25,21
33820,416,020880,1.75,25.9848,21
34518,417,021411,1.75,25.8156,21
34524,418,021415,1.75,27.1738,21
34530,419,021419,5.25,27.9665,21
34752,420,021611,26.8114,-1.75,21
34892,421,021699,29.2804,-5.25,21
34958,422,021740,1.75,29.1997,21
35030,423,021787,29.0947,-1.75,21
35036,424,021793,31.2005,-1.75,21
35117,425,021851,-1.75,-32.8769,21
35303,426,021958,-56.9773,1.75,51
35365,427,021945,1.75,28.3635,21
35397,428,022011,5.25,28.2993,21
35493,429,021953,-5.25,-21.6365,21
35504,430,022030,-1.75,-28.439,21
35712,431,022142,26.6234,-5.25,21
35817,432,022282,-5.25,-29.9576,21
36066,433,022378,-1.75,-27.7627,21
36099,434,022446,-1.75,-28.0412,21
36129,435,022413,-29.7603,1.75,51
36199,436,022385,1.75,21.0166,21
36261,437,022497,-20.8738,1.75,51
36271,438,022500,-26.6745,1.75,51
36343,439,022466,-1.75,-27.7175,21
36613,440,022552,1.75,25.6199,21
36621,441,022556,5.25,28.4492,21
36648,442,022781,1.75,27.694,21
36657,443,022798,1.75,29.7963,21
36719,444,022837,-56.7365,1.75,51
36725,445,022841,-35.102,1.75,51
36769,446,022816,5.25,29.5457,21
36797,447,022876,1.75,29.2142,21
36833,448,022768,26.8522,-1.75,21
36837,449,022823,28.3177,-1.75,21
37107,450,022950,-31.3742,1.75,51
37191,451,023078,-1.75,-28.9664,21
37311,452,023152,1.75,18.8414,21
37615,453,023392,1.75,30.4194,21
37669,454,023358,-29.6372,5.25,51
37967,455,023624,28.6009,-1.75,21
37974,456,023631,29.9031,-1.75,21
38199,457,023791,1.75,29.5889,21
38259,458,023828,-38.4883,1.75,51
38293,459,023616,-5.25,-25.5805,21
38606,460,024051,-1.75,-29.0785,21
38760,461,024149,1.75,74.8749,21
38870,462,024123,-5.25,-26.6033,21
39028,463,024312,5.25,29.1588,21
39031,464,024316,5.25,29.6458,21
39107,465,024367,54.9074,-1.75,21
39253,466,024463,-28.4655,5.25,51
39372,467,024531,-59.4811,1.75,51
39376,468,024387,28.6379,-5.25,21
39415,469,024422,5.25,22.2199,21
39510,470,024605,27.6133,-5.25,21
39718,471,024734,1.75,58.1086,21
39737,472,024745,1.75,25.7414,21
40147,473,025000,5.25,29.8157,21
40292,474,025097,1.75,30.5391,21
40347,475,025130,29.2465,-5.25,21
40391,476,025019,-1.75,-20.7488,21
40422,477,025170,-5.25,-29.411,21
40442,478,025166,1.75,28.2998,21
40476,479,025074,-27.7187,5.25,51
40500,480,025223,27.6827,-1.75,21
40531,481,025174,-1.75,-18.8405,21
40680,482,025278,-1.75,-26.0002,21
41180,483,025557,29.0938,-5.25,21
41325,484,025731,-37.0796,1.75,51
41372,485,025707,5.25,19.5946,21
41400,486,025776,-5.25,-29.4249,21
41471,487,025750,18.7096,-1.75,21
41549,488,025862,-1.75,-26.5847,21
41583,489,025761,21.7602,-5.25,21
41886,490,025992,22.233,-5.25,21
41903,491,026104,-40.3912,1.75,51
41908,492,026109,-55.4501,1.75,51
41933,493,025971,-5.25,-21.6372,21
42031,494,026180,-29.272,5.25,51
42035,495,026099,24.7792,-5.25,21
42234,496,026246,-5.25,-29.4698,21
42361,497,026330,5.25,26.4854,21
42525,498,026471,-5.25,-29.0376,21
42578,499,026511,-50.5271,1.75,51
42955,500,026751,-1.75,-26.954,21
43060,501,026680,5.25,26.0001,21
43068,502,026767,-1.75,-18.8108,21
43076,503,026773,5.25,29.9662,21
43214,504,026854,1.75,25.7792,21
43266,505,026873,-25.8774,5.25,22
43290,506,026900,22.2142,-5.25,21
43297,507,026906,24.9012,-5.25,21
43302,508,026911,29.0172,-1.75,21
43375,509,027012,-5.25,-29.6595,21
43581,510,027135,29.3118,-1.75,21
43700,511,027160,26.7097,-5.25,21
43765,512,027120,-1.75,-19.3514,21
43915,513,027341,5.25,29.6615,21
43965,514,027324,-27.1069,1.75,51
44038,515,027367,5.25,21.7705,21
44129,516,027385,19.3953,-5.25,21
44173,517,027371,5.25,25.1962,21
44186,518,027458,-1.75,-27.1365,21
44318,519,027537,-1.75,-25.4619,21
44336,520,027543,-1.75,-19.5264,21
44347,521,027604,5.25,24.6083,21
44349,522,027606,5.25,25.021,21
44402,523,027577,27.2403,-1.75,21
44451,524,027549,-1.75,-18.8404,21
44488,525,027691,-1.75,-39.8116,21
44620,526,027766,1.75,49.0464,21
44742,527,027714,-5.25,-27.2781,21
44757,528,027842,-5.25,-29.7756,21
44809,529,027754,26.2825,-1.75,21
44983,530,027989,94.1833,-1.75,21
45091,531,028000,-34.1745,1.75,51
45260,532,028162,29.2129,-1.75,21
45406,533,028264,29.5016,-5.25,21
45462,534,028228,1.75,26.2548,21
45478,535,028307,1.75,40.1455,21
45657,536,028375,29.0532,-5.25,21
45746,537,028490,1.75,29.4578,21
45827,538,028547,30.4777,-1.75,21
45891,539,028582,-1.75,-29.0063,21
45957,540,028622,29.8301,-1.75,21
46012,541,028611,-5.25,-26.1653,21
46030,542,028664,-1.75,-27.3427,21
46071,543,028644,22.7202,-1.75,21
46086,544,028695,28.0172,-5.25,21
46099,545,028706,29.1505,-1.75,21
46169,546,028685,-1.75,-27.2599,21
46298,547,028835,-1.75,-29.6985,21
46324,548,028859,-1.75,-54.4761,21
46359,549,028804,28.9184,-1.75,21
46493,550,028921,-29.5967,5.25,51
46496,551,028893,25.4725,-5.25,21
46597,552,029017,-1.75,-32.2004,21
46624,553,028989,-28.3333,1.75,51
46766,554,029064,-29.9751,5.25,51
46777,555,029127,-49.2909,1.75,51
46847,556,029097,-5.25,-29.1645,21
46877,557,029211,-1.75,-34.9007,21
46879,558,029215,-1.75,-53.7157,21
47020,559,029302,1.75,30.0362,21
47052,560,029246,-33.8986,1.75,51
47079,561,029343,-39.5303,1.75,51
47200,562,029281,29.4998,-1.75,21
47278,563,029454,5.25,28.5081,21
47332,564,029444,27.3513,-5.25,21
47397,565,029488,1.75,25.7168,21
47564,566,029660,1.75,29.1149,21
47616,567,029641,26.9147,-1.75,21
47627,568,029606,-26.4751,1.75,51
47630,569,029611,-29.6315,1.75,51
47682,570,029683,5.25,27.1577,21
47714,571,029686,1.75,17.5818,21
47790,572,029807,33.4551,-1.75,21
47919,573,029890,-56.2718,1.75,51
47985,574,029918,-5.25,-28.6125,21
48125,575,030009,-1.75,-44.4285,21
48128,576,030010,-5.25,-29.2993,21
48163,577,029989,-24.7102,5.25,51
48249,578,030035,-5.25,-29.5828,21
48251,579,030080,-1.75,-68.3482,21
48371,580,030101,-5.25,-18.8409,21
48479,581,030219,29.6419,-5.25,21
48492,582,030160,-24.7763,1.75,51
48541,583,030265,1.75,28.7898,21
48591,584,030242,21.1429,-5.25,21
48689,585,030352,5.25,28.6233,21
48696,586,030358,1.75,30.2183,21
48798,587,030196,-5.25,-24.899,21
48901,588,030410,-32.832,1.75,51
49082,589,030538,1.75,29.2348,21
49083,590,030541,5.25,28.5878,21
49371,591,030713,-1.75,-29.8557,21
49507,592,030812,-1.75,-28.9177,21
49509,593,030734,5.25,25.2368,21
49664,594,030957,1.75,29.1679,21
49678,595,030970,1.75,28.2133,21
49821,596,031058,1.75,54.6518,21
49911,597,030906,-5.25,-18.8409,21
49916,598,031065,1.75,23.7363,21
50024,599,031185,-57.9135,1.75,51
50099,600,031223,-5.25,-24.3846,21
50100,601,031151,5.25,22.8076,21
50201,602,031232,-5.25,-24.3942,21
50206,603,031239,1.75,26.1327,21
50209,604,031241,5.25,26.0846,21
50339,605,031334,-1.75,-22.3734,21
50370,606,031404,1.75,29.9464,21
50404,607,031379,-28.3328,1.75,51
50489,608,031428,5.25,29.2948,21
50500,609,031486,5.25,29.0101,21
50583,610,031545,-42.1226,1.75,51
50617,611,031514,5.25,25.5592,21
50632,612,031522,-5.25,-29.6836,21
50647,613,031579,-1.75,-31.6138,21
50690,614,031557,-23.4576,1.75,51
50734,615,031459,29.9826,-5.25,21
50897,616,031677,1.75,24.279,21
51007,617,031799,30.966,-1.75,21
51007,618,031798,29.0049,-5.25,21
51068,619,031843,-1.75,-31.6866,21
51220,620,031936,1.75,28.6464,21
51319,621,031949,1.75,25.8064,21
51322,622,031872,-5.25,-28.1102,21
51357,623,032030,-1.75,-28.858,21
51477,624,032115,-1.75,-29.5649,21
51501,625,032136,-1.75,-29.9374,21
51622,626,032207,-1.75,-28.4078,21
51691,627,032250,28.9779,-1.75,21
51693,628,032252,28.5101,-1.75,21
51751,629,032124,5.25,24.1762,21
51918,630,032400,1.75,31.4665,21
52052,631,032289,-1.75,-19.5518,21
52092,632,032342,36.6537,-1.75,21
52120,633,032518,28.4405,-1.75,21
52156,634,032380,-1.75,-23.736,21
52170,635,032496,1.75,26.6439,21
52252,636,032597,30.0964,-1.75,21
52311,637,032580,1.75,27.1797,21
52390,638,032700,29.5666,-5.25,21
52391,639,032699,28.1879,-1.75,21
52401,640,032709,31.5701,-1.75,21
52439,641,032668,1.75,24.2885,21
52504,642,032624,-28.333,1.75,51
52509,643,032628,-27.3137,1.75,51
52520,644,032728,25.9269,-5.25,21
52554,645,032802,50.81,-1.75,21
52654,646,032812,26.969,-1.75,21
52660,647,032819,26.5569,-1.75,21
52801,648,032904,29.5731,-1.75,21
52856,649,032856,-5.25,-23.7235,21
52891,650,033022,-1.75,-28.7448,21
52923,651,032998,21.6372,-5.25,21
53066,652,033094,-29.9607,1.75,51
53173,653,033205,1.75,29.9676,21
53206,654,033089,23.7136,-5.25,21
53210,655,033152,25.9769,-5.25,21
53276,656,033056,-1.75,-23.7364,21
53319,657,033305,1.75,29.063,21
53466,658,033389,1.75,29.6122,21
53481,659,033343,-24.2974,1.75,51
53566,660,033396,1.75,20.7415,21
53691,661,033295,-1.75,-18.8409,21
53693,662,033491,1.75,21.6365,21
53760,663,033419,-17.0266,1.75,51
53789,664,033452,-26.8276,5.25,51
53792,665,033593,29.9258,-5.25,21
53851,666,033586,1.75,28.1866,21
53855,667,033630,1.75,28.8733,21
54076,668,033761,28.6595,-1.75,21
54111,669,033662,5.25,18.8415,21
54133,670,033666,5.25,19.3953,21
54155,671,033814,-1.75,-72.2444,21
54283,672,033882,1.75,29.7676,21
54467,673,033949,-31.3539,1.75,51
54506,674,034026,27.2958,-1.75,21
54533,675,033978,5.25,21.6372,21
54537,676,033981,1.75,29.5808,21
54682,677,034087,-5.25,-26.6563,21
54811,678,034166,-1.75,-20.7486,21
54827,679,034174,-1.75,-26.7333,21
55040,680,034355,-38.651,1.75,51
55119,681,034403,5.25,29.5428,21
55327,682,034535,-32.155,1.75,51
55618,683,034707,30.8285,-1.75,21
55729,684,034728,25.7322,-5.25,21
55773,685,034815,-39.0283,1.75,51
55803,686,034779,-1.75,-28.8479,21
55828,687,034844,-1.75,-28.1119,21
55967,688,034940,-5.25,-29.6965,21
56027,689,034979,-35.3745,1.75,51
56071,690,034687,1.75,18.8415,21
56402,691,035210,-1.75,-31.8436,21
56491,692,035216,-1.75,-18.8409,21
56502,693,035135,1.75,27.2976,21
56519,694,035271,5.25,26.1352,21
56586,695,035319,29.3392,-1.75,21
56715,696,035349,25.5303,-5.25,21
56719,697,035264,-25.9766,1.75,51
56771,698,035316,5.25,18.7105,21
56860,699,035493,-35.8997,1.75,51
56992,700,035427,20.406,-5.25,21
57925,701,036142,-5.25,-29.2157,21
58013,702,035943,29.8453,-5.25,21
58065,703,036223,1.75,29.6013,21
58121,704,036209,26.9289,-5.25,21
