0,100,33,6,0,
0,200,87,8,0,
0,300,134,16,0,
0,400,173,38,0,
0,500,228,48,0,
0,600,293,53,0,
0,700,351,54,0,
0,800,377,84,0,
0,900,440,86,0,
0,1000,491,91,0,
0,1100,556,92,0,
0,1200,611,95,0,
0,1300,678,100,0,
0,1400,730,101,0,
0,1500,789,105,0,
0,1600,833,126,0,
0,1700,885,129,0,
0,1800,949,130,0,
0,1900,980,157,0,
0,2000,1019,179,0,
0,2100,1071,191,0,
0,2200,1139,199,0,
0,2300,1200,207,0,
0,2400,1252,210,0,
0,2500,1316,211,0,
0,2600,1339,243,0,
0,2700,1381,258,0,
0,2800,1430,267,0,
0,2900,1490,274,0,
0,3000,1524,304,0,
0,3100,1581,314,0,
0,3200,1632,335,0,
0,3300,1654,369,0,
0,3400,1713,372,3,
0,3500,1766,374,3,
0,3600,1827,378,3,
0,3700,1894,380,3,
0,3800,1947,387,3,
0,3900,2015,390,3,
0,4000,2063,397,3,
0,4100,2115,410,3,
0,4200,2171,411,3,
0,4300,2207,439,3,
0,4400,2238,468,3,
0,4500,2286,474,3,
0,4600,2327,495,3,
0,4700,2347,526,3,
0,4800,2403,548,3,
0,4900,2457,551,7,
0,5000,2496,584,7,
0,5100,2558,586,7,
0,5200,2607,596,7,
0,5300,2659,616,7,
0,5400,2680,646,7,
0,5500,2741,647,7,
0,5600,2798,648,7,
0,5700,2850,662,7,
0,5800,2907,671,7,
0,5900,2963,674,7,
0,6000,3028,675,7,
0,6100,3049,706,7,
0,6200,3111,709,7,
0,6300,3166,710,7,
0,6400,3197,738,7,
0,6500,3230,769,7,
0,6600,3283,771,7,
0,6700,3346,772,7,
0,6800,3377,804,7,
0,6900,3441,805,7,
0,7000,3496,810,7,
0,7100,3527,842,7,
0,7200,3555,873,7,
0,7300,3593,881,9,
0,7400,3660,890,9,
0,7500,3703,903,9,
0,7600,3772,920,9,
0,7700,3817,925,9,
0,7800,3847,958,9,
0,7900,3907,959,9,
0,8000,3962,962,9,
0,8100,4009,984,9,
0,8200,4037,1016,9,
0,8300,4094,1022,9,
0,8400,4132,1032,9,
0,8500,4185,1036,9,
0,8600,4246,1044,9,
0,8700,4297,1048,9,
0,8800,4368,1051,9,
0,8900,4419,1052,9,
0,9000,4474,1055,9,
0,9100,4531,1056,9,
0,9200,4564,1089,9,
0,9300,4591,1119,9,
0,9400,4653,1121,9,
0,9500,4727,1122,9,
0,9600,4760,1153,9,
0,9700,4797,1177,9,
0,9800,4846,1186,9,
0,9900,4874,1217,9,
0,10000,4908,1249,9,
0,10100,4962,1258,9,
0,10200,5003,1279,9,
0,10300,5030,1311,9,
0,10400,5094,1314,9,
0,10500,5148,1315,9,
0,10600,5191,1344,9,
0,10700,5247,1349,9,
0,10800,5299,1351,9,
0,10900,5353,1367,9,
0,11000,5374,1398,9,
0,11100,5430,1417,9,
0,11200,5482,1425,9,
0,11300,5533,1441,11,
0,11400,5590,1446,11,
0,11500,5642,1458,11,
0,11600,5700,1470,11,
0,11700,5755,1475,11,
0,11800,5797,1495,11,
0,11900,5845,1508,11,
0,12000,5876,1537,11,
0,12100,5933,1547,11,
0,12200,5977,1556,11,
0,12300,6019,1579,11,
0,12400,6040,1613,11,
0,12500,6097,1621,13,
0,12600,6140,1631,13,
0,12700,6195,1635,15,
0,12800,6245,1649,15,
0,12900,6291,1660,15,
0,13000,6335,1681,15,
0,13100,6365,1708,15,
0,13200,6416,1726,15,
0,13300,6461,1737,15,
0,13400,6498,1763,15,
0,13500,6525,1794,15,
0,13600,6580,1795,15,
0,13700,6644,1801,15,
0,13800,6703,1809,15,
0,13900,6753,1823,15,
0,14000,6799,1833,15,
0,14100,6854,1840,15,
0,14200,6889,1873,15,
0,14300,6949,1882,15,
0,14400,7008,1883,15,
0,14500,7061,1886,15,
0,14600,7121,1889,15,
0,14700,7173,1890,15,
0,14800,7229,1894,15,
0,14900,7286,1903,15,
0,15000,7340,1909,15,
0,15100,7376,1929,19,
0,15200,7428,1934,19,
0,15300,7467,1951,19,
0,15400,7511,1961,19,
0,15500,7547,1994,19,
0,15600,7609,2004,19,
0,15700,7666,2005,19,
0,15800,7726,2012,19,
0,15900,7778,2023,19,
0,16000,7839,2028,19,
0,16100,7894,2029,19,
0,16200,7939,2049,19,
0,16300,7964,2082,19,
0,16400,8017,2093,19,
0,16500,8055,2119,19,
0,16600,8085,2151,19,
0,16700,8130,2170,19,
0,16800,8186,2172,19,
0,16900,8251,2174,19,
0,17000,8308,2177,19,
0,17100,8350,2185,19,
0,17200,8384,2207,19,
0,17300,8411,2234,19,
0,17400,8448,2258,19,
0,17500,8497,2268,19,
0,17600,8556,2272,19,
0,17700,8603,2298,19,
0,17800,8654,2308,19,
0,17900,8696,2325,19,
0,18000,8741,2344,19,
0,18100,8778,2364,19,
0,18200,8821,2376,19,
0,18300,8855,2408,19,
0,18400,8922,2411,19,
0,18500,8972,2423,19,
0,18600,9022,2442,19,
0,18700,9072,2455,19,
0,18800,9119,2472,19,
0,18900,9166,2484,19,
0,19000,9214,2506,19,
0,19100,9282,2512,19,
0,19200,9326,2523,19,
0,19300,9371,2544,19,
0,19400,9396,2580,19,
0,19500,9455,2584,19,
0,19600,9514,2585,19,
0,19700,9555,2616,19,
0,19800,9615,2620,19,
0,19900,9668,2624,19,
0,20000,9729,2628,19,
0,20100,9781,2631,19,
0,20200,9822,2650,19,
0,20300,9871,2658,19,
0,20400,9927,2665,19,
0,20500,9984,2671,19,
0,20600,10040,2681,19,
0,20700,10096,2685,19,
0,20800,10121,2712,19,
0,20900,10163,2736,19,
0,21000,10215,2746,19,
0,21100,10274,2752,19,
0,21200,10335,2753,19,
0,21300,10385,2756,19,
0,21400,10446,2757,19,
0,21500,10491,2771,19,
0,21600,10533,2791,19,
0,21700,10578,2800,19,
0,21800,10634,2808,19,
0,21900,10691,2811,19,
0,22000,10754,2821,19,
0,22100,10798,2842,19,
0,22200,10846,2852,19,
0,22300,10892,2870,19,
0,22400,10930,2880,19,
0,22500,10990,2882,19,
0,22600,11054,2906,19,
0,22700,11110,2907,19,
0,22800,11172,2908,19,
0,22900,11206,2942,19,
0,23000,11266,2956,19,
0,23100,11314,2966,19,
0,23200,11378,2973,19,
0,23300,11434,2983,19,
0,23400,11488,2990,22,
0,23500,11526,3006,22,
0,23600,11578,3011,22,
0,23700,11640,3017,22,
0,23800,11700,3020,22,
0,23900,11764,3023,22,
0,24000,11793,3048,22,
0,24100,11844,3058,22,
0,24200,11889,3078,22,
0,24300,11927,3103,22,
0,24400,11968,3117,24,
0,24500,12015,3128,24,
0,24600,12076,3136,24,
0,24700,12132,3138,24,
0,24800,12183,3148,24,
0,24900,12222,3170,24,
0,25000,12247,3204,24,
0,25100,12311,3208,24,
0,25200,12382,3209,24,
0,25300,12418,3244,24,
0,25400,12479,3246,24,
0,25500,12536,3253,24,
0,25600,12589,3269,24,
0,25700,12610,3306,24,
0,25800,12657,3316,24,
0,25900,12710,3317,24,
0,26000,12750,3343,24,
0,26100,12782,3374,24,
0,26200,12837,3376,24,
0,26300,12901,3377,24,
0,26400,12951,3391,24,
0,26500,12998,3414,24,
0,26600,13041,3424,24,
0,26700,13071,3457,24,
0,26800,13129,3469,24,
0,26900,13190,3471,24,
0,27000,13251,3473,24,
0,27100,13307,3482,24,
0,27200,13348,3502,24,
0,27300,13393,3511,24,
0,27400,13435,3538,24,
0,27500,13487,3551,24,
0,27600,13537,3562,26,
0,27700,13597,3566,26,
0,27800,13617,3600,26,
0,27900,13657,3619,26,
0,28000,13704,3628,26,
0,28100,13763,3635,26,
0,28200,13789,3668,26,
0,28300,13836,3676,26,
0,28400,13875,3700,26,
0,28500,13926,3702,26,
0,28600,13985,3707,26,
0,28700,14042,3708,26,
0,28800,14075,3737,26,
0,28900,14131,3743,26,
0,29000,14188,3746,26,
0,29100,14257,3747,26,
0,29200,14284,3778,26,
0,29300,14323,3801,26,
0,29400,14370,3812,26,
0,29500,14423,3822,26,
0,29600,14451,3852,26,
0,29700,14508,3859,26,
0,29800,14551,3878,26,
0,29900,14577,3906,26,
0,30000,14637,3908,26,
0,30100,14696,3909,26,
0,30200,14754,3913,26,
0,30300,14784,3940,26,
0,30400,14834,3949,26,
0,30500,14868,3972,26,
0,30600,14898,3999,26,
0,30700,14944,4020,26,
0,30800,14990,4031,26,
0,30900,15013,4063,26,
0,31000,15068,4071,26,
0,31100,15123,4081,26,
0,31200,15164,4104,26,
0,31300,15215,4108,26,
0,31400,15274,4113,26,
0,31500,15338,4117,26,
0,31600,15405,4121,26,
0,31700,15466,4124,26,
0,31800,15521,4131,26,
0,31900,15575,4148,26,
0,32000,15605,4174,26,
0,32100,15673,4180,26,
0,32200,15730,4182,26,
0,32300,15788,4194,26,
0,32400,15846,4198,26,
0,32500,15908,4207,26,
0,32600,15954,4229,26,
0,32700,15974,4262,29,
0,32800,16030,4265,29,
0,32900,16081,4275,29,
0,33000,16142,4284,29,
0,33100,16179,4319,29,
0,33200,16236,4327,29,
0,33300,16299,4329,29,
0,33400,16338,4362,29,
0,33500,16399,4363,29,
0,33600,16461,4364,29,
0,33700,16523,4368,29,
0,33800,16589,4379,29,
0,33900,16645,4384,29,
0,34000,16704,4395,29,
0,34100,16732,4421,29,
0,34200,16787,4425,29,
0,34300,16846,4426,29,
0,34400,16880,4458,29,
0,34500,16908,4490,29,
0,34600,16962,4492,29,
0,34700,17031,4494,29,
0,34800,17088,4500,29,
0,34900,17160,4501,29,
0,35000,17218,4502,29,
0,35100,17275,4518,29,
0,35200,17302,4549,29,
0,35300,17349,4555,29,
0,35400,17392,4576,29,
0,35500,17445,4584,29,
0,35600,17492,4604,29,
0,35700,17543,4616,29,
0,35800,17574,4650,29,
0,35900,17602,4680,29,
0,36000,17649,4687,29,
0,36100,17692,4709,29,
0,36200,17714,4740,29,
0,36300,17769,4756,29,
0,36400,17815,4767,29,
0,36500,17852,4795,29,
0,36600,17886,4829,29,
0,36700,17934,4840,29,
0,36800,17972,4860,29,
0,36900,18026,4872,29,
0,37000,18091,4880,29,
0,37100,18142,4882,29,
0,37200,18200,4891,29,
0,37300,18257,4897,29,
0,37400,18314,4905,29,
0,37500,18377,4906,29,
0,37600,18427,4918,29,
0,37700,18473,4936,31,
0,37800,18520,4948,31,
0,37900,18583,4954,31,
0,38000,18639,4967,33,
0,38100,18691,4978,33,
0,38200,18736,4999,33,
0,38300,18755,5036,35,
0,38400,18802,5053,35,
0,38500,18854,5064,35,
0,38600,18917,5082,35,
0,38700,18943,5112,35,
0,38800,18995,5122,35,
0,38900,19042,5143,35,
0,39000,19089,5151,35,
0,39100,19152,5159,35,
0,39200,19208,5160,35,
0,39300,19244,5190,35,
0,39400,19274,5221,35,
0,39500,19326,5228,35,
0,39600,19391,5230,35,
0,39700,19408,5263,35,
0,39800,19480,5266,35,
0,39900,19534,5267,35,
0,40000,19567,5295,35,
0,40100,19592,5330,35,
0,40200,19653,5332,35,
0,40300,19719,5333,35,
0,40400,19769,5337,35,
0,40500,19828,5345,35,
0,40600,19888,5347,35,
0,40700,19952,5350,35,
0,40800,19987,5377,35,
0,40900,20034,5385,35,
0,41000,20089,5399,35,
0,41100,20111,5429,35,
0,41200,20175,5433,35,
0,41300,20231,5434,35,
0,41400,20274,5454,35,
0,41500,20315,5481,35,
0,41600,20369,5489,35,
0,41700,20411,5510,35,
0,41800,20434,5545,35,
0,41900,20486,5564,35,
0,42000,20532,5575,35,
0,42100,20585,5591,35,
0,42200,20613,5622,35,
0,42300,20665,5631,35,
0,42400,20709,5651,35,
0,42500,20754,5654,35,
0,42600,20802,5676,35,
0,42700,20852,5688,35,
0,42800,20886,5720,35,
0,42900,20942,5726,35,
0,43000,20999,5733,35,
0,43100,21070,5734,35,
0,43200,21116,5742,35,
0,43300,21168,5757,35,
0,43400,21229,5758,35,
0,43500,21253,5791,35,
0,43600,21308,5797,35,
0,43700,21362,5802,35,
0,43800,21423,5803,35,
0,43900,21451,5838,35,
0,44000,21498,5857,35,
0,44100,21543,5870,35,
0,44200,21586,5889,35,
0,44300,21615,5919,35,
0,44400,21672,5924,35,
0,44500,21726,5925,38,
0,44600,21783,5928,38,
0,44700,21822,5947,38,
0,44800,21870,5957,38,
0,44900,21926,5963,38,
0,45000,21988,5969,38,
0,45100,22038,5975,38,
0,45200,22103,5981,38,
0,45300,22155,5984,38,
0,45400,22214,5997,38,
0,45500,22277,5998,38,
0,45600,22327,6016,38,
0,45700,22382,6041,38,
0,45800,22436,6045,38,
0,45900,22494,6046,38,
0,46000,22547,6050,38,
0,46100,22613,6054,38,
0,46200,22667,6060,38,
0,46300,22703,6090,38,
0,46400,22745,6115,38,
0,46500,22788,6126,40,
0,46600,22827,6147,40,
0,46700,22865,6167,40,
0,46800,22933,6179,40,
0,46900,22989,6180,40,
0,47000,23049,6186,40,
0,47100,23076,6218,40,
0,47200,23143,6220,40,
0,47300,23210,6221,40,
0,47400,23247,6248,40,
0,47500,23316,6252,40,
0,47600,23378,6253,40,
0,47700,23425,6277,40,
0,47800,23489,6281,40,
0,47900,23532,6291,40,
0,48000,23573,6312,40,
0,48100,23602,6343,40,
0,48200,23642,6364,40,
0,48300,23683,6374,40,
0,48400,23713,6408,40,
0,48500,23775,6418,40,
0,48600,23829,6425,40,
0,48700,23870,6448,40,
0,48800,23886,6478,40,
0,48900,23944,6482,40,
0,49000,24001,6490,40,
0,49100,24042,6523,40,
0,49200,24075,6556,40,
0,49300,24134,6558,40,
0,49400,24200,6559,40,
0,49500,24222,6587,40,
0,49600,24265,6610,40,
0,49700,24310,6621,40,
0,49800,24346,6652,40,
0,49900,24379,6685,40,
0,50000,24428,6695,40,
0,50100,24472,6714,40,
0,50200,24519,6725,40,
0,50300,24570,6746,40,
0,50400,24620,6757,40,
0,50500,24659,6787,40,
0,50600,24686,6817,40,
0,50700,24738,6826,40,
0,50800,24778,6845,40,
0,50900,24834,6852,40,
0,51000,24900,6856,40,
0,51100,24959,6857,40,
0,51200,24986,6893,40,
0,51300,25054,6896,40,
0,51400,25123,6901,40,
0,51500,25182,6904,40,
0,51600,25206,6939,40,
0,51700,25268,6943,40,
0,51800,25327,6944,40,
0,51900,25363,6974,40,
0,52000,25391,7010,40,
0,52100,25450,7014,40,
0,52200,25514,7015,40,
0,52300,25561,7028,40,
0,52400,25634,7031,40,
0,52500,25692,7032,40,
0,52600,25749,7041,40,
0,52700,25795,7061,40,
0,52800,25852,7070,40,
0,52900,25923,7071,40,
0,53000,25961,7094,40,
0,53100,26000,7116,40,
0,53200,26059,7127,40,
0,53300,26116,7131,42,
0,53400,26162,7151,42,
0,53500,26212,7153,42,
0,53600,26279,7160,42,
0,53700,26338,7164,42,
0,53800,26396,7173,42,
0,53900,26454,7175,42,
0,54000,26482,7204,42,
0,54100,26536,7207,42,
0,54200,26584,7219,42,
0,54300,26619,7241,42,
0,54400,26640,7276,42,
0,54500,26693,7289,42,
0,54600,26750,7290,42,
0,54700,26789,7322,42,
0,54800,26821,7355,42,
0,54900,26873,7357,42,
0,55000,26936,7358,42,
0,55100,26961,7392,42,
0,55200,27013,7411,42,
0,55300,27055,7422,42,
0,55400,27100,7446,42,
0,55500,27154,7448,42,
0,55600,27202,7455,42,
0,55700,27268,7461,42,
0,55800,27295,7491,42,
0,55900,27362,7501,42,
0,56000,27420,7503,42,
0,56100,27458,7524,45,
0,56200,27490,7557,45,
0,56300,27538,7564,45,
0,56400,27602,7566,45,
0,56500,27632,7592,45,
0,56600,27698,7593,45,
0,56700,27758,7594,45,
0,56800,27799,7612,45,
0,56900,27834,7643,45,
0,57000,27886,7653,45,
0,57100,27924,7677,45,
0,57200,27951,7709,45,
0,57300,27994,7730,45,
0,57400,28035,7740,45,
0,57500,28099,7746,45,
0,57600,28132,7776,45,
0,57700,28184,7787,45,
0,57800,28223,7810,45,
0,57900,28240,7839,45,
0,58000,28286,7862,45,
0,58100,28331,7871,45,
