0,100,34,15,0,
0,200,96,19,0,
0,300,154,24,0,
0,400,220,29,0,
0,500,264,37,0,
0,600,325,47,0,
0,700,376,55,0,
0,800,404,89,0,
0,900,438,122,0,
0,1000,487,131,0,
0,1100,519,151,0,
0,1200,565,166,0,
0,1300,606,184,0,
0,1400,657,189,0,
0,1500,692,222,0,
0,1600,728,253,0,
0,1700,775,256,0,
0,1800,833,257,0,
0,1900,883,265,0,
0,2000,941,274,0,
0,2100,999,276,0,
0,2200,1042,297,0,
0,2300,1101,300,0,
0,2400,1149,306,0,
0,2500,1218,309,0,
0,2600,1238,348,0,
0,2700,1292,370,0,
0,2800,1336,382,0,
0,2900,1367,414,0,
0,3000,1392,442,0,
0,3100,1442,449,0,
0,3200,1501,460,0,
0,3300,1552,463,0,
0,3400,1616,465,0,
0,3500,1669,466,0,
0,3600,1697,495,0,
0,3700,1734,527,0,
0,3800,1786,536,0,
0,3900,1826,560,0,
0,4000,1883,567,0,
0,4100,1929,586,0,
0,4200,1971,597,0,
0,4300,2031,605,0,
0,4400,2057,635,0,
0,4500,2116,639,0,
0,4600,2180,645,0,
0,4700,2211,676,0,
0,4800,2267,681,0,
0,4900,2320,682,0,
0,5000,2355,714,0,
0,5100,2381,749,0,
0,5200,2433,761,0,
0,5300,2476,778,0,
0,5400,2497,812,0,
0,5500,2558,815,0,
0,5600,2619,816,0,
0,5700,2678,819,0,
0,5800,2711,845,0,
0,5900,2766,849,0,
0,6000,2831,850,0,
0,6100,2888,863,0,
0,6200,2949,872,0,
0,6300,3008,873,0,
0,6400,3043,901,0,
0,6500,3080,933,0,
0,6600,3130,941,0,
0,6700,3184,961,0,
0,6800,3206,990,0,
0,6900,3265,1000,0,
0,7000,3324,1001,0,
0,7100,3359,1027,0,
0,7200,3424,1032,0,
0,7300,3479,1040,0,
0,7400,3519,1059,0,
0,7500,3539,1090,0,
0,7600,3581,1114,0,
0,7700,3627,1125,0,
0,7800,3686,1128,0,
0,7900,3749,1134,0,
0,8000,3804,1139,0,
0,8100,3847,1161,0,
0,8200,3879,1187,0,
0,8300,3939,1193,0,
0,8400,3998,1194,0,
0,8500,4062,1200,0,
0,8600,4098,1231,0,
0,8700,4148,1241,0,
0,8800,4191,1265,0,
0,8900,4218,1293,0,
0,9000,4263,1317,0,
0,9100,4309,1326,0,
0,9200,4369,1330,0,
0,9300,4429,1334,0,
0,9400,4484,1342,0,
0,9500,4519,1367,0,
0,9600,4546,1399,0,
0,9700,4583,1419,0,
0,9800,4631,1432,0,
0,9900,4673,1460,0,
0,10000,4733,1470,0,
0,10100,4787,1481,0,
0,10200,4837,1500,0,
0,10300,4869,1524,0,
0,10400,4927,1532,0,
0,10500,4985,1534,0,
0,10600,5023,1560,0,
0,10700,5065,1588,0,
0,10800,5123,1589,0,
0,10900,5182,1590,0,
0,11000,5204,1621,0,
0,11100,5255,1643,0,
0,11200,5302,1656,0,
0,11300,5350,1686,0,
0,11400,5407,1689,0,
0,11500,5454,1697,2,
0,11600,5497,1715,2,
0,11700,5526,1749,2,
0,11800,5561,1771,2,
0,11900,5610,1781,2,
0,12000,5665,1784,2,
0,12100,5696,1815,2,
0,12200,5750,1819,2,
0,12300,5811,1830,2,
0,12400,5863,1834,2,
0,12500,5907,1853,2,
0,12600,5953,1860,2,
0,12700,6008,1878,2,
0,12800,6077,1886,2,
0,12900,6128,1895,2,
0,13000,6181,1914,2,
0,13100,6205,1940,2,
0,13200,6247,1962,2,
0,13300,6292,1972,2,
0,13400,6346,1983,2,
0,13500,6384,2009,2,
0,13600,6436,2018,2,
0,13700,6470,2043,2,
0,13800,6516,2060,2,
0,13900,6577,2068,2,
0,14000,6637,2070,2,
0,14100,6697,2075,2,
0,14200,6754,2085,2,
0,14300,6800,2094,2,
0,14400,6845,2112,2,
0,14500,6892,2119,2,
0,14600,6946,2122,2,
0,14700,7007,2123,2,
0,14800,7046,2156,2,
0,14900,7103,2170,2,
0,15000,7153,2174,2,
0,15100,7219,2175,2,
0,15200,7272,2183,2,
0,15300,7337,2191,2,
0,15400,7396,2192,2,
0,15500,7456,2197,2,
0,15600,7522,2206,2,
0,15700,7590,2210,2,
0,15800,7654,2212,2,
0,15900,7701,2217,2,
0,16000,7763,2219,2,
0,16100,7822,2223,2,
0,16200,7853,2256,2,
0,16300,7913,2259,2,
0,16400,7961,2270,2,
0,16500,8008,2292,2,
0,16600,8060,2301,2,
0,16700,8101,2324,2,
0,16800,8146,2333,2,
0,16900,8182,2365,2,
0,17000,8237,2373,2,
0,17100,8282,2382,2,
0,17200,8327,2407,2,
0,17300,8377,2420,2,
0,17400,8442,2428,2,
0,17500,8498,2430,2,
0,17600,8540,2462,2,
0,17700,8600,2468,2,
0,17800,8645,2480,2,
0,17900,8691,2499,2,
0,18000,8715,2528,2,
0,18100,8760,2550,2,
0,18200,8818,2556,2,
0,18300,8865,2582,2,
0,18400,8907,2613,2,
0,18500,8966,2619,2,
0,18600,9007,2641,2,
0,18700,9030,2668,2,
0,18800,9077,2689,2,
0,18900,9119,2700,2,
0,19000,9180,2716,2,
0,19100,9242,2720,2,
0,19200,9295,2729,2,
0,19300,9335,2753,2,
0,19400,9388,2773,2,
0,19500,9450,2781,2,
0,19600,9508,2782,2,
0,19700,9530,2814,2,
0,19800,9569,2844,2,
0,19900,9621,2854,2,
0,20000,9668,2878,2,
0,20100,9718,2884,2,
0,20200,9755,2904,2,
0,20300,9807,2913,2,
0,20400,9869,2919,2,
0,20500,9926,2934,2,
0,20600,9971,2944,2,
0,20700,10006,2965,2,
0,20800,10033,2995,2,
0,20900,10083,3017,2,
0,21000,10137,3030,2,
0,21100,10202,3036,2,
0,21200,10269,3040,2,
0,21300,10325,3051,2,
0,21400,10383,3058,2,
0,21500,10411,3089,2,
0,21600,10471,3097,2,
0,21700,10534,3098,2,
0,21800,10570,3127,2,
0,21900,10626,3129,2,
0,22000,10679,3139,2,
0,22100,10725,3162,2,
0,22200,10779,3173,2,
0,22300,10837,3178,2,
0,22400,10889,3179,2,
0,22500,10946,3194,2,
0,22600,10986,3227,2,
0,22700,11041,3239,2,
0,22800,11101,3247,4,
0,22900,11132,3281,4,
0,23000,11196,3286,4,
0,23100,11246,3288,4,
0,23200,11307,3291,4,
0,23300,11341,3323,4,
0,23400,11401,3331,4,
0,23500,11457,3351,4,
0,23600,11481,3380,4,
0,23700,11519,3403,4,
0,23800,11566,3415,4,
0,23900,11630,3418,4,
0,24000,11664,3447,4,
0,24100,11718,3455,4,
0,24200,11759,3475,4,
0,24300,11813,3487,4,
0,24400,11865,3506,4,
0,24500,11913,3514,4,
0,24600,11978,3515,4,
0,24700,12036,3520,4,
0,24800,12079,3530,4,
0,24900,12122,3557,4,
0,25000,12171,3563,4,
0,25100,12237,3565,4,
0,25200,12293,3566,4,
0,25300,12351,3570,4,
0,25400,12419,3578,4,
0,25500,12472,3580,4,
0,25600,12540,3581,4,
0,25700,12566,3613,4,
0,25800,12610,3636,4,
0,25900,12653,3648,4,
0,26000,12686,3680,4,
0,26100,12725,3705,4,
0,26200,12777,3711,4,
0,26300,12818,3733,4,
0,26400,12871,3753,4,
0,26500,12924,3772,4,
0,26600,12966,3783,4,
0,26700,12997,3819,4,
0,26800,13028,3849,4,
0,26900,13081,3851,4,
0,27000,13148,3852,4,
0,27100,13205,3858,4,
0,27200,13249,3879,4,
0,27300,13299,3888,4,
0,27400,13343,3914,4,
0,27500,13375,3947,4,
0,27600,13430,3956,4,
0,27700,13466,3981,4,
0,27800,13501,4004,4,
0,27900,13558,4009,4,
0,28000,13618,4010,4,
0,28100,13679,4012,4,
0,28200,13736,4014,4,
0,28300,13786,4018,6,
0,28400,13855,4020,6,
0,28500,13901,4039,6,
0,28600,13946,4062,6,
0,28700,13997,4071,6,
0,28800,14053,4079,6,
0,28900,14111,4085,6,
0,29000,14165,4096,6,
0,29100,14216,4111,6,
0,29200,14274,4117,6,
0,29300,14339,4120,6,
0,29400,14401,4121,6,
0,29500,14429,4148,6,
0,29600,14465,4171,6,
0,29700,14508,4181,6,
0,29800,14557,4199,6,
0,29900,14583,4229,6,
0,30000,14631,4253,6,
0,30100,14680,4266,6,
0,30200,14713,4303,6,
0,30300,14745,4336,6,
0,30400,14803,4345,6,
0,30500,14851,4363,6,
0,30600,14878,4392,6,
0,30700,14941,4395,6,
0,30800,15010,4396,6,
0,30900,15074,4401,6,
0,31000,15128,4412,6,
0,31100,15184,4415,6,
0,31200,15248,4417,6,
0,31300,15301,4420,6,
0,31400,15341,4445,6,
0,31500,15385,4452,6,
0,31600,15446,4458,6,
0,31700,15501,4472,6,
0,31800,15548,4485,6,
0,31900,15585,4506,6,
0,32000,15608,4540,6,
0,32100,15645,4562,6,
0,32200,15689,4569,6,
0,32300,15747,4575,6,
0,32400,15808,4581,6,
0,32500,15860,4591,6,
0,32600,15899,4615,6,
0,32700,15925,4646,6,
0,32800,15976,4669,6,
0,32900,16029,4680,6,
0,33000,16062,4710,6,
0,33100,16092,4739,6,
0,33200,16143,4742,6,
0,33300,16208,4743,6,
0,33400,16234,4774,6,
0,33500,16288,4779,6,
0,33600,16351,4780,6,
0,33700,16382,4813,6,
0,33800,16418,4842,6,
0,33900,16464,4854,6,
0,34000,16498,4879,6,
0,34100,16520,4912,6,
0,34200,16574,4933,6,
0,34300,16621,4943,6,
0,34400,16685,4945,6,
0,34500,16740,4951,6,
0,34600,16792,4958,6,
0,34700,16861,4959,6,
0,34800,16891,4988,6,
0,34900,16931,5010,6,
0,35000,16979,5022,6,
0,35100,17019,5057,6,
0,35200,17042,5089,6,
0,35300,17095,5091,6,
0,35400,17158,5092,6,
0,35500,17183,5119,6,
0,35600,17246,5122,6,
0,35700,17309,5123,6,
0,35800,17336,5158,6,
0,35900,17356,5193,6,
0,36000,17402,5203,6,
0,36100,17446,5220,6,
0,36200,17475,5250,6,
0,36300,17521,5272,6,
0,36400,17561,5285,6,
0,36500,17604,5314,6,
0,36600,17664,5317,6,
0,36700,17713,5326,6,
0,36800,17747,5348,6,
0,36900,17801,5355,6,
0,37000,17849,5376,6,
0,37100,17890,5387,6,
0,37200,17919,5420,6,
0,37300,17976,5424,6,
0,37400,18038,5429,6,
0,37500,18095,5430,6,
0,37600,18146,5437,6,
0,37700,18192,5457,6,
0,37800,18243,5468,6,
0,37900,18296,5472,6,
0,38000,18354,5475,6,
0,38100,18405,5483,6,
0,38200,18445,5505,6,
0,38300,18468,5539,6,
0,38400,18512,5563,6,
0,38500,18559,5574,6,
0,38600,18597,5603,6,
0,38700,18657,5612,6,
0,38800,18718,5618,6,
0,38900,18768,5620,9,
0,39000,18821,5630,9,
0,39100,18855,5654,9,
0,39200,18905,5662,9,
0,39300,18957,5667,12,
0,39400,18993,5701,12,
0,39500,19039,5711,12,
0,39600,19080,5729,12,
0,39700,19116,5755,12,
0,39800,19177,5758,12,
0,39900,19235,5759,12,
0,40000,19296,5764,12,
0,40100,19329,5796,12,
0,40200,19385,5805,12,
0,40300,19449,5809,12,
0,40400,19504,5810,12,
0,40500,19553,5831,12,
0,40600,19613,5832,12,
0,40700,19686,5841,12,
0,40800,19745,5845,12,
0,40900,19793,5849,12,
0,41000,19862,5852,12,
0,41100,19919,5862,12,
0,41200,19987,5863,12,
0,41300,20043,5864,12,
0,41400,20072,5896,12,
0,41500,20132,5905,12,
0,41600,20190,5915,12,
0,41700,20237,5932,12,
0,41800,20287,5941,12,
0,41900,20355,5945,12,
0,42000,20408,5946,14,
0,42100,20466,5955,14,
0,42200,20511,5972,14,
0,42300,20566,5980,14,
0,42400,20615,6003,14,
0,42500,20665,6010,14,
0,42600,20720,6033,14,
0,42700,20763,6041,14,
0,42800,20792,6076,14,
0,42900,20818,6109,14,
0,43000,20866,6118,14,
0,43100,20912,6139,14,
0,43200,20950,6166,14,
0,43300,20984,6186,14,
0,43400,21039,6196,14,
0,43500,21093,6202,14,
0,43600,21151,6205,14,
0,43700,21201,6214,14,
0,43800,21238,6236,14,
0,43900,21288,6248,14,
0,44000,21345,6252,14,
0,44100,21403,6253,14,
0,44200,21463,6256,14,
0,44300,21520,6259,14,
0,44400,21579,6263,14,
0,44500,21647,6264,14,
0,44600,21703,6271,14,
0,44700,21766,6273,14,
0,44800,21822,6274,14,
0,44900,21862,6303,14,
0,45000,21899,6327,14,
0,45100,21949,6336,14,
0,45200,22004,6345,14,
0,45300,22024,6375,14,
0,45400,22082,6379,14,
0,45500,22133,6380,14,
0,45600,22169,6412,14,
0,45700,22228,6422,14,
0,45800,22293,6424,14,
0,45900,22356,6426,14,
0,46000,22413,6430,14,
0,46100,22478,6437,14,
0,46200,22548,6438,14,
0,46300,22576,6475,14,
0,46400,22630,6480,14,
0,46500,22682,6488,14,
0,46600,22731,6508,14,
0,46700,22782,6510,14,
0,46800,22846,6513,14,
0,46900,22904,6515,14,
0,47000,22934,6546,14,
0,47100,22966,6580,14,
0,47200,23010,6592,14,
0,47300,23046,6616,14,
0,47400,23094,6629,14,
0,47500,23136,6647,14,
0,47600,23193,6651,14,
0,47700,23225,6680,14,
0,47800,23252,6713,14,
0,47900,23309,6723,14,
0,48000,23361,6748,14,
0,48100,23380,6779,14,
0,48200,23433,6803,14,
0,48300,23490,6813,14,
0,48400,23536,6843,14,
0,48500,23596,6848,14,
0,48600,23646,6859,14,
0,48700,23679,6885,14,
0,48800,23703,6915,14,
0,48900,23739,6939,14,
0,49000,23791,6951,14,
0,49100,23855,6956,14,
0,49200,23885,6987,14,
0,49300,23951,6990,14,
0,49400,23990,7011,14,
0,49500,24014,7044,14,
0,49600,24063,7065,14,
0,49700,24112,7076,14,
0,49800,24171,7079,14,
0,49900,24199,7110,14,
0,50000,24249,7119,14,
0,50100,24306,7133,14,
0,50200,24355,7145,14,
0,50300,24401,7166,14,
0,50400,24456,7174,14,
0,50500,24519,7178,14,
0,50600,24561,7207,14,
0,50700,24615,7212,14,
0,50800,24682,7213,14,
0,50900,24741,7229,14,
0,51000,24802,7229,14,
0,51100,24861,7232,14,
0,51200,24921,7244,14,
0,51300,24987,7245,14,
0,51400,25040,7249,16,
0,51500,25081,7270,16,
0,51600,25132,7275,16,
0,51700,25191,7276,16,
0,51800,25248,7277,16,
0,51900,25290,7308,16,
0,52000,25332,7331,16,
0,52100,25378,7338,16,
0,52200,25450,7339,16,
0,52300,25493,7362,16,
0,52400,25559,7370,16,
0,52500,25626,7371,16,
0,52600,25662,7401,16,
0,52700,25722,7406,16,
0,52800,25778,7409,16,
0,52900,25846,7410,16,
0,53000,25872,7444,16,
0,53100,25911,7465,16,
0,53200,25961,7476,16,
0,53300,26017,7480,16,
0,53400,26084,7486,16,
0,53500,26130,7496,16,
0,53600,26166,7517,16,
0,53700,26187,7548,16,
0,53800,26247,7561,16,
0,53900,26286,7571,16,
0,54000,26346,7581,16,
0,54100,26388,7610,16,
0,54200,26451,7619,16,
0,54300,26516,7621,16,
0,54400,26539,7654,16,
0,54500,26586,7668,16,
0,54600,26645,7669,16,
0,54700,26678,7700,16,
0,54800,26721,7728,16,
0,54900,26777,7734,16,
0,55000,26820,7759,16,
0,55100,26875,7773,16,
0,55200,26921,7797,16,
0,55300,26972,7807,18,
0,55400,27002,7838,18,
0,55500,27042,7868,18,
0,55600,27093,7878,18,
0,55700,27130,7898,18,
0,55800,27151,7927,18,
0,55900,27196,7953,18,
0,56000,27244,7967,18,
0,56100,27298,7974,18,
0,56200,27340,8005,18,
0,56300,27398,8007,18,
0,56400,27468,8008,18,
0,56500,27504,8040,18,
0,56600,27555,8060,18,
0,56700,27606,8067,18,
0,56800,27645,8093,18,
0,56900,27709,8109,18,
0,57000,27760,8121,18,
0,57100,27807,8142,18,
0,57200,27860,8147,18,
0,57300,27910,8170,18,
0,57400,27958,8181,18,
0,57500,28008,8215,18,
0,57600,28067,8221,18,
0,57700,28112,8222,18,
0,57800,28171,8223,18,
0,57900,28200,8247,18,
0,58000,28237,8269,18,
0,58100,28290,8278,18,
0,58200,28345,8284,18,
0,58300,28407,8287,18,
0,58400,28459,8296,18,
0,58500,28502,8314,18,
0,58600,28552,8317,18,
0,58700,28613,8324,20,
0,58800,28671,8326,20,
0,58900,28734,8337,20,
0,59000,28769,8370,20,
0,59100,28822,8380,20,
0,59200,28863,8400,20,
0,59300,28915,8405,20,
0,59400,28958,8426,20,
0,59500,29011,8435,20,
0,59600,29065,8450,20,
0,59700,29101,8480,20,
0,59800,29156,8485,20,
0,59900,29220,8487,20,
0,60000,29247,8517,20,
0,60100,29295,8536,20,
0,60200,29347,8547,20,
0,60300,29399,8562,22,
0,60400,29467,8566,22,
0,60500,29526,8570,22,
0,60600,29578,8588,22,
0,60700,29630,8592,22,
0,60800,29693,8593,22,
0,60900,29752,8600,22,
0,61000,29776,8631,22,
0,61100,29840,8635,22,
0,61200,29898,8641,22,
0,61300,29959,8645,22,
0,61400,29982,8674,22,
0,61500,30049,8676,22,
0,61600,30108,8677,22,
0,61700,30173,8685,22,
0,61800,30209,8710,22,
0,61900,30259,8722,22,
0,62000,30301,8742,22,
0,62100,30319,8777,22,
0,62200,30372,8798,22,
0,62300,30420,8810,22,
0,62400,30483,8815,22,
0,62500,30538,8817,22,
0,62600,30589,8823,22,
0,62700,30626,8847,22,
0,62800,30679,8854,22,
0,62900,30727,8872,22,
0,63000,30776,8884,22,
0,63100,30807,8917,22,
0,63200,30865,8928,22,
0,63300,30924,8935,22,
0,63400,30991,8936,22,
0,63500,31044,8939,22,
0,63600,31113,8941,22,
0,63700,31166,8947,22,
0,63800,31226,8951,22,
0,63900,31259,8982,22,
0,64000,31310,8991,22,
0,64100,31359,9013,22,
0,64200,31389,9038,22,
0,64300,31456,9042,22,
0,64400,31509,9043,22,
0,64500,31540,9076,22,
0,64600,31594,9084,22,
0,64700,31656,9089,22,
0,64800,31718,9090,22,
0,64900,31745,9123,22,
0,65000,31797,9137,22,
0,65100,31842,9147,22,
0,65200,31883,9178,22,
0,65300,31936,9202,22,
0,65400,31988,9203,22,
0,65500,32047,9204,22,
0,65600,32075,9233,22,
0,65700,32133,9237,22,
0,65800,32195,9238,22,
0,65900,32227,9268,22,
0,66000,32272,9291,22,
0,66100,32321,9302,22,
0,66200,32363,9325,22,
0,66300,32416,9329,22,
0,66400,32455,9351,22,
0,66500,32498,9361,22,
0,66600,32537,9386,22,
0,66700,32595,9399,22,
0,66800,32638,9404,24,
0,66900,32702,9414,24,
0,67000,32743,9428,24,
0,67100,32793,9450,24,
0,67200,32849,9460,24,
0,67300,32910,9467,24,
0,67400,32943,9497,24,
0,67500,32992,9506,24,
0,67600,33035,9525,24,
0,67700,33067,9555,24,
0,67800,33126,9558,24,
0,67900,33178,9564,24,
0,68000,33214,9597,24,
0,68100,33248,9627,24,
0,68200,33300,9635,24,
0,68300,33339,9659,24,
0,68400,33392,9661,24,
0,68500,33440,9680,24,
0,68600,33484,9690,24,
0,68700,33547,9696,24,
0,68800,33607,9702,24,
0,68900,33660,9707,24,
0,69000,33712,9724,24,
0,69100,33764,9729,24,
0,69200,33831,9737,24,
0,69300,33893,9738,24,
0,69400,33953,9740,24,
0,69500,34009,9742,24,
0,69600,34055,9753,24,
0,69700,34092,9775,24,
0,69800,34116,9809,24,
0,69900,34180,9814,24,
0,70000,34233,9816,24,
0,70100,34283,9845,24,
0,70200,34322,9877,24,
0,70300,34364,9887,24,
0,70400,34407,9908,24,
0,70500,34457,9913,24,
0,70600,34500,9935,24,
0,70700,34559,9943,24,
0,70800,34585,9974,24,
0,70900,34617,10004,24,
0,71000,34667,10013,24,
0,71100,34715,10040,24,
0,71200,34751,10071,24,
0,71300,34802,10092,24,
0,71400,34852,10103,24,
0,71500,34889,10132,24,
0,71600,34948,10138,24,
0,71700,34996,10140,24,
0,71800,35069,10141,24,
0,71900,35092,10167,24,
0,72000,35164,10173,24,
0,72100,35227,10174,24,
0,72200,35289,10177,24,
0,72300,35324,10203,24,
0,72400,35379,10205,24,
0,72500,35457,10206,24,
0,72600,35494,10231,24,
0,72700,35529,10257,24,
0,72800,35575,10270,26,
0,72900,35638,10273,26,
0,73000,35668,10305,26,
0,73100,35716,10314,26,
0,73200,35778,10318,26,
0,73300,35802,10353,26,
0,73400,35842,10377,26,
0,73500,35886,10390,26,
0,73600,35933,10411,26,
0,73700,35991,10418,26,
0,73800,36044,10423,26,
0,73900,36110,10425,26,
0,74000,36133,10459,26,
0,74100,36193,10467,26,
0,74200,36250,10469,26,
0,74300,36287,10499,26,
0,74400,36351,10503,26,
0,74500,36404,10511,26,
0,74600,36469,10512,26,
0,74700,36494,10542,26,
0,74800,36530,10564,26,
0,74900,36579,10575,26,
0,75000,36637,10579,26,
0,75100,36679,10611,26,
0,75200,36734,10619,26,
0,75300,36774,10647,26,
0,75400,36824,10654,26,
0,75500,36870,10679,26,
0,75600,36916,10686,26,
0,75700,36974,10689,26,
0,75800,37036,10693,26,
0,75900,37086,10702,26,
0,76000,37127,10726,26,
0,76100,37179,10728,26,
0,76200,37244,10732,26,
0,76300,37300,10733,26,
0,76400,37370,10740,26,
0,76500,37424,10742,29,
0,76600,37481,10750,29,
0,76700,37521,10771,29,
0,76800,37571,10779,29,
0,76900,37635,10783,29,
0,77000,37684,10785,31,
0,77100,37742,10791,31,
0,77200,37803,10798,31,
0,77300,37860,10804,31,
0,77400,37918,10806,31,
0,77500,37944,10837,31,
0,77600,38015,10840,31,
0,77700,38077,10841,31,
0,77800,38142,10843,31,
0,77900,38178,10878,31,
0,78000,38225,10888,31,
0,78100,38272,10915,31,
0,78200,38300,10949,31,
0,78300,38362,10954,31,
0,78400,38419,10955,31,
0,78500,38473,10959,31,
0,78600,38534,10962,31,
0,78700,38582,10973,31,
0,78800,38619,10993,31,
0,78900,38650,11022,31,
0,79000,38694,11042,31,
0,79100,38745,11054,31,
0,79200,38811,11059,31,
0,79300,38841,11090,31,
0,79400,38891,11095,31,
0,79500,38936,11118,31,
0,79600,38957,11151,31,
0,79700,38993,11172,31,
0,79800,39038,11182,31,
0,79900,39072,11211,31,
0,80000,39132,11217,31,
0,80100,39185,11221,31,
0,80200,39249,11222,31,
0,80300,39303,11233,31,
0,80400,39347,11255,31,
0,80500,39393,11264,31,
0,80600,39424,11297,31,
0,80700,39460,11321,31,
0,80800,39518,11325,31,
0,80900,39587,11326,31,
0,81000,39640,11329,31,
0,81100,39697,11347,31,
0,81200,39744,11357,31,
0,81300,39772,11392,31,
0,81400,39831,11399,31,
0,81500,39884,11410,31,
0,81600,39920,11435,31,
0,81700,39949,11461,31,
0,81800,40017,11470,31,
0,81900,40078,11471,31,
0,82000,40110,11502,31,
0,82100,40141,11531,31,
0,82200,40193,11538,31,
0,82300,40264,11540,31,
0,82400,40322,11543,31,
0,82500,40371,11562,31,
0,82600,40422,11571,31,
0,82700,40455,11602,31,
0,82800,40481,11634,31,
0,82900,40543,11643,31,
0,83000,40579,11665,31,
0,83100,40610,11695,31,
0,83200,40656,11716,31,
0,83300,40707,11726,31,
0,83400,40764,11728,31,
0,83500,40791,11760,31,
0,83600,40837,11765,31,
0,83700,40900,11766,31,
0,83800,40931,11795,31,
0,83900,40997,11807,31,
0,84000,41060,11808,31,
0,84100,41093,11837,31,
0,84200,41156,11839,31,
0,84300,41220,11841,31,
0,84400,41274,11850,31,
0,84500,41323,11856,31,
0,84600,41358,11877,31,
0,84700,41407,11888,31,
0,84800,41436,11923,31,
0,84900,41471,11951,31,
0,85000,41525,11964,31,
0,85100,41561,11984,33,
0,85200,41582,12015,33,
0,85300,41650,12018,33,
0,85400,41707,12019,33,
0,85500,41760,12034,33,
0,85600,41796,12065,33,
0,85700,41853,12071,33,
0,85800,41898,12095,33,
0,85900,41925,12128,33,
0,86000,41985,12134,33,
0,86100,42036,12135,33,
0,86200,42101,12139,33,
0,86300,42164,12148,33,
0,86400,42218,12155,33,
