47,1,000049,32.6341,-1.75,21
71,2,000016,5.25,18.8416,21
170,3,000064,-25.4919,5.25,51
170,4,000133,28.4168,-1.75,21
172,5,000136,29.9162,-1.75,21
186,6,000153,30.8276,-1.75,21
186,7,000152,28.7806,-5.25,21
190,8,000157,29.3616,-5.25,21
213,9,000051,5.25,21.6372,21
220,10,000114,-1.75,-25.6603,21
225,11,000117,-5.25,-29.4728,21
292,12,000171,27.8035,-1.75,21
352,13,000203,-5.25,-19.5953,21
504,14,000176,5.25,27.1014,21
630,15,000289,-1.75,-14.9937,21
679,16,000448,5.25,28.9709,21
681,17,000450,5.25,28.5493,21
684,18,000455,1.75,28.4463,21
786,19,000468,1.75,27.0679,21
918,20,000546,1.75,23.2577,21
922,21,000548,5.25,27.0986,21
1123,22,000665,21.6367,-5.25,21
1171,23,000768,-59.239,1.75,51
1347,24,000785,-1.75,-26.8461,21
1358,25,000820,5.25,25.7608,21
1374,26,000876,5.25,22.2188,21
1493,27,000919,-5.25,-28.9753,21
1611,28,000997,-5.25,-17.6653,21
1652,29,001073,-1.75,-48.2443,21
1698,30,001052,26.1557,-1.75,21
1704,31,001058,25.3804,-5.25,21
1720,32,001119,-35.6465,1.75,51
1827,33,001136,-25.5806,5.25,51
1831,34,001117,26.5532,-1.75,21
2041,35,001277,5.25,26.9544,21
2105,36,001234,20.1536,-1.75,21
2114,37,001291,26.2635,-1.75,21
2153,38,001394,31.2236,-1.75,21
2251,39,001408,25.6035,-1.75,21
2493,40,001614,1.75,31.0289,21
2520,41,001574,-26.8902,1.75,51
2523,42,001492,21.6371,-5.25,21
2603,43,001625,5.25,21.1373,21
2635,44,001691,-1.75,-31.315,21
2663,45,001560,21.6374,-1.75,21
2674,46,001672,-29.9136,1.75,51
2764,47,001770,1.75,28.6776,21
2813,48,001759,-34.7678,1.75,51
2815,49,001740,29.219,-5.25,21
2834,50,001823,26.5236,-1.75,21
2838,51,001829,26.5617,-1.75,21
2849,52,001838,28.2533,-1.75,21
2878,53,001792,1.75,25.481,21
2880,54,001710,-5.25,-19.5618,21
2947,55,001851,24.2761,-1.75,21
2949,56,001854,36.7011,-1.75,21
2980,57,001824,-25.7743,1.75,51
3060,58,001895,1.75,17.6873,21
3169,59,001998,-5.25,-25.835,21
3191,60,002070,-1.75,-29.336,21
3308,61,002101,-5.25,-23.0642,21
3415,62,002217,-28.9768,1.75,51
3444,63,002181,-5.25,-26.1532,21
3456,64,002236,5.25,29.5739,21
3617,65,002318,-5.25,-21.8432,21
3662,66,002302,19.3941,-5.25,21
3683,67,002304,29.7185,-1.75,21
3796,68,002419,-33.3764,1.75,51
3871,69,002463,5.25,27.2178,21
3872,70,002466,1.75,27.3953,21
3924,71,002500,-28.5432,5.25,51
4030,72,002597,-5.25,-27.994,21
4082,73,002510,28.3029,-1.75,21
4140,74,002622,-5.25,-26.0064,21
4273,75,002629,1.75,21.6373,21
4374,76,002821,50.1486,-1.75,21
4411,77,002795,5.25,20.7308,21
4438,78,002872,1.75,94.5572,21
4601,79,002961,-1.75,-29.4507,21
4602,80,002962,-5.25,-28.0885,21
4671,81,002860,28.1871,-5.25,21
4719,82,003031,-1.75,-28.3799,21
4779,83,002988,29.1383,-5.25,21
4857,84,003115,-5.25,-28.5912,21
4873,85,003129,-5.25,-29.7435,21
4951,86,003182,25.6949,-5.25,21
4971,87,003034,5.25,18.8411,21
4989,88,003153,-1.75,-28.7864,21
5002,89,003211,-5.25,-29.8902,21
5047,90,003158,-29.8942,5.25,51
5079,91,003268,-39.8066,1.75,51
5120,92,003239,-5.25,-25.5526,21
5128,93,003245,-1.75,-36.7888,21
5131,94,003249,-1.75,-38.1396,21
5141,95,003293,-1.75,-42.3051,21
5149,96,003299,-1.75,-28.803,21
5200,97,003192,19.3554,-5.25,21
5291,98,003392,1.75,30.526,21
5299,99,003399,1.75,29.8341,21
5330,100,003372,-42.9458,1.75,51
5334,101,003338,20.8845,-5.25,21
5411,102,003420,1.75,29.2123,21
5547,103,003514,5.25,28.9861,21
5640,104,003637,-37.6302,1.75,51
5704,105,003670,-1.75,-30.1838,21
5768,106,003709,29.7603,-5.25,21
5772,107,003714,28.7519,-1.75,21
5826,108,003611,1.75,22.0552,21
5920,109,003735,17.0251,-1.75,21
5921,110,003805,-29.3963,1.75,51
5923,111,003738,28.2053,-1.75,21
6113,112,003877,5.25,29.7896,21
6124,113,003934,1.75,30.1273,21
6128,114,003938,1.75,28.8457,21
6185,115,003975,-53.8086,1.75,51
6233,116,003955,5.25,22.5812,21
6244,117,003829,-1.75,-28.4754,21
6371,118,004034,-5.25,-19.2003,21
6373,119,003958,5.25,21.6369,21
6376,120,003960,5.25,24.8704,21
6410,121,004102,-5.25,-29.9485,21
6417,122,004109,-1.75,-32.0015,21
6443,123,003978,21.6373,-5.25,21
6446,124,004004,29.3694,-5.25,21
6453,125,004011,28.4059,-1.75,21
6522,126,003968,5.25,23.7213,21
6552,127,004202,5.25,28.9129,21
6580,128,004136,-17.0274,1.75,51
6602,129,004140,-26.551,5.25,51
6622,130,004245,30.4831,-1.75,21
6622,131,004244,27.9925,-5.25,21
6656,132,004212,1.75,23.7365,21
6660,133,004217,1.75,25.8988,21
6690,134,004284,1.75,33.0757,21
6692,135,004286,1.75,31.4717,21
6731,136,004185,-29.3092,1.75,51
6824,137,004361,1.75,27.7835,21
6882,138,004323,28.3194,-5.25,21
6893,139,004401,46.1056,-1.75,21
6936,140,004226,-1.75,-23.7366,21
6962,141,004438,-5.25,-27.8649,21
6963,142,004439,-5.25,-29.4147,21
7120,143,004530,1.75,29.3465,21
7155,144,004509,-32.9952,1.75,51
7212,145,004537,1.75,19.5949,21
7287,146,004572,-27.5996,5.25,51
7303,147,004594,28.986,-1.75,21
7327,148,004650,30.809,-1.75,21
7430,149,004661,26.0057,-5.25,21
7445,150,004728,28.3716,-5.25,21
7499,151,004677,-5.25,-25.2975,21
7528,152,004790,1.75,30.3325,21
7539,153,004804,1.75,74.189,21
7561,154,004634,-22.2651,5.25,22
7565,155,004762,21.6929,-1.75,21
7595,156,004830,29.1205,-5.25,21
7669,157,004877,-5.25,-27.1346,21
7678,158,004887,-1.75,-71.2773,21
7729,159,004912,27.0178,-1.75,21
7785,160,004900,-1.75,-27.7241,21
7846,161,004934,23.6424,-5.25,21
7854,162,004940,26.902,-5.25,21
7990,163,004911,-24.837,5.25,22
8003,164,005030,29.581,-5.25,21
8029,165,005097,29.2769,-5.25,21
8055,166,005063,5.25,22.4838,21
8060,167,005064,5.25,26.5959,21
8072,168,004987,-5.25,-22.9301,21
8085,169,005130,-5.25,-28.4033,21
8127,170,005108,24.277,-5.25,21
8353,171,005234,-1.75,-28.785,21
8371,172,005290,-1.75,-32.1353,21
8382,173,005298,-1.75,-31.1895,21
8509,174,005405,1.75,94.1833,21
8520,175,005391,-1.75,-20.7263,21
8558,176,005330,-23.9767,1.75,51
8618,177,005413,-5.25,-24.8432,21
8658,178,005509,-5.25,-29.3095,21
8659,179,005511,-5.25,-28.7738,21
8691,180,005474,25.5484,-1.75,21
8705,181,005537,28.2658,-5.25,21
8758,182,005519,-1.75,-24.8989,21
8837,183,005576,29.121,-5.25,21
8893,184,005603,-5.25,-21.6372,21
8904,185,005610,-5.25,-27.418,21
8928,186,005684,-1.75,-29.1706,21
8990,187,005718,29.3555,-5.25,21
9000,188,005726,28.1379,-1.75,21
9002,189,005728,29.0024,-1.75,21
9033,190,005698,-5.25,-22.095,21
9151,191,005825,-37.5271,1.75,51
9179,192,005785,-5.25,-23.0383,21
9182,193,005623,5.25,22.8915,21
9199,194,005766,5.25,25.8378,21
9201,195,005796,5.25,25.9223,21
9214,196,005790,-5.25,-19.9945,21
9241,197,005831,-24.2977,1.75,51
9245,198,005750,28.1025,-5.25,21
9360,199,005880,-5.25,-28.7511,21
9415,200,005988,29.3464,-1.75,21
9475,201,005955,5.25,19.3948,21
9491,202,006043,-1.75,-31.55,21
9497,203,006048,-1.75,-30.6781,21
9593,204,005958,5.25,21.6366,21
9607,205,006028,1.75,38.6793,21
9663,206,006008,25.6593,-5.25,21
9701,207,006161,27.6805,-1.75,21
9756,208,006200,5.25,29.6798,21
9760,209,006203,1.75,29.3969,21
9889,210,006234,5.25,29.602,21
9988,211,006187,29.0331,-1.75,21
10081,212,006350,-26.4246,1.75,51
10163,213,006408,1.75,42.3987,21
10186,214,006466,5.25,29.0779,21
10195,215,006471,1.75,32.0032,21
10207,216,006479,1.75,25.8837,21
10268,217,006520,29.3326,-1.75,21
10297,218,006392,-1.75,-24.2793,21
10444,219,006551,-5.25,-28.0202,21
10463,220,006637,-1.75,-29.4139,21
10465,221,006639,-1.75,-28.8426,21
10476,222,006649,-5.25,-29.358,21
10578,223,006575,5.25,25.1207,21
10667,224,006765,-35.4168,1.75,51
10684,225,006778,-39.0495,1.75,51
10724,226,006666,-5.25,-23.5913,21
10728,227,006670,-1.75,-29.7301,21
10861,228,006830,-1.75,-40.3299,21
10879,229,006885,1.75,29.3177,21
10921,230,006692,18.8415,-5.25,21
10950,231,006940,29.2536,-5.25,21
11028,232,006993,1.75,28.8398,21
11151,233,007022,1.75,30.5842,21
11159,234,007067,-5.25,-27.3925,21
11207,235,007053,-28.3849,5.25,22
11288,236,007119,-1.75,-31.8924,21
11359,237,007124,-21.1498,1.75,51
11364,238,007133,-29.8389,1.75,51
11446,239,007278,-1.75,-29.6401,21
11518,240,007326,-39.2719,1.75,51
11562,241,007176,1.75,23.8167,21
11643,242,007319,29.237,-1.75,21
11704,243,007378,5.25,27.6737,21
11718,244,007431,1.75,31.8447,21
11805,245,007499,-37.768,1.75,51
11846,246,007465,5.25,27.5014,21
11920,247,007490,27.9177,-1.75,21
11939,248,007513,-29.391,5.25,51
12008,249,007630,1.75,32.1943,21
12092,250,007680,-34.8426,1.75,51
12232,251,007609,29.909,-5.25,21
12280,252,007800,1.75,49.9262,21
12396,253,007821,5.25,23.8411,21
12440,254,007902,1.75,34.1869,21
12465,255,007862,27.0646,-1.75,21
12469,256,007782,-27.0959,5.25,51
12569,257,007973,1.75,29.2128,21
12644,258,008024,33.8486,-1.75,21
12704,259,008060,5.25,29.5041,21
12746,260,007960,-27.9095,5.25,51
12747,261,008036,24.0389,-1.75,21
12771,262,008047,18.7872,-1.75,21
12771,263,008101,-29.8043,5.25,51
12824,264,007967,-5.25,-25.3174,21
12839,265,008141,-1.75,-28.4976,21
12920,266,008202,-59.1981,1.75,51
12974,267,008223,1.75,30.9809,21
13128,268,008318,-1.75,-29.7059,21
13161,269,008297,-24.2983,5.25,51
13242,270,008342,-5.25,-26.3644,21
13252,271,008349,-5.25,-29.8929,21
13312,272,008393,26.2093,-5.25,21
13321,273,008403,29.0243,-5.25,21
13327,274,008450,29.355,-1.75,21
13330,275,008455,27.4499,-1.75,21
13448,276,008478,24.8423,-5.25,21
13461,277,008402,-25.4924,5.25,51
13461,278,008488,28.6291,-1.75,21
13474,279,008555,30.1565,-1.75,21
13478,280,008446,-19.5382,1.75,51
13521,281,008531,1.75,25.9902,21
13594,282,008580,-28.8098,1.75,51
13625,283,008649,29.9858,-1.75,21
13730,284,008635,-28.5822,5.25,51
13734,285,008666,23.7651,-1.75,21
13795,286,008706,1.75,24.3927,21
13814,287,008589,-1.75,-18.7101,21
13829,288,008717,-1.75,-35.777,21
13869,289,008722,-41.6028,1.75,51
13953,290,008801,1.75,29.199,21
14082,291,008797,-1.75,-26.623,21
14104,292,008939,-1.75,-69.9445,21
14110,293,008940,-5.25,-29.2283,21
14117,294,008946,-5.25,-29.4215,21
14143,295,008758,21.7604,-5.25,21
14157,296,008967,-47.5475,1.75,51
14172,297,008978,-35.9147,1.75,51
14289,298,008890,26.7861,-1.75,21
14321,299,009068,33.0065,-1.75,21
14321,300,009067,29.4047,-5.25,21
14423,301,008999,-22.6776,5.25,22
14433,302,009084,28.5049,-5.25,21
14443,303,009095,29.5841,-5.25,21
14503,304,009136,5.25,27.0939,21
14656,305,009272,1.75,29.0295,21
14664,306,009282,1.75,26.7055,21
14681,307,009224,-1.75,-29.6922,21
14718,308,009269,-33.2259,1.75,51
14788,309,009318,-1.75,-30.8752,21
14821,310,009391,-5.25,-29.9208,21
14845,311,009257,18.8986,-1.75,21
14846,312,009259,23.0224,-5.25,21
14871,313,009427,30.007,-1.75,21
14910,314,009298,1.75,14.9929,21
14913,315,009304,1.75,21.842,21
14995,316,009455,28.0114,-5.25,21
15006,317,009506,29.8079,-1.75,21
15010,318,009512,27.9077,-1.75,21
15012,319,009514,29.7579,-5.25,21
15016,320,009516,27.5891,-5.25,21
15123,321,009535,22.0945,-5.25,21
15166,322,009539,18.0891,-1.75,21
15191,323,009575,5.25,18.8412,21
15287,324,009679,29.5536,-5.25,21
15350,325,009672,5.25,29.8723,21
15356,326,009723,1.75,31.3688,21
15547,327,009712,-29.8669,5.25,51
15567,328,009858,28.998,-5.25,21
15626,329,009844,5.25,24.4354,21
15664,330,009646,-5.25,-29.5598,21
15757,331,009923,5.25,23.859,21
15839,332,009980,28.9976,-1.75,21
15966,333,010025,-30.89,1.75,51
15975,334,010064,22.9501,-1.75,21
16053,335,010115,1.75,30.1074,21
16058,336,010111,-1.75,-33.4065,21
16063,337,010168,1.75,21.0056,21
16075,338,010177,1.75,38.3875,21
16076,339,010178,-1.75,-25.2515,21
16080,340,010179,5.25,29.6671,21
16083,341,010182,5.25,24.7522,21
16136,342,010228,-29.3071,5.25,22
16186,343,010192,5.25,19.5108,21
16271,344,010244,27.8097,-1.75,21
16331,345,010307,-5.25,-27.8669,21
16350,346,010361,-5.25,-28.8718,21
16355,347,010366,-5.25,-29.6549,21
16396,348,010343,-34.5513,1.75,51
16410,349,010330,35.7226,-1.75,21
16427,350,010409,29.141,-5.25,21
16461,351,010385,-1.75,-25.6792,21
16500,352,010302,5.25,28.1825,21
16505,353,010453,-1.75,-27.0088,21
16537,354,010428,29.1174,-5.25,21
16563,355,010506,-38.3101,1.75,51
16602,356,010433,1.75,27.645,21
16638,357,010543,5.25,28.724,21
16877,358,010646,1.75,24.3412,21
16910,359,010696,-1.75,-29.1802,21
17014,360,010727,-5.25,-29.8831,21
17046,361,010703,1.75,21.5107,21
17163,362,010825,5.25,26.5751,21
17165,363,010829,1.75,25.7549,21
17167,364,010830,1.75,26.0175,21
17193,365,010888,-5.25,-29.1064,21
17266,366,010941,-36.961,1.75,51
17323,367,010977,1.75,92.4651,21
17378,368,010924,23.7097,-1.75,21
17452,369,010981,-5.25,-29.4581,21
17501,370,011034,14.4353,-1.75,21
17586,371,010999,1.75,19.9248,21
17596,372,011141,-1.75,-29.5534,21
17641,373,011123,14.4356,-1.75,21
17712,374,011168,1.75,19.5941,21
17744,375,011237,5.25,29.6456,21
17808,376,011295,28.8277,-1.75,21
17865,377,011253,-1.75,-27.3445,21
17888,378,011283,5.25,25.192,21
17926,379,011321,24.8929,-5.25,21
17929,380,011235,-29.2686,5.25,51
17961,381,011398,29.1208,-5.25,21
18009,382,011375,-1.75,-25.5621,21
18011,383,011378,-1.75,-25.6969,21
18026,384,011435,-5.25,-28.3225,21
18089,385,011473,29.0552,-5.25,21
18160,386,011438,5.25,29.0463,21
18184,387,011536,1.75,28.6756,21
18205,388,011495,24.5951,-1.75,21
18219,389,011505,29.8294,-1.75,21
18224,390,011380,-22.527,1.75,51
18298,391,011599,-1.75,-28.7123,21
18307,392,011607,-1.75,-28.2082,21
18368,393,011650,-56.9101,1.75,51
18590,394,011773,1.75,29.2864,21
18630,395,011590,25.8656,-1.75,21
18645,396,011804,30.1168,-1.75,21
18913,397,011928,21.6097,-1.75,21
18922,398,011934,25.4998,-1.75,21
19000,399,012040,1.75,28.8641,21
19054,400,012001,-33.2885,1.75,51
19138,401,011987,-5.25,-25.8711,21
19160,402,012126,-1.75,-29.5706,21
19183,403,012019,25.6203,-5.25,21
19189,404,012102,-24.5567,1.75,51
19261,405,012138,-1.75,-27.2348,21
19264,406,012141,-5.25,-29.7861,21
19333,407,012182,-34.2379,1.75,51
19421,408,012281,1.75,29.6016,21
19464,409,012264,-28.3325,5.25,51
19545,410,012314,1.75,28.7671,21
19553,411,012322,5.25,28.593,21
19554,412,012328,1.75,28.642,21
20028,413,012580,-30.3258,1.75,51
20124,414,012720,5.25,29.8005,21
20126,415,012722,5.25,29.1974,21
20204,416,012768,29.9754,-5.25,21
20262,417,012804,5.25,29.7194,21
20269,418,012812,5.25,29.5848,21
20329,419,012851,-34.1153,1.75,51
20490,420,012946,-29.5055,5.25,51
20493,421,012944,-24.5494,1.75,51
20557,422,012997,5.25,29.5898,21
20561,423,013000,1.75,29.0754,21
20589,424,012966,-29.4173,5.25,51
20609,425,012957,29.4417,-5.25,21
20732,426,013050,-32.5007,1.75,51
20822,427,013169,-1.75,-29.4376,21
20864,428,013150,-29.3389,1.75,51
20866,429,013153,-28.109,5.25,51
20879,430,013156,-29.9122,1.75,51
20882,431,013138,28.2815,-5.25,21
20938,432,013104,1.75,24.8989,21
21079,433,013180,5.25,26.2983,21
21093,434,013298,-5.25,-27.3582,21
21115,435,013358,-1.75,-31.6502,21
21140,436,013329,-17.0266,1.75,51
21150,437,013331,-23.5779,1.75,51
21158,438,013236,24.069,-1.75,21
21178,439,013394,11.9552,-1.75,21
21210,440,013366,-1.75,-14.9942,21
21219,441,013266,5.25,25.703,21
21305,442,013471,83.8641,-1.75,21
21380,443,013517,5.25,28.1051,21
21533,444,013609,5.25,29.8853,21
21598,445,013651,-36.4462,1.75,51
21599,446,013652,-29.8956,5.25,51
21701,447,013497,18.8408,-5.25,21
21703,448,013499,22.5809,-5.25,21
21714,449,013675,-34.0363,1.75,51
21745,450,013746,-36.7141,1.75,51
21847,451,013757,-31.3742,1.75,51
21981,452,013557,18.7097,-5.25,21
22003,453,013842,-25.6079,5.25,51
22006,454,013898,29.683,-1.75,21
22138,455,013937,29.0474,-1.75,21
22154,456,013896,-20.0992,1.75,51
22403,457,014115,21.6366,-5.25,21
22444,458,014127,23.6988,-5.25,21
22489,459,014171,-1.75,-28.8053,21
22541,460,014179,26.5895,-1.75,21
22777,461,014400,1.75,28.6525,21
22779,462,014408,1.75,85.3558,21
22905,463,014356,-5.25,-29.4964,21
22909,464,014402,-5.25,-27.9051,21
22970,465,014453,35.4668,-1.75,21
23061,466,014575,-1.75,-28.8662,21
23070,467,014585,-5.25,-28.5624,21
23256,468,014668,-29.8949,1.75,51
23406,469,014722,27.0703,-1.75,21
23469,470,014787,1.75,26.8785,21
23504,471,014866,1.75,33.4049,21
23598,472,014875,5.25,24.8424,21
23661,473,014913,18.7098,-5.25,21
23666,474,014915,23.7926,-1.75,21
23670,475,014902,-29.9638,1.75,51
23822,476,015023,26.4693,-5.25,21
23875,477,014939,-5.25,-22.2204,21
23877,478,014944,-5.25,-25.6136,21
23891,479,015037,-1.75,-24.5608,21
23963,480,015127,29.0394,-1.75,21
23985,481,015189,29.3696,-5.25,21
24011,482,015071,1.75,26.5899,21
24016,483,015158,-5.25,-23.6428,21
24034,484,015073,1.75,16.8046,21
24034,485,015171,-1.75,-27.0105,21
24110,486,015247,28.5934,-1.75,21
24263,487,015351,-57.3178,1.75,51
24439,488,015325,1.75,25.5782,21
24441,489,015327,1.75,26.2292,21
24445,490,015331,1.75,27.5259,21
24448,491,015337,5.25,27.7658,21
24471,492,015415,-5.25,-28.6227,21
24501,493,015364,-24.2982,1.75,51
24545,494,015514,30.0665,-1.75,21
24592,495,015500,5.25,29.6937,21
24618,496,015558,5.25,29.9074,21
24761,497,015640,1.75,33.6341,21
24781,498,015527,18.8415,-1.75,21
24800,499,015534,26.8278,-5.25,21
24864,500,015655,5.25,26.1365,21
25036,501,015802,-1.75,-34.0153,21
25164,502,015890,-1.75,-50.5831,21
25285,503,015915,-5.25,-27.5037,21
25314,504,015791,1.75,18.7475,21
25363,505,015948,29.6689,-5.25,21
25427,506,016002,-5.25,-29.8023,21
25429,507,015919,1.75,22.9719,21
25461,508,016081,1.75,28.1604,21
25495,509,016021,-34.3008,1.75,51
25495,510,016048,25.28,-5.25,21
25623,511,016131,21.3764,-5.25,21
25627,512,016110,-27.9862,5.25,51
25705,513,016078,-5.25,-22.6607,21
25738,514,016251,-1.75,-27.8583,21
25778,515,016217,45.4426,-1.75,21
25787,516,016286,-16.4082,1.75,51
25800,517,016294,-26.4631,5.25,22
25813,518,016301,-29.2579,5.25,22
25858,519,016337,1.75,65.5145,21
25873,520,016347,5.25,28.732,21
25884,521,016356,1.75,54.0807,21
26005,522,016419,-5.25,-28.5365,21
26062,523,016450,-33.795,1.75,51
26113,524,016434,-1.75,-22.2585,21
26128,525,016372,5.25,26.8848,21
26140,526,016493,1.75,29.0518,21
26191,527,016484,-29.0992,5.25,22
26295,528,016601,-5.25,-29.2221,21
26402,529,016613,-5.25,-19.5287,21
26413,530,016628,1.75,30.0819,21
26436,531,016691,1.75,29.1187,21
26569,532,016764,1.75,29.194,21
26698,533,016832,-1.75,-28.3109,21
26712,534,016843,-1.75,-29.8217,21
26741,535,016818,-26.7386,1.75,51
26773,536,016870,29.46,-1.75,21
26789,537,016885,30.6801,-1.75,21
26820,538,016785,5.25,25.8984,21
26841,539,016913,1.75,29.0681,21
26935,540,016892,18.3098,-1.75,21
26987,541,017007,-5.25,-29.6798,21
26998,542,017017,-1.75,-31.4182,21
27000,543,017019,-1.75,-30.8541,21
27043,544,016906,27.3715,-1.75,21
27108,545,017083,-1.75,-80.2794,21
27140,546,016947,5.25,19.9195,21
27181,547,017080,29.5265,-1.75,21
27183,548,017134,-16.2156,5.25,51
27189,549,017139,29.992,-1.75,21
27274,550,017210,1.75,50.1241,21
27277,551,017213,1.75,53.412,21
27281,552,017215,1.75,29.9089,21
27328,553,017241,27.369,-1.75,21
27344,554,017255,29.2809,-5.25,21
27468,555,017328,-35.6114,1.75,51
27478,556,017341,-60.8988,1.75,51
27482,557,017344,-60.822,1.75,51
27497,558,017353,-29.2254,1.75,51
27523,559,017309,1.75,38.8745,21
27525,560,017311,5.25,28.4857,21
27596,561,017340,29.6311,-1.75,21
27699,562,017472,-1.75,-33.5718,21
27803,563,017486,-1.75,-27.7266,21
27804,564,017485,-5.25,-27.057,21
27861,565,017522,-23.2292,5.25,51
27867,566,017525,-29.5607,5.25,51
27966,567,017630,-5.25,-29.5311,21
27968,568,017632,-1.75,-27.9339,21
28032,569,017679,-41.5216,1.75,51
28107,570,017718,-1.75,-27.6948,21
28124,571,017731,-1.75,-77.2026,21
28169,572,017762,-37.341,1.75,51
28191,573,017785,-37.2507,1.75,51
28228,574,017628,1.75,19.1548,21
28306,575,017774,28.9032,-5.25,21
28317,576,017859,28.7071,-1.75,21
28364,577,017836,5.25,27.1846,21
28368,578,017837,1.75,20.1354,21
28382,579,017890,5.25,20.9863,21
28427,580,017878,23.7367,-5.25,21
28521,581,017986,5.25,29.7386,21
28527,582,017995,5.25,28.7118,21
28534,583,018004,1.75,29.5527,21
28566,584,017882,23.7366,-1.75,21
28588,585,017977,-26.8959,5.25,51
28609,586,018049,-49.0567,1.75,51
28678,587,018094,1.75,54.047,21
28701,588,018056,-24.2982,1.75,51
28703,589,018040,21.6366,-5.25,21
28720,590,018055,27.6691,-1.75,21
28727,591,018119,28.7944,-5.25,21
28780,592,017985,-5.25,-26,21
28841,593,018117,-24.298,5.25,51
28851,594,018131,-30.9265,1.75,51
28853,595,018159,-31.8643,1.75,51
28933,596,018212,1.75,29.8437,21
28946,597,018259,5.25,28.4178,21
28950,598,018263,5.25,29.1082,21
29001,599,018245,29.1863,-5.25,21
29003,600,018249,30.6648,-1.75,21
29010,601,018299,29.5808,-5.25,21
29123,602,018323,25.6197,-5.25,21
29211,603,018376,5.25,29.4261,21
29276,604,018333,25.6289,-5.25,21
29299,605,018332,18.7106,-1.75,21
29351,606,018430,-5.25,-29.3667,21
29403,607,018468,25.6202,-5.25,21
29452,608,018588,-39.1334,1.75,51
29546,609,018595,-27.9103,1.75,51
29553,610,018569,15.3679,-1.75,21
29573,611,018660,-33.7832,1.75,51
29619,612,018632,5.25,25.7319,21
29633,613,018648,5.25,27.8655,21
29708,614,018743,-33.6105,1.75,51
29764,615,018726,1.75,26.4587,21
29900,616,018808,1.75,18.9466,21
29908,617,018813,1.75,26.1232,21
29913,618,018707,-5.25,-21.5778,21
29930,619,018875,1.75,28.4797,21
30016,620,018944,24.4966,-1.75,21
30031,621,018876,-1.75,-20.7497,21
30079,622,018986,1.75,48.2382,21
30183,623,018971,-1.75,-28.8469,21
30223,624,018996,5.25,24.7119,21
30257,625,019008,27.1888,-1.75,21
30284,626,019113,30.2937,-1.75,21
30327,627,019085,1.75,28.9181,21
30348,628,019163,1.75,32.632,21
30353,629,019168,1.75,35.5879,21
30381,630,019125,18.8413,-1.75,21
30419,631,019207,29.6567,-1.75,21
30421,632,019211,45.7873,-1.75,21
30493,633,019259,-1.75,-32.5185,21
30663,634,019228,21.7601,-5.25,21
30738,635,019246,1.75,24.8992,21
30968,636,019548,-53.6525,1.75,51
30991,637,019563,-29.7623,5.25,51
31092,638,019577,-29.5751,1.75,51
31153,639,019535,-5.25,-22.5814,21
31317,640,019605,-5.25,-19.4964,21
31329,641,019779,1.75,46.839,21
31383,642,019808,-29.9768,5.25,22
31457,643,019849,-1.75,-29.051,21
31506,644,019721,23.7366,-1.75,21
31532,645,019899,29.4786,-1.75,21
31675,646,019991,27.3003,-1.75,21
31718,647,019800,5.25,19.8964,21
31718,648,019966,-1.75,-25.1605,21
31719,649,019969,-5.25,-25.6764,21
31924,650,020091,-28.2687,5.25,51
32113,651,020264,-38.5686,1.75,51
32136,652,020220,5.25,23.736,21
32156,653,020236,1.75,17.4827,21
32168,654,020286,1.75,27.4151,21
32277,655,020307,1.75,25.256,21
32427,656,020380,-5.25,-28.1456,21
32447,657,020462,-1.75,-29.4659,21
32492,658,020349,37.4465,-1.75,21
32498,659,020496,-33.7453,1.75,51
32633,660,020527,27.1731,-5.25,21
32671,661,020614,48.7656,-1.75,21
32704,662,020490,-1.75,-26.0884,21
32721,663,020642,-1.75,-28.649,21
32799,664,020622,19.395,-5.25,21
32916,665,020724,-29.9384,5.25,51
32946,666,020796,-34.9414,1.75,51
32951,667,020686,27.1014,-1.75,21
33000,668,020739,-5.25,-26.8335,21
33017,669,020835,-5.25,-28.307,21
33075,670,020696,21.2749,-5.25,21
33137,671,020834,5.25,28.2742,21
33180,672,020876,-17.0274,1.75,51
33222,673,020960,-54.9964,1.75,51
33345,674,021032,29.0878,-5.25,21
33433,675,021093,1.75,31.4065,21
33461,676,021058,18.8415,-1.75,21
33471,677,021064,33.3386,-1.75,21
33621,678,021209,-52.4745,1.75,51
33702,679,021254,1.75,31.6719,21
33845,680,021338,-5.25,-29.1447,21
34073,681,021418,16.8971,-1.75,21
34099,682,021429,-5.25,-25.2319,21
34102,683,021459,5.25,19.4043,21
34161,684,021507,-26.7381,1.75,51
34175,685,021515,-32.2142,1.75,51
34182,686,021557,-36.7266,1.75,51
34211,687,021581,-36.9961,1.75,51
34231,688,021543,-5.25,-18.8414,21
34323,689,021595,28.9703,-1.75,21
34348,690,021671,-33.6281,1.75,51
34445,691,021684,-35.0101,1.75,51
34520,692,021725,5.25,25.599,21
34603,693,021821,-52.5638,1.75,51
34607,694,021765,25.1919,-5.25,21
34728,695,021770,26.9151,-5.25,21
34773,696,021930,29.8351,-5.25,21
34835,697,021974,-1.75,-57.5081,21
34876,698,021941,-29.8131,5.25,51
34886,699,021954,26.4702,-1.75,21
34938,700,021984,-5.25,-24.8965,21
35001,701,021948,-22.2654,5.25,22
35039,702,022091,14.4566,-1.75,21
35039,703,022092,28.5795,-5.25,21
35042,704,022093,24.8491,-5.25,21
35054,705,022077,-29.9172,1.75,51
35093,706,022067,-5.25,-19.6826,21
35097,707,022136,5.25,29.4408,21
35211,708,022069,-1.75,-20.7489,21
35234,709,022155,-1.75,-24.8386,21
35253,710,022231,-1.75,-27.8848,21
35298,711,022215,-29.5721,1.75,51
35320,712,022281,-36.9743,1.75,51
35407,713,022245,-1.75,-18.5386,21
35428,714,022129,24.8424,-5.25,21
35499,715,022252,-5.25,-24.1619,21
35567,716,022385,-29.8935,5.25,51
35570,717,022269,28.8143,-5.25,21
35612,718,022457,-35.451,1.75,51
35651,719,022430,-1.75,-42.3949,21
35710,720,022361,29.2274,-1.75,21
35723,721,022466,-27.6605,1.75,51
35843,722,022532,20.5168,-5.25,21
35870,723,022597,29.3047,-1.75,21
35946,724,022643,-1.75,-29.5127,21
35998,725,022619,26.459,-5.25,21
36069,726,022672,1.75,28.1929,21
36147,727,022715,17.9389,-1.75,21
36200,728,022668,-1.75,-35.3144,21
36220,729,022819,1.75,32.5919,21
36227,730,022822,1.75,20.1069,21
36235,731,022831,5.25,27.345,21
36237,732,022834,5.25,26.9439,21
36287,733,022868,29.3006,-5.25,21
36302,734,022881,29.6445,-1.75,21
36331,735,022813,-1.75,-14.6225,21
36358,736,022860,5.25,26.982,21
36359,737,022864,1.75,27.2066,21
36363,738,022912,5.25,26.6251,21
36367,739,022919,1.75,29.7096,21
36401,740,022787,-24.2984,1.75,51
36414,741,022902,26.8549,-5.25,21
36489,742,023000,1.75,82.4743,21
36556,743,022952,-30.0596,1.75,51
36584,744,023055,-36.3489,1.75,51
36646,745,023090,1.75,76.8627,21
36646,746,023087,5.25,29.3169,21
36653,747,023094,1.75,30.6392,21
36653,748,023093,5.25,29.808,21
36701,749,023125,-37.0868,1.75,51
36718,750,023137,-38.0107,1.75,51
36753,751,023103,1.75,21.005,21
36757,752,023105,1.75,20.9083,21
36771,753,023038,-5.25,-22.6596,21
36782,754,023034,-1.75,-26.9945,21
36785,755,023075,-1.75,-26.7473,21
36830,756,022993,29.8464,-5.25,21
36857,757,023209,-36.5392,1.75,51
36898,758,023184,-5.25,-24.8786,21
36922,759,023239,-5.25,-29.3406,21
36971,760,023044,24.9096,-1.75,21
36973,761,023050,25.3086,-1.75,21
37047,762,023268,-1.75,-24.0293,21
37071,763,023331,-5.25,-29.172,21
37075,764,023336,-1.75,-28.1035,21
37121,765,023364,-36.0926,1.75,51
37187,766,023353,-1.75,-27.5657,21
37206,767,023324,1.75,27.4415,21
37209,768,023420,-5.25,-22.5361,21
37251,769,023398,-34.0724,1.75,51
37325,770,023437,-1.75,-28.1848,21
37388,771,023488,-29.8476,5.25,51
37429,772,023567,30.1743,-1.75,21
37429,773,023566,29.44,-5.25,21
37455,774,023449,1.75,29.7911,21
37461,775,023526,-5.25,-26.9525,21
37461,776,023525,-1.75,-15.5236,21
37461,777,023527,-1.75,-25.8793,21
37530,778,023578,25.3673,-5.25,21
37631,779,023692,-5.25,-29.5868,21
37693,780,023587,29.8947,-1.75,21
37709,781,023741,-24.2976,1.75,51
37834,782,023807,28.5293,-1.75,21
37876,783,023710,-1.75,-23.643,21
38056,784,023930,-1.75,-31.2533,21
38112,785,023966,-56.377,1.75,51
38116,786,023969,-29.2435,5.25,51
38122,787,023836,25.9706,-5.25,21
38267,788,023984,18.7106,-1.75,21
38269,789,023987,21.7079,-1.75,21
38326,790,024107,1.75,29.7565,21
38365,791,024002,24.595,-1.75,21
38436,792,023950,-5.25,-24.8427,21
38455,793,024183,5.25,29.2688,21
38590,794,024274,1.75,66.5339,21
38599,795,024278,5.25,29.3413,21
38659,796,024318,-29.7478,5.25,51
38729,797,024310,1.75,25.0866,21
38755,798,024393,1.75,28.5053,21
38795,799,024365,-24.302,1.75,51
38851,800,024221,-1.75,-18.841,21
38925,801,024430,24.3931,-1.75,21
38946,802,024442,26.0167,-1.75,21
38948,803,024444,26.4121,-1.75,21
38953,804,024445,20.9574,-5.25,21
39095,805,024584,-56.1984,1.75,51
39138,806,024561,-1.75,-23.0456,21
39201,807,024600,-26.8463,1.75,51
39206,808,024520,23.7362,-5.25,21
39353,809,024689,-32.7742,1.75,51
39411,810,024722,1.75,18.841,21
39425,811,024724,1.75,16.6047,21
39497,812,024779,-26.022,5.25,51
39506,813,024830,31.1279,-1.75,21
39508,814,024833,29.7636,-1.75,21
39512,815,024838,28.0262,-1.75,21
39579,816,024874,5.25,29.4283,21
39580,817,024871,-5.25,-22.4908,21
39639,818,024925,-33.6217,1.75,51
39643,819,024867,12.6173,-5.25,21
39724,820,024985,1.75,50.6513,21
39734,821,024991,5.25,29.2195,21
39744,822,025000,1.75,53.2885,21
39766,823,024869,23.7364,-1.75,21
39805,824,025040,29.6014,-1.75,21
39871,825,025085,1.75,29.5644,21
39933,826,025126,27.9017,-5.25,21
40041,827,025145,18.8406,-1.75,21
40053,828,025147,17.8871,-1.75,21
40288,829,025338,-5.25,-28.2364,21
40404,830,025282,5.25,27.6621,21
40536,831,025449,-5.25,-23.6427,21
40645,832,025570,35.0564,-1.75,21
40673,833,025535,-5.25,-21.7603,21
40681,834,025426,1.75,25.539,21
40699,835,025550,1.75,25.6856,21
40741,836,025580,20.7493,-1.75,21
40772,837,025640,29.511,-5.25,21
40789,838,025654,29.4169,-1.75,21
40834,839,025620,-1.75,-29.9585,21
40881,840,025661,26.5902,-5.25,21
40956,841,025711,-5.25,-23.0295,21
40978,842,025767,5.25,28.7621,21
40989,843,025780,1.75,28.6766,21
41021,844,025559,-24.2976,1.75,51
41135,845,025867,1.75,36.1075,21
41190,846,025900,31.2549,-1.75,21
41242,847,025883,5.25,22.5973,21
41254,848,025858,-5.25,-29.5586,21
41285,849,025956,-1.75,-27.2676,21
41476,850,026073,-37.9004,1.75,51
41483,851,026078,-37.3227,1.75,51
41544,852,026107,-1.75,-28.6899,21
41599,853,026063,29.6023,-1.75,21
41811,854,026219,5.25,20.5478,21
41811,855,026270,-1.75,-87.1516,21
41822,856,026273,-1.75,-28.5434,21
41885,857,026318,29.1341,-5.25,21
41898,858,026329,30.1426,-1.75,21
42023,859,026363,28.7624,-1.75,21
42076,860,026303,-1.75,-23.7231,21
42104,861,026457,5.25,29.9301,21
42176,862,026510,29.0191,-5.25,21
42211,863,026481,1.75,26.5891,21
42251,864,026554,5.25,28.8027,21
42291,865,026499,-28.3371,5.25,51
42491,866,026551,-1.75,-18.8407,21
42495,867,026654,1.75,21.5741,21
42581,868,026757,-33.6263,1.75,51
42637,869,026574,-5.25,-22.6327,21
42644,870,026745,1.75,24.416,21
42711,871,026619,27.9946,-1.75,21
42815,872,026898,-5.25,-29.8879,21
42938,873,026964,-1.75,-30.9774,21
42962,874,026984,-1.75,-31.6929,21
42989,875,026953,-29.5789,5.25,51
42995,876,026876,28.2873,-1.75,21
43051,877,026833,5.25,18.8409,21
43081,878,027062,-5.25,-28.374,21
43083,879,027063,-5.25,-28.9019,21
43086,880,027065,-1.75,-32.2632,21
43123,881,027039,21.5586,-5.25,21
43143,882,027054,28.7633,-5.25,21
43145,883,027053,23.957,-1.75,21
43146,884,027096,27.0198,-5.25,21
43191,885,026837,1.75,14.623,21
43269,886,027127,26.663,-1.75,21
43271,887,027131,26.5484,-5.25,21
43286,888,027143,29.3969,-1.75,21
43364,889,027238,-5.25,-26.7068,21
43405,890,027105,-27.3113,1.75,51
43430,891,027285,-39.4068,1.75,51
43719,892,027462,31.512,-1.75,21
43721,893,027464,29.7977,-1.75,21
43751,894,027434,-5.25,-18.8413,21
43764,895,027353,5.25,27.0592,21
43778,896,027499,1.75,52.2959,21
43821,897,027402,-24.2976,1.75,51
43928,898,027598,-1.75,-32.3906,21
44036,899,027617,-5.25,-29.507,21
44042,900,027529,1.75,29.5447,21
44056,901,027662,1.75,26.2318,21
44189,902,027699,5.25,27.9844,21
44215,903,027758,1.75,33.2946,21
44241,904,027733,-24.2982,5.25,51
44350,905,027850,-1.75,-51.1244,21
44493,906,027939,-1.75,-32.4932,21
44524,907,027908,-26.3001,5.25,22
44595,908,027792,5.25,28.3148,21
44605,909,027958,-5.25,-27.2516,21
44637,910,028025,-1.75,-29.4369,21
44673,911,027910,27.7507,-5.25,21
44768,912,028103,-1.75,-29.1809,21
44773,913,027923,1.75,24.5082,21
44871,914,028110,-1.75,-14.6225,21
44899,915,028181,-1.75,-29.1519,21
44921,916,028199,1.75,21.7828,21
45020,917,028200,-1.75,-25.3692,21
45090,918,028088,23.2118,-5.25,21
45120,919,028264,-24.2978,1.75,51
45123,920,028266,-28.2682,1.75,51
45129,921,028333,20.8978,-1.75,21
45135,922,028309,-27.9207,1.75,51
45203,923,028215,1.75,20.6938,21
45396,924,028511,29.0995,-5.25,21
45410,925,028521,29.3283,-5.25,21
45417,926,028445,-21.5429,1.75,51
45442,927,028311,5.25,26.4129,21
45457,928,028553,5.25,28.3518,21
45502,929,028530,26.4182,-5.25,21
45552,930,028532,21.1924,-5.25,21
45576,931,028494,-5.25,-23.7366,21
45590,932,028587,1.75,29.0902,21
45653,933,028545,25.6786,-1.75,21
45721,934,028668,5.25,28.2347,21
45733,935,028654,-1.75,-27.8215,21
45749,936,028730,-5.25,-24.7866,21
45781,937,028623,-24.2978,1.75,51
45794,938,028711,29.3304,-5.25,21
45953,939,028849,28.7162,-1.75,21
45968,940,028858,28.9319,-1.75,21
45998,941,028752,-1.75,-24.8434,21
46010,942,028886,-1.75,-94.1833,21
46036,943,028901,-1.75,-29.9529,21
46061,944,028865,18.8413,-5.25,21
46145,945,028838,5.25,20.9133,21
46201,946,028876,18.8417,-1.75,21
46383,947,029128,-36.5201,1.75,51
46431,948,029106,1.75,28.8767,21
46481,949,029034,14.4352,-1.75,21
46481,950,029136,-24.2978,1.75,51
46483,951,029035,22.5809,-5.25,21
46491,952,029037,20.9304,-5.25,21
46492,953,029046,29.5665,-1.75,21
46529,954,029215,53.2719,-1.75,21
46529,955,029213,29.0469,-5.25,21
46603,956,029265,1.75,31.7519,21
46642,957,029286,-36.6598,1.75,51
46651,958,029296,-54.5777,1.75,51
46669,959,029306,-38.8518,1.75,51
46774,960,029235,27.1161,-5.25,21
46780,961,029293,28.9819,-1.75,21
46811,962,029401,31.3414,-1.75,21
46847,963,029332,1.75,25.5858,21
46920,964,029415,27.8698,-5.25,21
46931,965,029466,50.698,-1.75,21
46976,966,029360,-5.25,-23.7228,21
46980,967,029447,5.25,27.9116,21
47013,968,029449,1.75,27.9864,21
47013,969,029520,-5.25,-29.8032,21
47051,970,029488,20.9484,-1.75,21
47215,971,029657,-33.2984,1.75,51
47250,972,029529,-1.75,-14.9926,21
47251,973,029531,-5.25,-18.8406,21
47326,974,029655,23.7363,-5.25,21
47332,975,029661,23.4803,-5.25,21
47365,976,029759,49.3492,-1.75,21
47403,977,029728,5.25,28.2448,21
47439,978,029808,1.75,29.9082,21
47460,979,029767,16.2656,-5.25,21
47463,980,029769,20.3855,-5.25,21
47605,981,029846,-24.2334,5.25,51
47632,982,029854,20.7072,-5.25,21
47640,983,029918,-25.3344,5.25,22
47769,984,029998,29.5958,-1.75,21
47860,985,030050,-5.25,-29.9647,21
47888,986,030021,26.5972,-5.25,21
47987,987,030126,-1.75,-29.2615,21
48004,988,030142,-1.75,-29.774,21
48054,989,030174,-51.9386,1.75,51
48096,990,030150,-1.75,-36.605,21
48161,991,030185,-26.738,1.75,51
48203,992,030209,23.8098,-1.75,21
48205,993,030211,24.7688,-1.75,21
48315,994,030285,-28.1765,1.75,51
48378,995,030338,-5.25,-29.9095,21
48385,996,030319,5.25,27.7841,21
48477,997,030450,-55.3321,1.75,51
48518,998,030424,5.25,25.3604,21
48538,999,030476,5.25,29.0681,21
48651,1000,030497,1.75,18.8414,21
48664,1001,030505,1.75,24.2797,21
48677,1002,030517,5.25,28.7818,21
48867,1003,030633,-29.6181,5.25,22
48979,1004,030742,-5.25,-29.9972,21
49008,1005,030638,-26.0402,1.75,51
49111,1006,030823,-5.25,-28.9835,21
49118,1007,030829,-1.75,-29.4601,21
49141,1008,030795,-24.2976,5.25,51
49217,1009,030839,-5.25,-24.8308,21
49238,1010,030864,-5.25,-27.5211,21
49289,1011,030892,24.7855,-5.25,21
49364,1012,030947,-5.25,-26.8347,21
49366,1013,030949,-5.25,-27.253,21
49441,1014,031042,-56.1612,1.75,51
49450,1015,031050,-38.1398,1.75,51
49646,1016,031111,1.75,28.2004,21
49684,1017,031186,1.75,30.8703,21
49737,1018,031215,29.3247,-5.25,21
49809,1019,031258,-1.75,-28.2855,21
49843,1020,031230,21.6371,-5.25,21
49891,1021,031312,-36.4732,1.75,51
49917,1022,031276,-5.25,-22.2674,21
50123,1023,031244,21.6365,-1.75,21
50141,1024,031403,-27.1683,5.25,51
50172,1025,031449,-23.5673,1.75,51
50240,1026,031515,1.75,31.2122,21
50266,1027,031476,23.7902,-5.25,21
50337,1028,031285,-1.75,-21.1171,21
50337,1029,031524,1.75,21.1171,21
50355,1030,031498,-5.25,-24.9728,21
50368,1031,031596,-5.25,-28.1426,21
50382,1032,031613,-5.25,-29.9515,21
50541,1033,031658,-24.2982,5.25,51
50552,1034,031665,-33.672,1.75,51
50574,1035,031720,-57.3401,1.75,51
50611,1036,031619,-5.25,-18.8409,21
50769,1037,031780,-5.25,-19.4309,21
50771,1038,031765,5.25,29.197,21
50784,1039,031847,1.75,29.5805,21
50843,1040,031807,20.7913,-5.25,21
50852,1041,031893,-58.6759,1.75,51
51058,1042,031961,1.75,29.7756,21
51067,1043,032013,5.25,29.0195,21
51222,1044,032107,-1.75,-29.0484,21
51313,1045,032030,5.25,21.6364,21
51456,1046,032212,-5.25,-23.1781,21
51495,1047,032291,1.75,32.5956,21
51591,1048,032301,1.75,18.8411,21
51609,1049,032310,1.75,27.9826,21
51614,1050,032316,5.25,29.307,21
51711,1051,032430,-60.3142,1.75,51
51738,1052,032391,1.75,25.4505,21
51745,1053,032399,5.25,27.0772,21
51774,1054,032294,-5.25,-29.4466,21
51840,1055,032270,18.7097,-1.75,21
52017,1056,032572,5.25,24.1194,21
52153,1057,032571,1.75,21.6372,21
52158,1058,032575,1.75,24.8804,21
52170,1059,032662,1.75,40.6012,21
52236,1060,032626,24.1201,-5.25,21
52361,1061,032774,18.8411,-1.75,21
52442,1062,032825,-1.75,-26.0361,21
52455,1063,032874,-1.75,-29.6763,21
52512,1064,032855,-28.9464,1.75,51
52518,1065,032861,16.7555,-1.75,21
52539,1066,032921,28.1599,-5.25,21
52584,1067,032793,5.25,27.6332,21
52718,1068,032987,1.75,24.9274,21
52781,1069,033007,-24.2976,1.75,51
52792,1070,033033,26.6226,-1.75,21
52794,1071,033008,-25.1834,5.25,51
52853,1072,033064,5.25,21.637,21
52871,1073,032916,-5.25,-25.4967,21
52891,1074,033140,1.75,33.6553,21
52893,1075,033143,1.75,30.8049,21
52921,1076,033017,-24.2982,1.75,51
52999,1077,033154,5.25,19.4051,21
53017,1078,033215,-5.25,-29.4091,21
53024,1079,033221,-1.75,-29.5669,21
53061,1080,033090,-24.2976,1.75,51
53069,1081,033205,24.7502,-1.75,21
53158,1082,033305,1.75,30.4899,21
53282,1083,033334,1.75,27.6444,21
53284,1084,033336,1.75,27.3439,21
53311,1085,033402,1.75,34.7072,21
53417,1086,033422,5.25,24.3877,21
53423,1087,033308,-5.25,-27.2929,21
53454,1088,033488,-1.75,-29.6433,21
53501,1089,033514,-31.5985,1.75,51
53595,1090,033578,1.75,29.5892,21
53639,1091,033524,29.2966,-5.25,21
53650,1092,033614,29.6712,-5.25,21
53652,1093,033617,30.4498,-1.75,21
53704,1094,033512,-1.75,-27.6332,21
53726,1095,033671,-1.75,-30.4873,21
53923,1096,033745,29.0551,-1.75,21
53976,1097,033777,5.25,23.4118,21
54005,1098,033850,-1.75,-29.193,21
54013,1099,033860,-5.25,-28.8606,21
54024,1100,033869,-1.75,-30.4594,21
54122,1101,033878,-1.75,-27.9998,21
54129,1102,033884,-1.75,-25.6606,21
54145,1103,033941,-1.75,-40.0253,21
54267,1104,033852,1.75,20.3008,21
54349,1105,034061,29.5758,-5.25,21
54499,1106,034161,-37.1686,1.75,51
54538,1107,033975,-1.75,-27.7443,21
54550,1108,034107,-1.75,-28.1088,21
54552,1109,034111,-1.75,-29.5722,21
54571,1110,034199,-5.25,-28.9904,21
54607,1111,034177,-26.523,1.75,51
54901,1112,034424,-29.2982,1.75,51
54934,1113,034453,28.385,-5.25,21
54977,1114,034476,5.25,29.0604,21
55029,1115,034440,-29.6641,5.25,51
55064,1116,034540,31.9147,-1.75,21
55096,1117,034379,-1.75,-22.9536,21
55111,1118,034515,5.25,28.637,21
55121,1119,034567,5.25,28.45,21
55196,1120,034555,19.3937,-5.25,21
55245,1121,034596,1.75,29.5312,21
55373,1122,034513,-1.75,-25.6206,21
55588,1123,034729,25.1602,-5.25,21
55596,1124,034779,25.3916,-1.75,21
55604,1125,034816,27.2467,-1.75,21
55606,1126,034819,26.5893,-5.25,21
55617,1127,034876,26.8995,-5.25,21
55623,1128,034809,-28.9534,5.25,51
55628,1129,034884,29.1305,-5.25,21
55661,1130,034771,-5.25,-19.8703,21
55671,1131,034863,5.25,28.3637,21
55689,1132,034923,1.75,29.8879,21
55796,1133,034822,-5.25,-20.3096,21
55812,1134,034958,1.75,30.2231,21
55844,1135,035019,1.75,29.3393,21
55894,1136,035048,-51.5088,1.75,51
55965,1137,035082,5.25,29.8447,21
55965,1138,035081,1.75,27.6146,21
55969,1139,035084,1.75,28.4974,21
56005,1140,034907,27.4449,-5.25,21
56008,1141,034909,24.7338,-5.25,21
56041,1142,035141,-34.9076,1.75,51
56052,1143,035147,-28.0558,1.75,51
56093,1144,035116,1.75,30.4015,21
56113,1145,035187,5.25,28.7124,21
56218,1146,035074,-5.25,-21.8797,21
56405,1147,035360,-1.75,-27.7409,21
56452,1148,035386,-29.8959,5.25,51
56670,1149,035539,-1.75,-29.739,21
56751,1150,035610,29.3597,-1.75,21
56794,1151,035556,-5.25,-25.1924,21
56816,1152,035657,1.75,34.2404,21
56854,1153,035634,27.5618,-5.25,21
56924,1154,035563,-1.75,-19.3607,21
56942,1155,035741,-5.25,-29.4283,21
57080,1156,035826,1.75,29.3033,21
57275,1157,035892,-29.5813,5.25,22
57350,1158,035906,-5.25,-23.8669,21
57553,1159,036040,28.4052,-5.25,21
57583,1160,036130,28.9787,-1.75,21
57613,1161,035993,-5.25,-22.5813,21
57707,1162,036158,20.2985,-5.25,21
57833,1163,036221,26.8078,-5.25,21
57903,1164,036286,-5.25,-29.9726,21
57921,1165,036335,1.75,28.3071,21
57932,1166,036346,1.75,27.7901,21
58035,1167,036359,1.75,24.5953,21
58073,1168,036437,5.25,28.6649,21
58101,1169,036397,18.7104,-5.25,21
58187,1170,036464,1.75,45.3697,21
58221,1171,036421,-1.75,-16.5189,21
58241,1172,036498,-24.2977,1.75,51
58246,1173,036499,-27.1745,5.25,51
58333,1174,036510,-5.25,-26.9372,21
58333,1175,036586,1.75,46.8729,21
58415,1176,036648,-36.3555,1.75,51
58544,1177,036643,28.119,-1.75,21
58599,1178,036680,-1.75,-25.9594,21
58667,1179,036752,24.6341,-5.25,21
58948,1180,036851,29.909,-5.25,21
58950,1181,036927,-29.9794,5.25,51
58980,1182,036994,-35.7793,1.75,51
59081,1183,037006,-26.738,1.75,51
59193,1184,037133,-5.25,-29.2774,21
59245,1185,037158,-32.0426,1.75,51
59292,1186,037144,-1.75,-19.5942,21
59297,1187,037031,1.75,21.422,21
59307,1188,037153,-1.75,-26.0283,21
59321,1189,037069,5.25,29.6433,21
59403,1190,037266,72.7199,-1.75,21
59438,1191,037207,-5.25,-24.5621,21
59593,1192,037333,-1.75,-29.9415,21
59621,1193,037394,-1.75,-29.2617,21
59711,1194,037298,1.75,18.8413,21
59717,1195,037305,1.75,27.9952,21
59781,1196,037445,18.8413,-1.75,21
59783,1197,037448,21.6368,-5.25,21
60061,1198,037611,-20.8737,1.75,51
60066,1199,037538,23.7233,-1.75,21
60112,1200,037708,-36.4116,1.75,51
60131,1201,037658,-1.75,-14.6226,21
60133,1202,037659,-5.25,-21.7599,21
60178,1203,037739,-1.75,-28.9063,21
60217,1204,037686,29.5504,-1.75,21
60218,1205,037694,28.3044,-5.25,21
60245,1206,037784,15.1147,-1.75,21
60293,1207,037762,5.25,28.3151,21
60376,1208,037891,29.3403,-5.25,21
60387,1209,037899,33.7309,-1.75,21
60392,1210,037903,35.5538,-1.75,21
60509,1211,037921,28.9902,-5.25,21
60526,1212,037995,-57.3055,1.75,51
60556,1213,037872,5.25,23.7366,21
60561,1214,037885,5.25,29.1032,21
60595,1215,038037,-5.25,-28.8867,21
60621,1216,038004,-20.7423,5.25,51
60657,1217,038072,28.9483,-5.25,21
60693,1218,037929,5.25,25.507,21
60939,1219,038184,-30.9839,1.75,51
60973,1220,038234,5.25,25.3849,21
60987,1221,038249,5.25,27.978,21
61006,1222,038308,5.25,29.0164,21
61111,1223,038329,5.25,18.7106,21
61118,1224,038332,5.25,25.1868,21
61159,1225,038416,-1.75,-29.7807,21
61197,1226,038391,54.5064,-1.75,21
61271,1227,038438,-1.75,-42.8478,21
61409,1228,038498,1.75,41.0793,21
61535,1229,038523,-1.75,-29.9725,21
61540,1230,038524,-5.25,-27.1733,21
61542,1231,038606,5.25,26.3666,21
61545,1232,038566,-1.75,-22.0576,21
61550,1233,038569,-1.75,-20.1461,21
61689,1234,038677,1.75,30.216,21
61811,1235,038699,-5.25,-18.8408,21
61815,1236,038704,-1.75,-22.4521,21
62021,1237,038923,17.6256,-5.25,21
62027,1238,038895,-27.7053,5.25,22
62255,1239,038968,-1.75,-20.731,21
62258,1240,039088,1.75,28.8355,21
62261,1241,038967,-5.25,-15.0788,21
62517,1242,039125,-5.25,-24.2793,21
62529,1243,039184,-1.75,-23.4118,21
62605,1244,039308,-36.8141,1.75,51
62689,1245,039353,5.25,29.9818,21
62730,1246,039162,25.8219,-5.25,21
62820,1247,039437,-1.75,-27.8066,21
62938,1248,039373,1.75,19.1081,21
62946,1249,039382,5.25,28.57,21
62954,1250,039380,1.75,19.3421,21
63256,1251,039556,-1.75,-20.6556,21
63260,1252,039555,-5.25,-19.0946,21
63285,1253,039685,29.8521,-1.75,21
63369,1254,039734,1.75,26.5384,21
63384,1255,039790,5.25,28.0928,21
63490,1256,039811,1.75,14.9717,21
63526,1257,039703,-5.25,-28.0608,21
63645,1258,039902,1.75,29.0849,21
63685,1259,039976,1.75,29.0621,21
63735,1260,040014,-56.4015,1.75,51
63853,1261,040004,28.4944,-1.75,21
64007,1262,040188,31.5759,-1.75,21
64027,1263,040203,32.0296,-1.75,21
64051,1264,040169,1.75,18.8412,21
64057,1265,040082,-1.75,-17.2824,21
64151,1266,040105,-25.7508,1.75,22
64198,1267,040269,1.75,23.2768,21
64208,1268,040277,1.75,41.6706,21
64210,1269,040276,5.25,27.6779,21
64229,1270,040335,1.75,27.8016,21
64403,1271,040394,-24.7102,5.25,51
64471,1272,040352,-5.25,-18.8408,21
64493,1273,040444,1.75,27.6922,21
64505,1274,040360,-1.75,-15.7901,21
64574,1275,040379,26.2562,-5.25,21
64638,1276,040583,-1.75,-29.7351,21
64697,1277,040572,27.2055,-5.25,21
64838,1278,040665,27.485,-5.25,21
64867,1279,040734,31.0697,-1.75,21
64999,1280,040819,28.9609,-5.25,21
65000,1281,040818,28.3536,-1.75,21
65031,1282,040792,-5.25,-18.7105,21
65101,1283,040812,-26.7382,1.75,51
65112,1284,040831,24.8159,-1.75,21
65136,1285,040904,27.341,-1.75,21
65323,1286,040891,-5.25,-26.2529,21
65533,1287,041106,-35.4686,1.75,51
65665,1288,041099,20.8709,-5.25,21
65696,1289,041246,28.5768,-1.75,21
65767,1290,041293,-1.75,-75.0122,21
65893,1291,041319,-1.75,-31.6956,21
65910,1292,041377,-5.25,-28.2994,21
66030,1293,041369,5.25,29.9365,21
66099,1294,041366,29.32,-1.75,21
66114,1295,041505,29.4843,-1.75,21
66131,1296,041517,31.3652,-1.75,21
66193,1297,041553,-5.25,-29.6141,21
66197,1298,041559,-1.75,-52.3774,21
66581,1299,041672,5.25,21.2775,21
66608,1300,041823,-1.75,-29.0852,21
66718,1301,041834,-5.25,-28.979,21
66742,1302,041905,1.75,28.7483,21
66859,1303,041930,1.75,29.8612,21
66859,1304,041846,-5.25,-25.729,21
66866,1305,041903,-1.75,-33.9795,21
66869,1306,041908,-1.75,-27.7556,21
66945,1307,041957,19.2188,-5.25,21
66950,1308,042043,-29.5951,1.75,51
66956,1309,041984,24.6253,-1.75,21
67022,1310,042096,1.75,29.3257,21
67131,1311,042019,-1.75,-20.7496,21
67351,1312,042257,-43.3807,1.75,51
67388,1313,042222,26.1573,-1.75,21
67412,1314,042287,-1.75,-19.5947,21
67426,1315,042213,1.75,21.2325,21
67453,1316,042373,1.75,13.5332,21
67461,1317,042298,-5.25,-25.258,21
67496,1318,042346,35.0052,-1.75,21
67519,1319,042414,29.3096,-5.25,21
67556,1320,042383,5.25,23.7691,21
67602,1321,042463,-1.75,-29.0179,21
67621,1322,042428,-22.2652,5.25,22
67905,1323,042613,27.5906,-5.25,21
67999,1324,042713,5.25,29.3214,21
68110,1325,042535,-1.75,-14.8978,21
68268,1326,042812,5.25,27.8962,21
68281,1327,042885,1.75,29.0799,21
68291,1328,042891,5.25,29.8627,21
68350,1329,042936,29.7042,-5.25,21
68397,1330,042910,5.25,24.2795,21
68463,1331,042953,25.5668,-5.25,21
68535,1332,042918,1.75,22.4526,21
68535,1333,043001,-5.25,-23.3711,21
68600,1334,042955,14.9725,-1.75,21
68607,1335,042956,19.0986,-5.25,21
68615,1336,042961,24.3939,-5.25,21
68671,1337,043048,5.25,18.8413,21
68693,1338,043100,1.75,28.894,21
68842,1339,043246,5.25,29.395,21
68844,1340,043248,5.25,29.6314,21
68893,1341,043231,27.3684,-1.75,21
68912,1342,043291,29.3672,-1.75,21
68972,1343,043277,5.25,27.7672,21
69028,1344,043235,-32.3088,1.75,51
69111,1345,043364,1.75,31.1102,21
69161,1346,043395,18.8412,-5.25,21
69166,1347,043400,23.7689,-5.25,21
69195,1348,043463,-36.3092,1.75,51
69247,1349,043335,-5.25,-29.7122,21
69275,1350,043366,-5.25,-22.1373,21
69317,1351,043450,29.532,-1.75,21
69471,1352,043648,28.84,-5.25,21
69518,1353,043523,5.25,25.4614,21
69548,1354,043697,-1.75,-30.7374,21
69550,1355,043701,-5.25,-29.9874,21
69630,1356,043748,28.0712,-5.25,21
69744,1357,043775,24.7739,-5.25,21
69837,1358,043885,-5.25,-29.2061,21
69837,1359,043886,-1.75,-29.1955,21
69958,1360,043903,-5.25,-25.1925,21
70049,1361,044023,-37.7297,1.75,51
70152,1362,043950,26.9703,-1.75,21
70233,1363,044080,5.25,28.7163,21
70295,1364,044124,49.0463,-1.75,21
70321,1365,044187,29.1381,-5.25,21
70355,1366,043994,-5.25,-19.732,21
70380,1367,044212,5.25,29.3465,21
70420,1368,044036,-17.0265,1.75,51
70429,1369,044197,20.4857,-5.25,21
70437,1370,044202,25.5343,-1.75,21
70563,1371,044121,-23.6695,1.75,51
70563,1372,044277,25.6206,-5.25,21
70583,1373,044296,28.8025,-5.25,21
70683,1374,044399,-1.75,-28.9158,21
70725,1375,044421,-27.5951,5.25,51
70733,1376,044437,29.4732,-5.25,21
70740,1377,044444,29.4403,-5.25,21
70751,1378,044455,33.176,-1.75,21
70822,1379,044500,1.75,24.2719,21
70912,1380,044410,-5.25,-19.5956,21
70915,1381,044412,-5.25,-22.3173,21
71024,1382,044629,28.3137,-1.75,21
71065,1383,044424,-1.75,-18.7098,21
71089,1384,044661,-1.75,-27.8654,21
71165,1385,044715,29.1857,-1.75,21
71203,1386,044655,1.75,27.844,21
71215,1387,044744,1.75,84.4921,21
71296,1388,044801,29.3336,-1.75,21
71368,1389,044848,-1.75,-27.6482,21
71402,1390,044820,19.5944,-5.25,21
71470,1391,044778,1.75,26.5892,21
71489,1392,044872,-1.75,-20.2701,21
71548,1393,044882,24.8992,-1.75,21
71549,1394,044888,25.7676,-5.25,21
71621,1395,044954,-5.25,-26.2774,21
71689,1396,044999,-30.5251,1.75,51
71856,1397,045139,-22.2658,1.75,22
72006,1398,045261,-37.0669,1.75,51
72117,1399,045313,-53.1887,1.75,51
72132,1400,045324,-38.085,1.75,51
72186,1401,045223,1.75,24.9647,21
72207,1402,045360,1.75,24.9589,21
72249,1403,045344,-29.3003,5.25,22
72323,1404,045383,-5.25,-27.6548,21
72334,1405,045370,5.25,25.1923,21
72526,1406,045348,29.2906,-5.25,21
72769,1407,045689,-1.75,-48.6281,21
72878,1408,045630,1.75,25.7531,21
72883,1409,045681,1.75,63.7472,21
72889,1410,045679,5.25,29.6995,21
73103,1411,045841,30.0108,-1.75,21
73114,1412,045899,29.2021,-1.75,21
73120,1413,045902,29.7648,-5.25,21
73125,1414,045907,32.6665,-1.75,21
73166,1415,045848,1.75,27.0066,21
73189,1416,045939,1.75,30.979,21
73227,1417,045839,-27.4243,5.25,51
73361,1418,045906,-24.2979,5.25,51
73364,1419,045968,-28.5429,5.25,51
73454,1420,046049,-1.75,-31.2701,21
73456,1421,046097,-1.75,-31.4111,21
73534,1422,046151,49.7674,-1.75,21
73539,1423,046155,29.3781,-1.75,21
                                                                                                                                                                                                                                                                                                                                                                                                                                                                                                                                                                                                                                                                                                                                                                                                                                                                                               