34,1,000031,-61.4225,1.75,51
163,2,000104,29.2239,-5.25,21
241,3,000166,5.25,28.1958,21
646,4,000344,1.75,29.9566,21
703,5,000431,21.5327,-5.25,21
774,6,000480,5.25,29.9557,21
805,7,000542,-1.75,-29.6796,21
824,8,000555,-1.75,-34.2555,21
951,9,000625,1.75,64.9738,21
1033,10,000666,29.8387,-1.75,21
1200,11,000649,1.75,35.2657,21
1490,12,000879,-1.75,-22.6393,21
1778,13,001132,5.25,29.1874,21
2057,14,001306,-5.25,-29.6256,21
2204,15,001404,5.25,27.7514,21
2456,16,001507,5.25,23.643,21
2622,17,001649,1.75,29.5672,21
2692,18,001691,-27.2236,1.75,51
2740,19,001668,1.75,21.5619,21
3233,20,001982,25.4891,-5.25,21
3306,21,002010,1.75,27.8266,21
3571,22,002105,1.75,18.841,21
3744,23,002348,1.75,55.1506,21
3931,24,002415,28.2594,-1.75,21
4206,25,002510,23.7358,-5.25,21
4317,26,002709,1.75,29.2648,21
4437,27,002777,-1.75,-29.3128,21
4582,28,002863,5.25,29.5693,21
4999,29,003117,5.25,29.1877,21
5060,30,003027,26.3233,-1.75,21
5118,31,003141,1.75,24.8987,21
5292,32,003304,-1.75,-34.276,21
5304,33,003311,-1.75,-34.9498,21
5471,34,003368,25.9011,-1.75,21
5608,35,003357,-28.9419,5.25,22
5687,36,003500,1.75,29.9833,21
5703,37,003477,-5.25,-29.5466,21
5754,38,003538,27.859,-1.75,21
6135,39,003837,-5.25,-29.401,21
6249,40,003858,-1.75,-29.7734,21
6284,41,003941,-1.75,-33.5613,21
6321,42,003910,28.1155,-1.75,21
6554,43,004107,-5.25,-28.2146,21
6877,44,004270,29.646,-1.75,21
7071,45,004395,-5.25,-25.1493,21
7281,46,004528,18.6482,-5.25,21
7359,47,004456,5.25,26.0071,21
7379,48,004629,1.75,27.9101,21
7437,49,004618,28.8223,-1.75,21
7503,50,004657,1.75,27.0777,21
7701,51,004784,-22.2655,5.25,22
7771,52,004743,1.75,18.8416,21
7783,53,004827,-1.75,-18.8875,21
8083,54,005059,-5.25,-27.1507,21
8644,55,005405,5.25,29.0116,21
9084,56,005682,1.75,34.0114,21
9540,57,005824,-19.6098,1.75,22
9552,58,005873,-27.0378,1.75,51
9552,59,005963,27.8632,-5.25,21
10110,60,006308,29.8998,-5.25,21
10119,61,006316,29.8197,-1.75,21
10311,62,006375,-5.25,-20.2203,21
10501,63,006349,20.7501,-1.75,21
10520,64,006505,-24.8099,5.25,22
10652,65,006578,25.9543,-1.75,21
10675,66,006641,65.4096,-1.75,21
10921,67,006626,-26.7375,1.75,51
11101,68,006917,-39.492,1.75,51
11452,69,006889,-5.25,-29.439,21
11602,70,007227,5.25,26.9572,21
12002,71,007473,-5.25,-27.0582,21
12118,72,007497,-5.25,-25.4787,21
12363,73,007719,29.5254,-1.75,21
12767,74,007969,27.4036,-5.25,21
12836,75,007955,-5.25,-19.0776,21
12969,76,008035,-5.25,-19.3939,21
12970,77,008027,5.25,29.9938,21
13422,78,008370,1.75,29.9873,21
13490,79,008411,47.6568,-1.75,21
13796,80,008282,-1.75,-19.3553,21
13885,81,008661,-29.9023,5.25,51
13982,82,008620,5.25,22.1377,21
14154,83,008792,26.9842,-1.75,21
14160,84,008703,-18.7327,1.75,51
14238,85,008885,5.25,29.0522,21
15621,86,009606,-1.75,-28.3019,21
15646,87,009753,-5.25,-29.8751,21
15725,88,009809,26.3001,-5.25,21
15847,89,009841,26.5102,-1.75,21
15938,90,009951,5.25,27.4225,21
16189,91,010065,-1.75,-54.311,21
16353,92,010220,1.75,75.9841,21
16400,93,010183,27.8422,-5.25,21
16453,94,010149,-5.25,-21.8963,21
16708,95,010449,-58.785,1.75,51
16946,96,010458,-37.5359,1.75,51
17061,97,010583,-1.75,-20.6295,21
17160,98,010590,-5.25,-26.5853,21
17296,99,010758,-5.25,-29.1846,21
17479,100,010929,1.75,33.2935,21
17654,101,010981,27.0588,-1.75,21
17871,102,011104,-1.75,-29.4688,21
17884,103,011173,-1.75,-30.1519,21
18085,104,011307,-55.5644,1.75,51
18439,105,011508,1.75,27.1387,21
18502,106,011557,-35.4584,1.75,51
18551,107,011446,-5.25,-18.8414,21
18702,108,011519,-5.25,-29.4531,21
18735,109,011702,1.75,29.11,21
18871,110,011795,-1.75,-32.5358,21
18971,111,011720,1.75,18.8415,21
19054,112,011863,26.2912,-1.75,21
19074,113,011931,28.7895,-5.25,21
19123,114,011783,5.25,27.8025,21
19185,115,011950,22.2246,-5.25,21
20143,116,012517,1.75,15.9334,21
20621,117,012890,27.9524,-1.75,21
20653,118,012785,-5.25,-25.5068,21
20690,119,012937,1.75,56.122,21
20894,120,013066,29.3386,-1.75,21
21113,121,013215,1.75,94.1833,21
21192,122,013259,28.9659,-1.75,21
21211,123,013129,-5.25,-18.841,21
21286,124,013170,-26.8966,5.25,22
21930,125,013549,5.25,27.6241,21
22137,126,013798,27.7606,-1.75,21
22202,127,013759,1.75,27.04,21
22206,128,013804,5.25,29.036,21
22245,129,013921,1.75,29.7545,21
22624,130,014105,-1.75,-27.2423,21
22636,131,014073,5.25,25.9625,21
23560,132,014733,29.7534,-5.25,21
23620,133,014764,-5.25,-28.7654,21
24045,134,015014,1.75,28.1019,21
24366,135,015191,-27.9091,1.75,51
24472,136,015303,-5.25,-29.2153,21
24657,137,015374,-35.5077,1.75,51
24924,138,015528,-28.5428,5.25,51
24956,139,015606,-37.798,1.75,51
24958,140,015608,-55.4062,1.75,51
24967,141,015610,-27.1085,5.25,51
25183,142,015759,-5.25,-28.7637,21
25288,143,015754,1.75,50.4763,21
25997,144,016264,-1.75,-29.573,21
26503,145,016577,33.1054,-1.75,21
26569,146,016613,-5.25,-27.169,21
26702,147,016691,-1.75,-30.15,21
26899,148,016781,27.8127,-1.75,21
27103,149,016915,-5.25,-25.678,21
27121,150,016970,-1.75,-41.1258,21
27163,151,016952,21.6366,-1.75,21
27549,152,017082,-1.75,-25.1739,21
27600,153,017189,28.5254,-1.75,21
28224,154,017524,1.75,19.0279,21
28512,155,017785,5.25,27.6808,21
28523,156,017855,1.75,28.8668,21
28736,157,018000,-33.5317,1.75,51
29503,158,018446,1.75,32.2672,21
29512,159,018455,1.75,47.0141,21
30413,160,019007,28.4819,-5.25,21
30474,161,018999,-5.25,-29.2685,21
30480,162,018990,1.75,19.5815,21
30499,163,018993,1.75,18.977,21
30609,164,019071,1.75,25.9959,21
31164,165,019413,-5.25,-27.2889,21
31394,166,019638,-36.7113,1.75,51
31573,167,019693,-1.75,-21.6371,21
31751,168,019770,5.25,22.1372,21
31755,169,019774,5.25,26.6064,21
31805,170,019878,29.522,-5.25,21
31926,171,019908,-28.9288,5.25,51
32004,172,019871,-1.75,-27.6137,21
32023,173,020007,-5.25,-29.6407,21
32140,174,020029,-5.25,-25.6605,21
32621,175,020325,-22.2652,5.25,22
32693,176,020367,-5.25,-22.095,21
32693,177,020289,5.25,21.6367,21
33352,178,020828,-37.2976,1.75,51
33400,179,020805,-5.25,-27.9498,21
33670,180,020977,-1.75,-13.1997,21
33741,181,021027,-24.9178,5.25,51
33894,182,021075,-29.4842,5.25,51
33984,183,021202,-1.75,-31.2991,21
34129,184,021301,1.75,29.4833,21
34303,185,021278,21.6366,-1.75,21
34527,186,021412,-1.75,-27.0584,21
34531,187,021461,-5.25,-29.1896,21
34663,188,021573,-1.75,-25.9782,21
34757,189,021697,-39.0143,1.75,51
34763,190,021705,-38.84,1.75,51
34791,191,021655,-1.75,-18.8414,21
34901,192,021787,-57.5986,1.75,51
35006,193,021777,27.6904,-5.25,21
35108,194,021911,1.75,27.7252,21
35426,195,022068,22.8146,-5.25,21
35634,196,022196,5.25,20.9755,21
35799,197,022343,5.25,28.7608,21
35877,198,022399,28.672,-5.25,21
36101,199,022546,-1.75,-28.8346,21
36331,200,022565,-5.25,-18.8414,21
36571,201,022848,-35.9799,1.75,51
36590,202,022863,-38.3711,1.75,51
36801,203,022977,-1.75,-31.877,21
37002,204,023103,28.878,-5.25,21
37134,205,023180,29.3729,-1.75,21
37339,206,023304,1.75,27.0203,21
37362,207,023325,1.75,29.2186,21
37772,208,023575,5.25,28.9344,21
38032,209,023702,-1.75,-30.1507,21
38088,210,023732,24.8426,-5.25,21
38197,211,023853,-1.75,-31.7813,21
38372,212,023891,26.7461,-1.75,21
38571,213,023836,5.25,18.8411,21
38667,214,024136,28.2693,-1.75,21
38692,215,024160,27.5858,-5.25,21
38870,216,024058,-1.75,-18.2659,21
39131,217,024289,-1.75,-14.6222,21
39142,218,024397,1.75,37.1997,21
39273,219,024481,5.25,21.6369,21
39515,220,024687,26.591,-1.75,21
39533,221,024702,79.9253,-1.75,21
39590,222,024637,-1.75,-35.0022,21
39670,223,024787,35.4109,-1.75,21
39901,224,024777,-24.2975,1.75,51
40158,225,025102,-1.75,-33.0926,21
40501,226,025262,19.3937,-5.25,21
40621,227,025407,-35.6604,1.75,51
41071,228,025609,22.0459,-1.75,21
41174,229,025690,26.5907,-5.25,21
41278,230,025825,5.25,28.5066,21
42147,231,026325,24.2889,-5.25,21
42185,232,026382,-33.8783,1.75,51
42391,233,026531,1.75,30.7361,21
42429,234,026503,-29.3006,5.25,51
42442,235,026410,19.3952,-5.25,21
42606,236,026649,34.708,-1.75,21
42841,237,026675,-26.7375,5.25,51
42877,238,026843,-39.1041,1.75,51
43541,239,027074,-26.7373,1.75,51
43688,240,027272,25.4619,-1.75,21
43699,241,027280,29.1892,-1.75,21
43926,242,027482,-1.75,-31.6799,21
43932,243,027488,-1.75,-28.1711,21
44386,244,027712,23.7225,-1.75,21
44670,245,027870,26.0005,-5.25,21
45012,246,028094,-5.25,-19.5954,21
45396,247,028378,-36.8611,1.75,51
45595,248,028427,5.25,19.3902,21
45608,249,028497,-1.75,-29.4753,21
45711,250,028516,5.25,18.7104,21
45725,251,028517,-5.25,-23.9895,21
45858,252,028615,5.25,24.8984,21
46084,253,028668,23.8064,-1.75,21
46348,254,028911,-30.778,1.75,51
46979,255,029307,-5.25,-24.6988,21
47210,256,029459,25.7008,-5.25,21
47226,257,029508,19.5377,-5.25,21
47277,258,029561,1.75,28.3289,21
47354,259,029610,28.5501,-5.25,21
47614,260,029696,28.194,-1.75,21
48140,261,030118,1.75,28.9745,21
48211,262,030163,30.2604,-1.75,21
48312,263,030171,27.3511,-1.75,21
48451,264,030143,-29.6942,5.25,51
48472,265,030319,29.9505,-1.75,21
49258,266,030746,5.25,22.1591,21
49293,267,030779,24.7591,-1.75,21
49364,268,030820,-1.75,-27.2261,21
49560,269,030781,-17.0277,1.75,51
49883,270,031191,29.2485,-5.25,21
49923,271,031162,1.75,18.844,21
50121,272,031130,-26.7376,1.75,51
50131,273,031288,26.8542,-1.75,21
50358,274,031495,-5.25,-28.3228,21
50412,275,031479,24.3563,-5.25,21
50788,276,031769,1.75,67.8844,21
50803,277,031778,5.25,29.2332,21
50939,278,031858,1.75,22.2309,21
51480,279,032204,1.75,30.2789,21
51573,280,032274,-29.5064,5.25,51
51596,281,032236,5.25,24.8755,21
51711,282,032361,28.7621,-5.25,21
52033,283,032517,5.25,29.0115,21
52151,284,032509,-1.75,-20.7493,21
52329,285,032747,-1.75,-31.2948,21
52728,286,032862,-1.75,-18.7095,21
52991,287,033026,1.75,18.8408,21
53023,288,033187,-5.25,-29.8042,21
53113,289,033252,29.5244,-1.75,21
53145,290,033137,1.75,25.3466,21
53281,291,033299,1.75,26.4481,21
53422,292,033282,-1.75,-19.1137,21
53732,293,033617,-1.75,-32.1949,21
53847,294,033567,1.75,29.2751,21
54323,295,033951,25.6598,-5.25,21
54355,296,034022,28.1848,-5.25,21
54543,297,034084,5.25,27.6549,21
54576,298,034157,1.75,29.3703,21
54719,299,034241,-5.25,-28.9212,21
55120,300,034482,-1.75,-43.1679,21
55213,301,034555,77.2357,-1.75,21
55239,302,034504,-5.25,-19.7634,21
55913,303,034976,-35.0956,1.75,51
56307,304,035123,24.0013,-1.75,21
56497,305,035244,-1.75,-24.3742,21
56581,306,035364,61.3331,-1.75,21
56730,307,035453,28.1872,-5.25,21
56777,308,035352,-5.25,-19.9292,21
56841,309,035473,18.8416,-5.25,21
56949,310,035587,-1.75,-29.658,21
57066,311,035608,-1.75,-36.8645,21
57159,312,035730,-29.3412,5.25,51
57196,313,035691,-1.75,-23.8581,21
57963,314,036101,21.6367,-5.25,21
58051,315,036299,-1.75,-43.7779,21
58055,316,036300,-5.25,-29.3259,21
58125,317,036348,28.3734,-5.25,21
58170,318,036227,1.75,20.7924,21
58387,319,036364,-28.4671,1.75,51
58466,320,036527,5.25,27.7316,21
58681,321,036703,-29.3513,1.75,51
58714,322,036737,43.936,-1.75,21
59081,323,036907,-24.2983,5.25,51
59721,324,037290,-5.25,-27.6395,21
59735,325,037301,-1.75,-29.0644,21
59783,326,037236,21.6367,-1.75,21
59888,327,037446,1.75,28.8636,21
59928,328,037390,25.7541,-1.75,21
59999,329,037464,1.75,25.7289,21
60015,330,037517,1.75,30.5676,21
60151,331,037607,-1.75,-42.3586,21
60629,332,037868,25.4511,-1.75,21
60653,333,037941,-36.8927,1.75,51
60774,334,037942,29.5436,-1.75,21
60861,335,038071,-1.75,-28.3138,21
60993,336,038153,1.75,41.1131,21
61116,337,038180,5.25,24.002,21
61210,338,038280,29.0608,-1.75,21
61357,339,038375,-37.7593,1.75,51
61680,340,038523,1.75,25.6302,21
61709,341,038590,1.75,29.7115,21
61709,342,038589,5.25,29.7775,21
61860,343,038684,1.75,29.4941,21
62301,344,038916,-24.9177,5.25,51
62475,345,039076,28.7282,-5.25,21
62482,346,039083,29.2575,-1.75,21
62520,347,038969,-5.25,-25.8226,21
62554,348,039127,-5.25,-29.9479,21
62651,349,039056,5.25,18.8407,21
63257,350,039489,5.25,28.8077,21
63316,351,039584,29.7485,-1.75,21
63333,352,039597,53.9761,-1.75,21
63942,353,039967,-1.75,-29.2338,21
64051,354,039991,-5.25,-26.5895,21
64120,355,039949,-17.0273,1.75,51
64281,356,040130,29.3822,-5.25,21
64450,357,040277,-33.5774,1.75,51
64645,358,040395,-5.25,-29.0434,21
64766,359,040333,5.25,28.6236,21
64970,360,040539,25.9096,-5.25,21
65126,361,040645,29.9512,-5.25,21
65187,362,040596,-5.25,-29.9996,21
65468,363,040862,1.75,40.4188,21
65876,364,041075,-5.25,-29.3694,21
65902,365,041088,-1.75,-21.3866,21
66061,366,041290,-1.75,-33.22,21
66151,367,041218,5.25,18.8415,21
66204,368,041379,1.75,32.6078,21
66266,369,041421,28.2648,-5.25,21
66315,370,041316,-5.25,-27.5038,21
66529,371,041556,29.4948,-5.25,21
66853,372,041673,5.25,22.5811,21
67098,373,041960,28.9029,-1.75,21
67103,374,041963,29.258,-5.25,21
67341,375,042071,-24.2975,5.25,51
67368,376,042127,28.2462,-1.75,21
67592,377,042268,1.75,29.279,21
67854,378,042302,1.75,26.3067,21
68416,379,042710,5.25,27.6948,21
68813,380,042850,5.25,21.6371,21
69315,381,043276,29.086,-5.25,21
69554,382,043324,-1.75,-15.8861,21
69620,383,043509,28.2673,-5.25,21
69836,384,043641,-5.25,-29.2592,21
69870,385,043534,25.9848,-5.25,21
69931,386,043651,-5.25,-18.8408,21
70001,387,043614,-24.2975,5.25,51
70003,388,043696,21.7022,-5.25,21
70393,389,043989,-1.75,-32.9083,21
70395,390,043990,-5.25,-28.6992,21
70439,391,043969,27.0835,-1.75,21
70792,392,044181,-1.75,-29.1886,21
71051,393,044327,1.75,20.7488,21
71053,394,044326,5.25,21.6365,21
71269,395,044378,-29.9464,5.25,22
71512,396,044655,-1.75,-29.8333,21
71780,397,044823,-5.25,-29.5009,21
71800,398,044843,-1.75,-31.0161,21
72287,399,045144,-36.7195,1.75,51
72694,400,045384,29.7904,-5.25,21
72801,401,045399,18.8411,-5.25,21
72948,402,045491,24.8985,-1.75,21
73167,403,045633,1.75,28.9085,21
73303,404,045718,5.25,26.3739,21
73472,405,045871,1.75,49.3677,21
73609,406,045952,-1.75,-29.2702,21
73713,407,045889,1.75,21.6371,21
74157,408,046211,1.75,29.824,21
74216,409,046281,19.4021,-5.25,21
74291,410,046329,1.75,29.6367,21
74373,411,046429,29.2168,-1.75,21
74416,412,046405,5.25,23.7932,21
74422,413,046404,1.75,20.9351,21
74484,414,046455,-29.8345,1.75,51
74516,415,046529,26.3405,-1.75,21
74522,416,046537,27.3307,-5.25,21
74984,417,046665,1.75,27.4751,21
75209,418,046788,18.2038,-1.75,21
75211,419,046794,21.7079,-1.75,21
75284,420,047020,5.25,29.422,21
75531,421,047126,1.75,18.8413,21
75535,422,047014,-5.25,-20.1235,21
75784,423,047359,-36.4075,1.75,51
76171,424,047522,18.85,-1.75,21
76305,425,047615,22.733,-1.75,21
76899,426,048057,-36.9709,1.75,51
77093,427,048131,-1.75,-29.0827,21
77291,428,048251,19.8458,-5.25,21
77351,429,048204,1.75,20.7495,21
77528,430,048455,-1.75,-30.682,21
78235,431,048892,5.25,28.9913,21
78416,432,048759,21.6679,-5.25,21
78449,433,048704,17.5656,-1.75,21
78541,434,048787,18.8406,-5.25,21
78686,435,049018,29.6298,-5.25,21
78976,436,049290,29.6004,-5.25,21
79065,437,049147,-1.75,-18.2659,21
79198,438,049474,1.75,31.5308,21
79351,439,049567,-1.75,-30.957,21
79412,440,049601,30.0122,-1.75,21
79487,441,049591,-1.75,-29.9916,21
80119,442,050064,-41.8981,1.75,51
80370,443,050174,-23.0539,1.75,22
80378,444,050182,-29.2673,5.25,51
80454,445,050197,-1.75,-41.1569,21
80522,446,050310,-35.9634,1.75,51
80587,447,050302,-1.75,-28.368,21
80587,448,050301,-5.25,-28.5529,21
81104,449,050677,-31.7189,1.75,51
81111,450,050603,14.3766,-5.25,21
81304,451,050809,1.75,29.4721,21
81340,452,050777,11.7811,-1.75,21
81447,453,050826,-5.25,-29.9818,21
81528,454,050944,-37.3523,1.75,51
81881,455,051163,-1.75,-29.9948,21
82005,456,051236,-5.25,-28.6571,21
82261,457,051179,1.75,21.0814,21
82653,458,051657,29.5589,-1.75,21
82756,459,051649,-24.2863,1.75,51
82996,460,051883,1.75,29.9459,21
83196,461,052014,-29.7805,1.75,51
84107,462,052492,-5.25,-21.737,21
84161,463,052576,-29.5843,1.75,51
84244,464,052678,5.25,29.7006,21
84399,465,052784,5.25,29.5655,21
84491,466,052788,1.75,18.8405,21
84493,467,052668,-5.25,-21.637,21
84592,468,052896,28.4557,-1.75,21
84600,469,052906,29.8945,-1.75,21
84841,470,053013,-26.7382,1.75,51
85203,471,053072,-5.25,-27.009,21
85833,472,053593,25.0043,-5.25,21
