76,1,000055,1.75,45.4451,21
143,2,000060,-24.7099,1.75,51
703,3,000342,21.6365,-1.75,21
796,4,000533,1.75,28.2648,21
983,5,000408,21.7604,-5.25,21
1296,6,000847,-35.9272,1.75,51
1300,7,000706,18.7276,-1.75,21
1499,8,000966,-5.25,-29.0464,21
1501,9,000968,-5.25,-29.4737,21
1556,10,000920,26.724,-1.75,21
1623,11,000964,5.25,27.4092,21
1696,12,001046,-37.8768,1.75,51
1763,13,000998,-1.75,-25.6788,21
1780,14,001137,-5.25,-28.876,21
1913,15,001177,-5.25,-29.8991,21
2108,16,001272,-29.7927,5.25,51
2265,17,001442,29.4769,-1.75,21
2283,18,001460,52.8474,-1.75,21
2283,19,001458,29.0601,-5.25,21
2348,20,001501,1.75,28.8052,21
2356,21,001430,-1.75,-17.4085,21
2668,22,001651,25.1607,-5.25,21
2705,23,001655,16.9569,-1.75,21
2819,24,001754,27.9988,-5.25,21
2821,25,001761,27.5375,-1.75,21
2839,26,001827,29.1559,-1.75,21
2887,27,001715,-1.75,-29.9281,21
2967,28,001903,28.207,-1.75,21
3136,29,001930,18.3917,-1.75,21
3465,30,002213,-1.75,-29.1571,21
3509,31,002190,19.0778,-1.75,21
3576,32,002229,-5.25,-23.7359,21
3588,33,002238,-1.75,-27.6217,21
3859,34,002299,1.75,22.7764,21
4018,35,002529,5.25,29.6772,21
4036,36,002544,1.75,33.2646,21
4160,37,002635,-1.75,-29.0698,21
4230,38,002688,-34.7381,1.75,51
4315,39,002743,-1.75,-28.8964,21
4350,40,002718,-32.2685,1.75,51
4420,41,002672,1.75,25.1941,21
4562,42,002857,-5.25,-29.5067,21
5008,43,003185,1.75,31.1515,21
5267,44,003271,1.75,19.1711,21
5275,45,003289,-5.25,-21.7656,21
5275,46,003277,1.75,25.7444,21
5539,47,003352,-5.25,-25.0393,21
5847,48,003685,1.75,30.1991,21
5975,49,003758,-1.75,-28.8612,21
6061,50,003818,28.3093,-5.25,21
6076,51,003829,24.6051,-1.75,21
6093,52,003702,5.25,21.6371,21
6256,53,003934,1.75,30.1092,21
6378,54,003886,-5.25,-27.0843,21
6932,55,004291,5.25,19.5949,21
6933,56,004290,1.75,21.6365,21
6968,57,004376,-5.25,-26.5374,21
7160,58,004443,-26.4033,1.75,22
7161,59,004423,29.5977,-5.25,21
7314,60,004590,28.6908,-1.75,21
7395,61,004642,-1.75,-44.8028,21
7402,62,004648,-1.75,-27.9089,21
7715,63,004779,28.86,-1.75,21
7843,64,004891,22.2582,-1.75,21
7855,65,004893,16.6123,-1.75,21
7951,66,005002,5.25,28.7296,21
8145,67,005074,20.4587,-5.25,21
8244,68,005188,-5.25,-26.4833,21
8360,69,005250,-1.75,-28.4593,21
8367,70,005257,-1.75,-31.997,21
8634,71,005356,-1.75,-10.1553,21
8681,72,005311,-24.2979,5.25,51
8729,73,005475,29.9181,-5.25,21
8920,74,005592,1.75,20.2125,21
8967,75,005446,-27.8826,5.25,51
9198,76,005778,-1.75,-27.0039,21
9216,77,005799,-1.75,-30.0772,21
9273,78,005836,-37.8605,1.75,51
9525,79,005832,29.7908,-1.75,21
9941,80,006103,18.8412,-1.75,21
10361,81,006458,-26.7387,5.25,51
10611,82,006649,1.75,28.5264,21
10887,83,006822,1.75,29.2,21
10991,84,006838,5.25,18.8413,21
11271,85,007007,-1.75,-20.7499,21
11421,86,007073,1.75,18.8413,21
11421,87,007103,-1.75,-21.9862,21
11531,88,007232,-39.6788,1.75,51
11863,89,007429,-1.75,-29.8121,21
12007,90,007531,1.75,29.4883,21
12189,91,007514,29.4523,-1.75,21
12288,92,007700,-1.75,-29.3242,21
12329,93,007600,-30.4751,1.75,51
12331,94,007602,-33.1398,1.75,51
12395,95,007716,-1.75,-27.4907,21
12429,96,007782,5.25,28.814,21
12472,97,007681,26.018,-5.25,21
12789,98,008006,-36.1706,1.75,51
12835,99,008025,-5.25,-29.0256,21
12988,100,008113,-5.25,-29.8361,21
13029,101,007986,24.1509,-5.25,21
13257,102,008277,-1.75,-29.0214,21
13279,103,008302,-5.25,-28.9815,21
13300,104,008181,14.9929,-1.75,21
13601,105,008451,-29.0274,5.25,22
13825,106,008569,1.75,18.7106,21
14108,107,008812,-5.25,-29.2333,21
14190,108,008861,-39.2225,1.75,51
14262,109,008895,-1.75,-41.6579,21
14266,110,008891,1.75,26.6996,21
14393,111,008987,-1.75,-83.8689,21
14399,112,008986,-5.25,-27.6708,21
14756,113,009127,29.6468,-1.75,21
14773,114,009157,5.25,22.0945,21
14792,115,009161,-1.75,-29.1752,21
14895,116,009179,16.5094,-1.75,21
14997,117,009308,50.65,-1.75,21
15065,118,009342,5.25,28.9197,21
15082,119,009395,5.25,29.3034,21
15356,120,009568,1.75,28.4584,21
15561,121,009710,73.3474,-1.75,21
15728,122,009829,-15.2935,1.75,51
15752,123,009691,-5.25,-24.1209,21
16150,124,010080,30.9739,-1.75,21
16286,125,010087,20.6249,-5.25,21
16329,126,010105,-1.75,-28.5695,21
16504,127,010305,-1.75,-30.3635,21
16556,128,010338,29.6576,-5.25,21
16849,129,010456,25.2375,-5.25,21
17084,130,010632,-28.3325,5.25,51
17404,131,010883,29.1796,-1.75,21
17806,132,011081,29.9904,-1.75,21
17851,133,010961,5.25,18.8406,21
18007,134,011210,-5.25,-29.0948,21
18214,135,011345,-24.7714,5.25,51
18845,136,011657,-1.75,-28.3582,21
19340,137,012043,25.8849,-1.75,21
19624,138,012191,29.5108,-5.25,21
19741,139,012221,-24.2973,1.75,51
19953,140,012423,-5.25,-21.7598,21
20739,141,012886,19.3983,-5.25,21
20749,142,012946,-38.5087,1.75,51
20828,143,012994,1.75,29.3492,21
20938,144,012977,-5.25,-25.4911,21
21121,145,013171,1.75,22.5956,21
21145,146,013148,24.5664,-1.75,21
21294,147,013224,27.5627,-5.25,21
21359,148,013291,5.25,23.3998,21
21387,149,013358,-1.75,-26.9644,21
21543,150,013465,1.75,29.2501,21
21577,151,013261,-25.5083,5.25,51
21802,152,013634,-1.75,-44.9483,21
21936,153,013716,1.75,44.4544,21
21952,154,013731,1.75,77.8615,21
22338,155,013845,-1.75,-25.4614,21
22426,156,013859,19.396,-5.25,21
22856,157,014271,28.5988,-5.25,21
22998,158,014294,22.3059,-5.25,21
22999,159,014368,-36.244,1.75,51
23085,160,014416,1.75,29.1871,21
23146,161,014457,50.9296,-1.75,21
23156,162,014381,-23.0373,1.75,51
23171,163,014421,1.75,20.7497,21
23241,164,014465,18.7103,-5.25,21
23469,165,014594,5.25,19.3941,21
23497,166,014677,-1.75,-28.464,21
23593,167,014600,1.75,21.6376,21
23700,168,014802,-36.8237,1.75,51
23888,169,014838,-5.25,-26.8958,21
24061,170,015051,-5.25,-29.1689,21
24082,171,015009,19.5949,-1.75,21
24091,172,015011,11.9766,-1.75,21
24262,173,015105,16.2962,-1.75,21
24393,174,015268,-37.2352,1.75,51
24533,175,015339,28.1577,-1.75,21
24611,176,015387,-5.25,-29.8566,21
24683,177,015436,54.9229,-1.75,21
24711,178,015400,-5.25,-18.8416,21
24887,179,015540,1.75,28.7775,21
24928,180,015523,-29.9226,5.25,51
25011,181,015532,-5.25,-19.5005,21
25061,182,015603,-24.2981,1.75,51
25083,183,015610,29.6472,-1.75,21
25137,184,015572,-5.25,-20.1133,21
25256,185,015768,27.7517,-1.75,21
25376,186,015832,29.9037,-1.75,21
25831,187,015996,-1.75,-18.8409,21
25979,188,016009,-5.25,-22.4828,21
25987,189,016058,-5.25,-21.7978,21
26336,190,016388,26.0653,-5.25,21
26393,191,016425,5.25,22.581,21
26492,192,016532,29.0903,-1.75,21
26627,193,016617,-35.149,1.75,51
26671,194,016594,5.25,18.7105,21
26682,195,016518,-5.25,-26.6233,21
26951,196,016764,5.25,18.7102,21
26953,197,016687,-5.25,-21.6367,21
27130,198,016909,5.25,29.8574,21
27303,199,016974,26.2051,-5.25,21
27309,200,016946,-29.8652,5.25,51
27315,201,016984,-32.655,1.75,51
27371,202,016930,1.75,20.749,21
27416,203,017095,5.25,29.86,21
27793,204,017283,-5.25,-22.0945,21
27820,205,017350,5.25,28.5709,21
27966,206,017435,5.25,26.6197,21
27969,207,017427,-5.25,-29.2523,21
28192,208,017581,25.7763,-1.75,21
28355,209,017633,1.75,22.4527,21
28848,210,017937,24.8472,-1.75,21
28920,211,017860,5.25,26.5751,21
29152,212,018179,30.7427,-1.75,21
29271,213,018201,22.3507,-5.25,21
29338,214,018238,5.25,24.8988,21
29482,215,018084,-5.25,-19.7396,21
29611,216,018414,1.75,18.8411,21
29768,217,018479,1.75,27.3219,21
29999,218,018716,28.6086,-5.25,21
30063,219,018755,1.75,48.6038,21
30222,220,018756,-5.25,-26.9941,21
30241,221,018819,-24.2975,5.25,51
30407,222,018988,29.8484,-5.25,21
30458,223,018880,-5.25,-24.8163,21
30479,224,019029,-5.25,-29.3564,21
30706,225,019023,18.7102,-1.75,21
30735,226,019061,1.75,21.6926,21
30913,227,019220,1.75,29.7711,21
31011,228,019226,5.25,18.8412,21
31013,229,019232,5.25,21.7602,21
31042,230,019365,-1.75,-30.7736,21
31269,231,019504,26.7012,-5.25,21
31315,232,019465,-5.25,-29.5653,21
31365,233,019483,-27.3116,1.75,51
31399,234,019578,27.2321,-1.75,21
31471,235,019630,1.75,29.3646,21
31501,236,019601,26.5893,-1.75,21
31590,237,019656,5.25,26.1852,21
32009,238,019911,5.25,29.5228,21
32108,239,020023,15.9484,-1.75,21
32147,240,019917,-1.75,-20.6745,21
32250,241,020138,29.5508,-5.25,21
32271,242,020090,5.25,20.7302,21
32496,243,020257,24.1443,-5.25,21
32514,244,020325,27.7893,-1.75,21
32850,245,020479,5.25,22.4707,21
33024,246,020632,1.75,32.929,21
33051,247,020602,27.7364,-1.75,21
33066,248,020661,67.7094,-1.75,21
33112,249,020637,1.75,19.5944,21
33253,250,020715,-5.25,-21.6367,21
33301,251,020803,-1.75,-30.4858,21
33433,252,020888,-5.25,-20.6214,21
33542,253,020903,5.25,26.6234,21
33547,254,020909,1.75,29.8418,21
33671,255,020986,5.25,20.7312,21
33723,256,021066,-5.25,-29.5142,21
33920,257,021191,-38.6043,1.75,51
34138,258,021171,5.25,25.1921,21
34190,259,021345,29.5225,-1.75,21
34387,260,021392,1.75,29.5685,21
34534,261,021567,1.75,52.3248,21
34540,262,021570,5.25,29.7508,21
34591,263,021559,-34.2512,1.75,51
34678,264,021655,1.75,30.1474,21
35141,265,021803,-24.2983,5.25,51
35253,266,021993,1.75,73.2384,21
35374,267,022021,1.75,28.1304,21
35428,268,022047,25.4784,-1.75,21
35646,269,022179,1.75,27.7469,21
35673,270,022246,1.75,29.7263,21
35813,271,022335,-1.75,-55.5604,21
36270,272,022473,25.9308,-5.25,21
36271,273,022480,49.6259,-1.75,21
36362,274,022655,-5.25,-27.4671,21
36656,275,022845,-1.75,-50.43,21
36867,276,022969,29.5881,-5.25,21
36926,277,023004,1.75,29.8688,21
37333,278,023219,-1.75,-28.9398,21
37346,279,023265,-5.25,-29.7392,21
37451,280,023280,-5.25,-18.7103,21
37490,281,023286,1.75,27.7698,21
37492,282,023295,1.75,27.5585,21
37640,283,023434,-5.25,-28.2764,21
37908,284,023589,1.75,48.3817,21
38179,285,023759,1.75,48.4825,21
38193,286,023773,1.75,50.0349,21
38197,287,023776,1.75,29.65,21
38297,288,023785,5.25,20.1133,21
38309,289,023774,-5.25,-29.1044,21
38335,290,023867,-1.75,-74.8827,21
38465,291,023938,-5.25,-25.0444,21
38512,292,023890,-29.5649,1.75,51
38571,293,023951,-5.25,-18.8413,21
38589,294,023983,1.75,29.8229,21
38604,295,024046,1.75,29.2096,21
38720,296,023963,-5.25,-20.3249,21
38723,297,023966,-5.25,-22.3265,21
38762,298,024144,-1.75,-29.5908,21
38807,299,024167,29.4157,-1.75,21
38852,300,024069,1.75,19.5948,21
39061,301,024282,18.8412,-1.75,21
39069,302,024286,24.9015,-5.25,21
39101,303,024365,49.5246,-1.75,21
39217,304,024391,-36.7372,1.75,51
39302,305,024493,1.75,28.6096,21
39837,306,024780,1.75,23.1086,21
40083,307,024898,22.2547,-1.75,21
40181,308,024913,18.8415,-1.75,21
40256,309,024951,5.25,23.0229,21
40321,310,024999,18.8417,-1.75,21
40346,311,025092,-27.7067,5.25,51
40463,312,025169,21.6373,-1.75,21
40788,313,025422,-36.3255,1.75,51
41021,314,025357,20.6408,-1.75,21
41043,315,025523,29.0446,-5.25,21
41045,316,025560,29.4378,-1.75,21
41056,317,025574,28.5986,-1.75,21
41074,318,025592,29.3128,-1.75,21
41095,319,025545,-1.75,-24.5951,21
41245,320,025531,1.75,24.0235,21
41273,321,025710,5.25,29.7569,21
41332,322,025748,26.8921,-5.25,21
41603,323,025874,30.0107,-1.75,21
41657,324,025900,1.75,24.9719,21
41737,325,025947,27.6528,-5.25,21
42023,326,026144,29.6302,-5.25,21
42107,327,026240,-1.75,-28.5355,21
42229,328,026236,5.25,26.5426,21
42456,329,026447,29.2644,-5.25,21
42567,330,026466,20.0126,-5.25,21
42612,331,026550,-29.6721,1.75,51
42776,332,026588,-5.25,-23.7363,21
42798,333,026650,-5.25,-29.4434,21
43010,334,026736,-29.6978,5.25,22
43016,335,026796,26.5586,-5.25,21
43166,336,026900,29.01,-1.75,21
43478,337,026969,5.25,24.843,21
43500,338,027053,-5.25,-19.3943,21
43625,339,027101,-1.75,-27.2895,21
43653,340,027205,-1.75,-31.4264,21
43681,341,027095,-22.2654,5.25,22
43821,342,027147,-24.2976,5.25,51
43929,343,027380,1.75,30.6489,21
44031,344,027395,1.75,18.8405,21
44274,345,027592,31.2138,-1.75,21
44323,346,027542,-1.75,-53.2653,21
44327,347,027539,-5.25,-28.7554,21
44429,348,027701,-34.5428,1.75,51
44499,349,027667,-5.25,-19.0901,21
44666,350,027627,23.6431,-5.25,21
44783,351,027917,-1.75,-54.6051,21
44807,352,027873,-27.5994,5.25,51
45228,353,028040,24.8995,-1.75,21
45274,354,028213,-29.8018,5.25,51
45788,355,028471,-31.6418,1.75,51
46016,356,028613,-1.75,-24.8448,21
46023,357,028579,5.25,23.6852,21
46061,358,028635,18.8414,-1.75,21
46082,359,028650,24.2066,-5.25,21
46418,360,028878,1.75,25.7534,21
46438,361,028948,-5.25,-29.0836,21
46631,362,028989,-29.3808,5.25,51
46631,363,028999,-32.7132,1.75,51
46726,364,029117,1.75,50.2635,21
46813,365,029185,35.2641,-1.75,21
46845,366,028985,-5.25,-22.523,21
46874,367,029220,5.25,29.0281,21
46954,368,029278,49.5416,-1.75,21
46982,369,029234,1.75,27.3103,21
47003,370,029299,5.25,25.903,21
47053,371,029282,23.6322,-5.25,21
47115,372,029125,-1.75,-20.1148,21
47144,373,029402,1.75,28.1982,21
47159,374,029418,1.75,51.5405,21
47291,375,029496,5.25,28.3959,21
47962,376,029873,-1.75,-27.7989,21
48258,377,030104,1.75,27.5004,21
48443,378,030172,21.7598,-5.25,21
48660,379,030310,1.75,29.7982,21
48824,380,030450,-1.75,-30.7908,21
48837,381,030461,-1.75,-29.7349,21
49117,382,030629,-1.75,-28.9239,21
49126,383,030635,-1.75,-27.6431,21
49240,384,030656,-5.25,-28.2479,21
49775,385,030899,5.25,22.2197,21
50121,386,031122,-26.7374,5.25,51
50139,387,031219,29.241,-5.25,21
50152,388,031280,29.2253,-1.75,21
50159,389,031287,28.9327,-1.75,21
50234,390,031332,-1.75,-28.8032,21
50422,391,031450,42.4697,-1.75,21
50499,392,031502,-5.25,-29.4824,21
50611,393,031523,-5.25,-18.7102,21
50619,394,031528,-1.75,-26.3339,21
50771,395,031540,1.75,18.7615,21
51056,396,031860,1.75,29.9125,21
51100,397,031848,-21.0757,5.25,51
51217,398,031976,1.75,23.4893,21
51248,399,031936,28.0664,-5.25,21
51456,400,031870,-5.25,-23.4297,21
51556,401,032176,-37.7128,1.75,51
51563,402,032182,-36.8507,1.75,51
51591,403,032148,5.25,18.8408,21
51766,404,032287,-5.25,-29.7525,21
52058,405,032473,-1.75,-53.8734,21
52085,406,032437,22.2204,-1.75,21
52086,407,032436,23.6431,-5.25,21
52242,408,032511,28.3669,-5.25,21
52377,409,032614,-38.7431,1.75,51
52446,410,032577,-1.75,-27.7443,21
52858,411,032828,-5.25,-25.1606,21
53217,412,033127,17.2304,-1.75,21
53281,413,033094,5.25,24.0121,21
53302,414,033242,1.75,45.0781,21
53317,415,033251,5.25,29.0283,21
53633,416,033374,-29.8538,1.75,51
53809,417,033568,-36.7239,1.75,51
53831,418,033451,1.75,18.8413,21
53878,419,033599,-5.25,-28.9673,21
53901,420,033574,-24.2976,1.75,51
53973,421,033610,-5.25,-21.7056,21
53998,422,033669,-1.75,-29.602,21
54060,423,033710,-48.3386,1.75,51
54111,424,033523,5.25,18.8408,21
54410,425,033858,1.75,26.3677,21
54412,426,033869,5.25,26.9431,21
54547,427,033926,-1.75,-29.0526,21
54607,428,033994,-31.354,1.75,51
54692,429,034055,-1.75,-28.4383,21
54760,430,034137,-35.5916,1.75,51
54922,431,034236,29.3235,-1.75,21
55029,432,034223,-29.6099,5.25,51
55279,433,034464,-1.75,-33.7767,21
55342,434,034507,28.7619,-1.75,21
55752,435,034768,-36.0314,1.75,51
56141,436,034899,14.4358,-1.75,21
56379,437,035149,1.75,29.3038,21
56506,438,035157,-1.75,-31.7987,21
56582,439,035245,-35.311,1.75,51
56931,440,035438,1.75,26.981,21
56991,441,035510,-29.4046,5.25,51
57348,442,035734,-5.25,-29.1807,21
57367,443,035792,-1.75,-56.6275,21
57575,444,035920,28.1874,-5.25,21
57727,445,036015,16.394,-5.25,21
57798,446,036068,-5.25,-29.6927,21
57890,447,036077,-1.75,-14.9932,21
57921,448,036094,-1.75,-38.5523,21
58103,449,036195,21.7604,-5.25,21
58271,450,036383,26.2048,-1.75,21
58391,451,036406,26.5426,-5.25,21
58492,452,036525,-1.75,-30.6005,21
58566,453,036576,-56.8789,1.75,51
58821,454,036687,28.2737,-5.25,21
58987,455,036850,-36.5864,1.75,51
59016,456,036815,-5.25,-23.4295,21
59050,457,036885,1.75,28.8916,21
59195,458,036965,-1.75,-30.09,21
59390,459,037094,-29.662,5.25,51
59403,460,037103,-36.0112,1.75,51
59807,461,037346,27.8834,-1.75,21
59820,462,037359,48.5058,-1.75,21
59945,463,037441,-29.8546,1.75,51
60131,464,037422,1.75,20.7901,21
60301,465,037659,5.25,29.9743,21
60443,466,037751,1.75,28.9622,21
60534,467,037815,29.6859,-1.75,21
60918,468,038009,27.2024,-1.75,21
61052,469,038090,26.0164,-5.25,21
61145,470,038195,1.75,28.8119,21
61280,471,038275,1.75,30.9849,21
61292,472,038284,5.25,28.9602,21
61398,473,038303,5.25,25.0852,21
61533,474,038386,-5.25,-25.7805,21
61583,475,038469,-1.75,-19.7797,21
61703,476,038535,1.75,45.8955,21
61707,477,038536,5.25,28.9659,21
61757,478,038421,27.5294,-5.25,21
62129,479,038794,-5.25,-29.3075,21
62172,480,038607,26.8303,-5.25,21
62231,481,038726,5.25,18.8408,21
62424,482,038958,-1.75,-28.9334,21
62516,483,038781,1.75,23.7234,21
62524,484,038860,5.25,24.6977,21
62528,485,038897,5.25,25.6655,21
62538,486,039028,1.75,26.7998,21
62593,487,038984,-31.8184,1.75,51
62731,488,039103,24.8118,-5.25,21
62909,489,039289,26.4666,-5.25,21
63097,490,039411,-1.75,-29.5897,21
63497,491,039624,5.25,23.8635,21
63524,492,039687,5.25,29.5615,21
63645,493,039553,-5.25,-28.2215,21
63728,494,039808,-38.0177,1.75,51
63920,495,039794,-5.25,-26.6067,21
64074,496,040018,1.75,29.6426,21
64289,497,040160,27.5172,-1.75,21
64410,498,040191,25.6829,-5.25,21
64571,499,040337,29.8794,-1.75,21
64592,500,040349,32.3278,-1.75,21
64641,501,040321,-1.75,-18.7104,21
64837,502,040450,-37.6626,1.75,51
65253,503,040704,24.4801,-1.75,21
65259,504,040714,44.1962,-1.75,21
65387,505,040792,-29.5356,5.25,51
65627,506,040987,-1.75,-27.8293,21
65666,507,040962,23.7369,-5.25,21
65824,508,041066,30.7255,-1.75,21
66179,509,041346,-1.75,-26.6622,21
66431,510,041386,-1.75,-18.8408,21
66477,511,041540,1.75,28.9985,21
66739,512,041688,1.75,31.0059,21
66853,513,041710,5.25,25.6207,21
67063,514,041761,-24.7101,5.25,51
67307,515,042012,5.25,28.8858,21
67315,516,042017,1.75,31.3499,21
67701,517,042117,5.25,25.3056,21
67731,518,042278,-1.75,-28.1905,21
67797,519,042323,29.1216,-5.25,21
67831,520,042292,-5.25,-20.7497,21
68330,521,042610,-33.6725,1.75,51
68406,522,042571,-5.25,-19.3952,21
68606,523,042705,23.7228,-5.25,21
68619,524,042757,29.7093,-5.25,21
68746,525,042835,-28.0582,1.75,51
68974,526,042981,-5.25,-27.903,21
69030,527,042949,26.0004,-5.25,21
69244,528,043015,-5.25,-19.3952,21
69282,529,043271,1.75,32.7933,21
69449,530,043234,18.847,-1.75,21
69651,531,043370,5.25,20.7491,21
69943,532,043654,-1.75,-28.3058,21
70015,533,043702,26.0669,-5.25,21
70048,534,043773,28.6063,-1.75,21
70150,535,043787,25.9847,-1.75,21
70221,536,043734,-1.75,-23.6335,21
70246,537,043902,-5.25,-29.331,21
70254,538,043909,-1.75,-28.2404,21
70286,539,043848,23.7365,-5.25,21
70291,540,043855,27.1336,-5.25,21
70327,541,043964,29.8676,-1.75,21
70373,542,043937,1.75,29.4184,21
70391,543,044004,1.75,30.5728,21
70501,544,044020,5.25,27.3744,21
70563,545,043978,25.6199,-5.25,21
70814,546,044186,5.25,19.8019,21
70990,547,044349,-30.3874,1.75,51
71063,548,044355,-5.25,-25.9344,21
71067,549,044360,-5.25,-24.7936,21
71128,550,044255,29.3239,-1.75,21
71265,551,044514,19.9673,-1.75,21
71370,552,044631,-1.75,-28.9077,21
71494,553,044673,1.75,43.5886,21
71634,554,044743,-1.75,-29.2623,21
71800,555,044744,1.75,25.1304,21
71904,556,044749,5.25,25.4826,21
71921,557,044985,-5.25,-28.5585,21
72045,558,045012,-1.75,-28.3814,21
72265,559,045230,-54.7896,1.75,51
72288,560,045162,29.4745,-5.25,21
72290,561,045161,24.5229,-1.75,21
72495,562,045368,1.75,30.1687,21
72661,563,045336,18.8415,-5.25,21
72713,564,045507,-38.4761,1.75,51
72771,565,045540,1.75,46.327,21
72994,566,045700,32.4456,-1.75,21
73021,567,045654,1.75,22.5619,21
73098,568,045712,23.4654,-1.75,21
73323,569,045915,-5.25,-29.6329,21
73323,570,045914,-1.75,-28.0787,21
73330,571,045921,-5.25,-29.7963,21
73508,572,045898,24.8425,-1.75,21
73676,573,046133,94.1833,-1.75,21
73683,574,046135,30.3985,-1.75,21
73993,575,046265,1.75,22.2581,21
74066,576,046312,23.4663,-5.25,21
74182,577,046439,5.25,29.3009,21
74560,578,046632,-1.75,-25.6587,21
74989,579,046826,-1.75,-25.6663,21
75195,580,047044,-36.7661,1.75,51
75408,581,047133,-1.75,-28.9758,21
75741,582,047380,26.5814,-1.75,21
75752,583,047348,-29.4928,1.75,51
75819,584,047350,5.25,25.6629,21
76138,585,047657,5.25,29.3123,21
76376,586,047751,-1.75,-23.7364,21
76445,587,047802,-27.5216,5.25,51
76485,588,047876,33.1322,-1.75,21
76910,589,048070,28.5896,-5.25,21
77192,590,048312,-57.1068,1.75,51
77462,591,048421,29.5482,-1.75,21
77495,592,048282,5.25,22.542,21
77523,593,048333,5.25,24.9621,21
77707,594,048595,-29.5366,5.25,51
77960,595,048817,-1.75,-29.7374,21
78031,596,048857,29.5687,-5.25,21
78073,597,048825,-1.75,-14.3951,21
78132,598,048869,36.6536,-1.75,21
78147,599,048876,18.9427,-1.75,21
78170,600,048940,28.6516,-1.75,21
78213,601,048968,1.75,60.045,21
78267,602,048872,-29.8943,1.75,51
78488,603,049092,-1.75,-28.026,21
78615,604,049179,-5.25,-22.1576,21
78624,605,049185,-5.25,-27.5063,21
78633,606,049189,1.75,32.1351,21
78638,607,049191,-1.75,-19.2154,21
78681,608,049223,20.7308,-5.25,21
78839,609,049381,-34.8421,1.75,51
78984,610,049466,-52.7996,1.75,51
79033,611,049373,-1.75,-21.6366,21
79270,612,049640,29.5904,-5.25,21
79405,613,049669,29.9241,-1.75,21
79458,614,049508,5.25,26.633,21
79675,615,049844,28.992,-1.75,21
79677,616,049903,94.1833,-1.75,21
79738,617,049883,1.75,24.8989,21
79750,618,049887,1.75,21.3673,21
79844,619,050009,29.4688,-5.25,21
79904,620,050048,-1.75,-29.5379,21
79974,621,050022,16.0306,-1.75,21
79979,622,050103,-29.5393,1.75,51
80033,623,050054,5.25,29.4479,21
80042,624,050136,5.25,29.333,21
80202,625,050243,-1.75,-29.5883,21
80230,626,050209,25.9994,-1.75,21
80248,627,050267,29.8902,-1.75,21
80323,628,050312,5.25,29.7259,21
80501,629,050377,-24.2978,1.75,51
80578,630,050422,-1.75,-24.8426,21
80726,631,050517,-1.75,-27.4203,21
80744,632,050432,5.25,27.448,21
80795,633,050562,-35.7679,1.75,51
81037,634,050763,-1.75,-33.6511,21
81518,635,051052,23.4281,-5.25,21
81529,636,051063,26.364,-1.75,21
81575,637,051092,-1.75,-29.612,21
81792,638,051162,21.4585,-5.25,21
81907,639,051243,24.2787,-5.25,21
82010,640,051281,-1.75,-15.9217,21
82013,641,051366,5.25,27.4793,21
82051,642,051336,59.4044,-1.75,21
82222,643,051483,29.701,-1.75,21
82252,644,051457,-5.25,-26.4127,21
82321,645,051393,-26.7385,1.75,51
82348,646,051568,-35.3001,1.75,51
82539,647,051637,-1.75,-24.0397,21
82671,648,051721,-1.75,-18.8408,21
82684,649,051723,-1.75,-18.0374,21
82854,650,051875,-1.75,-30.1853,21
83091,651,051960,5.25,26.5892,21
83340,652,052174,-55.7709,1.75,51
83685,653,052389,1.75,29.772,21
83801,654,052328,-5.25,-26.3241,21
83863,655,052285,-24.7101,1.75,51
83878,656,052427,-28.177,5.25,51
83956,657,052551,-1.75,-30.8964,21
84190,658,052640,-23.2669,1.75,51
84251,659,052760,5.25,29.2007,21
84431,660,052826,24.2102,-5.25,21
84735,661,053049,24.6604,-5.25,21
84739,662,053053,25.1373,-5.25,21
84773,663,052742,-5.25,-21.6367,21
84779,664,052789,-1.75,-25.1756,21
84781,665,052837,-1.75,-25.1654,21
84794,666,052922,-5.25,-21.4014,21
84821,667,053102,1.75,28.149,21
84923,668,053087,-5.25,-20.465,21
85102,669,053271,1.75,29.5814,21
85364,670,053433,-1.75,-30.5816,21
85472,671,053379,1.75,19.5945,21
85508,672,053519,-5.25,-28.1123,21
85563,673,053504,30.4671,-1.75,21
85783,674,053693,-1.75,-30.607,21
85794,675,053615,5.25,22.2675,21
85824,676,053675,-28.3472,5.25,51
85864,677,053747,28.9959,-5.25,21
85915,678,053777,1.75,29.675,21
85920,679,053783,1.75,49.3529,21
85927,680,053786,1.75,33.2862,21
85975,681,053768,28.2943,-5.25,21
85998,682,053832,28.5852,-1.75,21
86007,683,053839,29.4251,-5.25,21
86076,684,053883,1.75,32.2007,21
86327,685,053979,-5.25,-28.4819,21
