0,100,34,10,0,
0,200,75,38,0,
0,300,137,48,0,
0,400,181,73,0,
0,500,236,77,0,
0,600,283,94,0,
0,700,330,103,0,
0,800,367,132,0,
0,900,425,135,0,
0,1000,485,137,0,
0,1100,548,138,0,
0,1200,605,141,0,
0,1300,657,163,0,
0,1400,711,171,0,
0,1500,765,176,0,
0,1600,799,207,0,
0,1700,853,216,0,
0,1800,894,236,0,
0,1900,941,250,2,
0,2000,995,260,2,
0,2100,1054,263,2,
0,2200,1114,266,2,
0,2300,1148,298,2,
0,2400,1203,301,2,
0,2500,1269,302,2,
0,2600,1315,323,2,
0,2700,1364,339,4,
0,2800,1412,351,4,
0,2900,1449,382,4,
0,3000,1506,387,4,
0,3100,1549,399,7,
0,3200,1596,420,7,
0,3300,1631,440,7,
0,3400,1682,463,7,
0,3500,1731,472,7,
0,3600,1792,483,7,
0,3700,1819,520,7,
0,3800,1861,529,7,
0,3900,1912,552,7,
0,4000,1935,585,7,
0,4100,1982,601,7,
0,4200,2031,608,7,
0,4300,2069,639,7,
0,4400,2101,674,7,
0,4500,2155,677,7,
0,4600,2229,678,7,
0,4700,2260,705,7,
0,4800,2321,707,7,
0,4900,2384,708,7,
0,5000,2446,710,7,
0,5100,2505,711,7,
0,5200,2551,723,7,
0,5300,2591,743,7,
0,5400,2614,776,7,
0,5500,2674,780,7,
0,5600,2729,782,7,
0,5700,2760,806,9,
0,5800,2813,817,9,
0,5900,2872,822,9,
0,6000,2938,824,9,
0,6100,2992,834,9,
0,6200,3042,849,9,
0,6300,3091,857,9,
0,6400,3134,889,9,
0,6500,3194,901,9,
0,6600,3256,909,9,
0,6700,3305,924,11,
0,6800,3360,929,11,
0,6900,3404,950,11,
0,7000,3460,956,11,
0,7100,3517,973,11,
0,7200,3550,1000,13,
0,7300,3596,1008,13,
0,7400,3641,1032,13,
0,7500,3698,1038,13,
0,7600,3764,1039,13,
0,7700,3821,1040,13,
0,7800,3852,1068,13,
0,7900,3880,1097,13,
0,8000,3927,1108,13,
0,8100,3976,1126,13,
0,8200,4024,1129,13,
0,8300,4065,1150,13,
0,8400,4103,1159,13,
0,8500,4142,1193,13,
0,8600,4177,1221,13,
0,8700,4237,1230,13,
0,8800,4277,1249,15,
0,8900,4330,1253,15,
0,9000,4391,1261,15,
0,9100,4453,1263,15,
0,9200,4485,1290,15,
0,9300,4516,1321,15,
0,9400,4569,1323,15,
0,9500,4634,1324,15,
0,9600,4659,1357,15,
0,9700,4701,1376,18,
0,9800,4757,1377,18,
0,9900,4784,1410,18,
0,10000,4811,1445,18,
0,10100,4856,1451,21,
0,10200,4917,1452,21,
0,10300,4938,1485,21,
0,10400,4996,1491,21,
0,10500,5059,1493,21,
0,10600,5125,1501,21,
0,10700,5173,1519,21,
0,10800,5228,1524,21,
0,10900,5294,1525,21,
0,11000,5345,1527,21,
0,11100,5404,1547,21,
0,11200,5453,1550,21,
0,11300,5487,1583,21,
0,11400,5541,1604,21,
0,11500,5596,1608,21,
0,11600,5646,1622,21,
0,11700,5672,1652,21,
0,11800,5717,1672,21,
0,11900,5760,1684,21,
0,12000,5822,1687,21,
0,12100,5855,1718,21,
0,12200,5905,1729,21,
0,12300,5954,1752,21,
0,12400,5980,1786,21,
0,12500,6028,1807,21,
0,12600,6076,1820,21,
0,12700,6115,1854,21,
0,12800,6175,1859,21,
0,12900,6242,1867,21,
0,13000,6284,1888,21,
0,13100,6309,1920,21,
0,13200,6354,1940,21,
0,13300,6407,1953,21,
0,13400,6467,1955,21,
0,13500,6528,1959,21,
0,13600,6587,1963,21,
0,13700,6651,1971,21,
0,13800,6705,1972,21,
0,13900,6783,1977,21,
0,14000,6836,1978,21,
0,14100,6865,2011,21,
0,14200,6922,2013,21,
0,14300,6972,2022,21,
0,14400,7012,2052,21,
0,14500,7066,2057,21,
0,14600,7128,2062,21,
0,14700,7180,2063,21,
0,14800,7210,2095,21,
0,14900,7264,2107,21,
0,15000,7315,2116,21,
0,15100,7360,2134,21,
0,15200,7414,2137,21,
0,15300,7464,2155,21,
0,15400,7507,2167,21,
0,15500,7566,2171,21,
0,15600,7598,2200,23,
0,15700,7651,2204,23,
0,15800,7711,2205,25,
0,15900,7761,2211,25,
0,16000,7804,2234,25,
0,16100,7851,2244,25,
0,16200,7911,2249,25,
0,16300,7973,2256,25,
0,16400,8026,2268,25,
0,16500,8069,2291,25,
0,16600,8094,2320,25,
0,16700,8133,2341,25,
0,16800,8176,2350,25,
0,16900,8234,2355,25,
0,17000,8296,2362,25,
0,17100,8354,2369,25,
0,17200,8416,2374,25,
0,17300,8465,2383,25,
0,17400,8501,2407,25,
0,17500,8543,2416,25,
0,17600,8609,2421,25,
0,17700,8672,2423,25,
0,17800,8723,2436,25,
0,17900,8763,2459,25,
0,18000,8812,2471,25,
0,18100,8877,2472,25,
0,18200,8929,2473,25,
0,18300,8990,2478,25,
0,18400,9047,2487,25,
0,18500,9093,2496,25,
0,18600,9132,2521,25,
0,18700,9153,2552,25,
0,18800,9195,2574,25,
0,18900,9250,2583,25,
0,19000,9309,2586,25,
0,19100,9371,2591,25,
0,19200,9413,2599,25,
0,19300,9457,2620,25,
0,19400,9515,2626,25,
0,19500,9574,2636,27,
0,19600,9623,2637,31,
0,19700,9683,2641,31,
0,19800,9719,2669,31,
0,19900,9781,2675,31,
0,20000,9839,2676,33,
0,20100,9896,2678,33,
0,20200,9961,2685,33,
0,20300,10019,2688,33,
0,20400,10053,2719,33,
0,20500,10082,2755,33,
0,20600,10139,2758,33,
0,20700,10194,2759,33,
0,20800,10253,2765,33,
0,20900,10315,2775,33,
0,21000,10373,2776,33,
0,21100,10405,2808,33,
0,21200,10446,2834,33,
0,21300,10505,2837,33,
0,21400,10581,2838,33,
0,21500,10636,2840,33,
0,21600,10696,2843,33,
0,21700,10755,2847,33,
0,21800,10823,2852,33,
0,21900,10891,2857,33,
0,22000,10948,2868,33,
0,22100,10988,2892,33,
0,22200,11037,2896,33,
0,22300,11074,2919,33,
0,22400,11133,2931,33,
0,22500,11198,2937,33,
0,22600,11258,2940,33,
0,22700,11305,2950,35,
0,22800,11346,2971,35,
0,22900,11371,3000,35,
0,23000,11414,3021,35,
0,23100,11476,3022,35,
0,23200,11537,3025,35,
0,23300,11585,3053,35,
0,23400,11641,3064,35,
0,23500,11697,3076,35,
0,23600,11729,3107,35,
0,23700,11773,3133,35,
0,23800,11824,3146,35,
0,23900,11889,3152,35,
0,24000,11919,3189,35,
0,24100,11969,3199,35,
0,24200,12006,3217,35,
0,24300,12029,3244,35,
0,24400,12086,3250,35,
0,24500,12149,3251,35,
0,24600,12182,3281,35,
0,24700,12248,3292,35,
0,24800,12303,3299,35,
0,24900,12353,3316,35,
0,25000,12407,3324,35,
0,25100,12456,3347,35,
0,25200,12509,3356,35,
0,25300,12540,3386,35,
0,25400,12569,3418,35,
0,25500,12625,3422,35,
0,25600,12690,3423,35,
0,25700,12720,3454,35,
0,25800,12770,3476,35,
0,25900,12818,3488,35,
0,26000,12883,3492,35,
0,26100,12928,3511,35,
0,26200,12977,3520,37,
0,26300,13042,3521,37,
0,26400,13098,3523,37,
0,26500,13154,3530,37,
0,26600,13212,3531,37,
0,26700,13248,3554,37,
0,26800,13301,3566,37,
0,26900,13360,3575,37,
0,27000,13423,3577,37,
0,27100,13476,3592,37,
0,27200,13549,3592,37,
0,27300,13603,3593,37,
0,27400,13659,3606,39,
0,27500,13720,3608,39,
0,27600,13779,3610,39,
0,27700,13841,3611,39,
0,27800,13891,3616,39,
0,27900,13923,3636,42,
0,28000,13970,3646,42,
0,28100,14005,3676,42,
0,28200,14063,3680,42,
0,28300,14114,3689,42,
0,28400,14156,3712,42,
0,28500,14205,3719,42,
0,28600,14242,3741,42,
0,28700,14281,3751,42,
0,28800,14311,3782,42,
0,28900,14369,3786,42,
0,29000,14435,3792,42,
0,29100,14501,3793,42,
0,29200,14531,3818,42,
0,29300,14593,3819,42,
0,29400,14659,3820,42,
0,29500,14715,3828,44,
0,29600,14749,3860,46,
0,29700,14792,3870,46,
0,29800,14837,3893,46,
0,29900,14863,3926,46,
0,30000,14919,3944,46,
0,30100,14966,3954,46,
0,30200,15024,3958,46,
0,30300,15077,3963,48,
0,30400,15115,3973,48,
0,30500,15154,3994,48,
0,30600,15198,4004,48,
0,30700,15248,4027,48,
0,30800,15293,4038,48,
0,30900,15326,4068,48,
0,31000,15384,4072,48,
0,31100,15434,4077,48,
0,31200,15473,4099,48,
0,31300,15502,4132,48,
0,31400,15566,4140,48,
0,31500,15630,4141,48,
0,31600,15694,4144,48,
0,31700,15724,4172,48,
0,31800,15778,4181,48,
0,31900,15823,4203,48,
0,32000,15877,4209,48,
0,32100,15918,4231,48,
0,32200,15964,4238,48,
0,32300,16027,4244,48,
0,32400,16066,4275,48,
0,32500,16119,4282,48,
0,32600,16163,4300,48,
0,32700,16187,4335,48,
0,32800,16240,4354,48,
0,32900,16293,4367,48,
0,33000,16348,4373,48,
0,33100,16373,4401,48,
0,33200,16417,4411,48,
0,33300,16455,4434,48,
0,33400,16503,4439,48,
0,33500,16551,4455,48,
0,33600,16611,4456,48,
0,33700,16674,4459,48,
0,33800,16731,4461,48,
0,33900,16787,4465,48,
0,34000,16851,4466,48,
0,34100,16906,4480,48,
0,34200,16954,4501,48,
0,34300,16998,4510,48,
0,34400,17057,4519,48,
0,34500,17085,4550,48,
0,34600,17140,4557,48,
0,34700,17199,4575,48,
0,34800,17231,4598,50,
0,34900,17291,4604,50,
0,35000,17352,4605,50,
0,35100,17382,4634,50,
0,35200,17440,4636,50,
0,35300,17496,4640,50,
0,35400,17563,4641,50,
0,35500,17625,4647,50,
0,35600,17687,4650,50,
0,35700,17740,4651,50,
0,35800,17798,4656,50,
0,35900,17830,4686,50,
0,36000,17883,4695,50,
0,36100,17936,4715,50,
0,36200,17985,4718,50,
0,36300,18046,4724,50,
0,36400,18103,4725,50,
0,36500,18155,4732,52,
0,36600,18197,4755,52,
0,36700,18240,4766,52,
0,36800,18280,4788,52,
0,36900,18301,4813,52,
0,37000,18367,4815,52,
0,37100,18424,4817,52,
0,37200,18485,4822,52,
0,37300,18542,4830,52,
0,37400,18590,4835,52,
0,37500,18641,4847,52,
0,37600,18657,4873,52,
0,37700,18716,4885,52,
0,37800,18776,4887,52,
0,37900,18843,4892,52,
0,38000,18895,4907,52,
0,38100,18949,4916,52,
0,38200,19002,4937,52,
0,38300,19021,4967,52,
0,38400,19063,4987,52,
0,38500,19109,4997,52,
0,38600,19164,5001,52,
0,38700,19224,5004,52,
0,38800,19275,5013,52,
0,38900,19307,5034,52,
0,39000,19353,5044,52,
0,39100,19407,5064,52,
0,39200,19453,5076,52,
0,39300,19511,5083,52,
0,39400,19549,5114,52,
0,39500,19610,5118,52,
0,39600,19671,5121,52,
0,39700,19696,5155,52,
0,39800,19744,5172,52,
0,39900,19796,5173,52,
0,40000,19830,5199,52,
0,40100,19864,5232,52,
0,40200,19917,5243,52,
0,40300,19968,5258,52,
0,40400,20023,5270,52,
0,40500,20089,5272,52,
0,40600,20147,5273,52,
0,40700,20183,5307,52,
0,40800,20216,5336,52,
0,40900,20274,5344,52,
0,41000,20311,5365,52,
0,41100,20335,5396,52,
0,41200,20374,5416,52,
0,41300,20434,5417,52,
0,41400,20476,5442,52,
0,41500,20510,5477,52,
0,41600,20566,5484,52,
0,41700,20629,5487,52,
0,41800,20680,5489,52,
0,41900,20745,5490,52,
0,42000,20810,5491,52,
0,42100,20867,5494,52,
0,42200,20931,5502,52,
0,42300,20983,5505,52,
0,42400,21049,5506,52,
0,42500,21101,5512,52,
0,42600,21157,5514,52,
0,42700,21214,5515,52,
0,42800,21247,5547,52,
0,42900,21286,5575,52,
0,43000,21333,5586,52,
0,43100,21370,5606,52,
0,43200,21420,5611,52,
0,43300,21488,5622,52,
0,43400,21553,5625,52,
0,43500,21603,5651,52,
0,43600,21667,5654,52,
0,43700,21719,5664,52,
0,43800,21761,5687,52,
0,43900,21814,5693,52,
0,44000,21863,5715,52,
0,44100,21911,5731,52,
0,44200,21960,5746,52,
0,44300,22018,5752,52,
0,44400,22071,5757,52,
0,44500,22132,5766,52,
0,44600,22185,5769,52,
0,44700,22240,5777,52,
0,44800,22291,5785,52,
0,44900,22318,5820,52,
0,45000,22346,5850,52,
0,45100,22397,5859,52,
0,45200,22433,5884,52,
0,45300,22457,5918,52,
0,45400,22511,5935,52,
0,45500,22554,5944,52,
0,45600,22623,5948,52,
0,45700,22687,5959,52,
0,45800,22739,5964,52,
0,45900,22805,5966,52,
0,46000,22831,5997,52,
0,46100,22869,6021,52,
0,46200,22913,6030,52,
0,46300,22950,6061,52,
0,46400,22983,6096,52,
0,46500,23032,6100,52,
0,46600,23076,6121,52,
0,46700,23127,6128,52,
0,46800,23171,6148,52,
0,46900,23219,6158,52,
0,47000,23247,6191,52,
0,47100,23279,6223,52,
0,47200,23338,6231,52,
0,47300,23380,6252,52,
0,47400,23434,6261,52,
0,47500,23495,6264,52,
0,47600,23557,6265,52,
0,47700,23623,6271,52,
0,47800,23686,6274,52,
0,47900,23739,6285,52,
0,48000,23789,6305,52,
0,48100,23843,6315,52,
0,48200,23898,6315,52,
0,48300,23953,6318,52,
0,48400,23996,6345,52,
0,48500,24056,6348,52,
0,48600,24099,6360,54,
0,48700,24139,6380,54,
0,48800,24165,6414,54,
0,48900,24225,6419,54,
0,49000,24276,6420,54,
0,49100,24311,6453,54,
0,49200,24344,6485,54,
0,49300,24390,6495,54,
0,49400,24434,6516,54,
0,49500,24462,6544,54,
0,49600,24529,6554,54,
0,49700,24586,6555,54,
0,49800,24617,6591,54,
0,49900,24677,6594,54,
0,50000,24728,6604,54,
0,50100,24776,6626,54,
0,50200,24808,6657,54,
0,50300,24872,6675,54,
0,50400,24915,6686,54,
0,50500,24970,6699,54,
0,50600,25005,6729,54,
0,50700,25056,6738,54,
0,50800,25093,6762,54,
0,50900,25120,6789,54,
0,51000,25161,6811,54,
0,51100,25207,6825,54,
0,51200,25269,6830,54,
0,51300,25330,6833,54,
0,51400,25388,6835,54,
0,51500,25451,6837,54,
0,51600,25503,6840,54,
0,51700,25542,6863,54,
0,51800,25597,6873,54,
0,51900,25624,6904,54,
0,52000,25655,6932,54,
0,52100,25711,6941,54,
0,52200,25752,6960,54,
0,52300,25794,6969,54,
0,52400,25833,6993,54,
0,52500,25875,7003,54,
0,52600,25937,7006,54,
0,52700,26001,7008,54,
0,52800,26048,7018,54,
0,52900,26090,7036,54,
0,53000,26114,7067,54,
0,53100,26156,7087,54,
0,53200,26202,7102,54,
0,53300,26265,7106,54,
0,53400,26320,7118,54,
0,53500,26372,7123,54,
0,53600,26416,7147,54,
0,53700,26473,7151,54,
0,53800,26537,7154,54,
0,53900,26594,7158,54,
0,54000,26624,7192,54,
0,54100,26652,7226,54,
0,54200,26709,7235,54,
0,54300,26763,7239,54,
0,54400,26809,7243,54,
0,54500,26853,7263,54,
0,54600,26899,7274,54,
0,54700,26932,7311,54,
0,54800,26990,7315,54,
0,54900,27044,7319,54,
0,55000,27109,7320,54,
0,55100,27136,7347,54,
0,55200,27190,7368,54,
0,55300,27242,7377,54,
0,55400,27275,7402,54,
0,55500,27312,7431,54,
0,55600,27371,7434,54,
0,55700,27426,7459,54,
0,55800,27483,7464,54,
0,55900,27545,7478,54,
0,56000,27600,7479,54,
0,56100,27639,7513,54,
0,56200,27673,7546,54,
0,56300,27726,7550,54,
0,56400,27791,7551,54,
0,56500,27854,7553,54,
0,56600,27912,7555,54,
0,56700,27964,7556,56,
0,56800,28021,7561,56,
0,56900,28085,7563,56,
0,57000,28139,7568,56,
0,57100,28209,7572,56,
0,57200,28265,7578,56,
0,57300,28308,7602,56,
0,57400,28360,7613,56,
0,57500,28389,7642,56,
0,57600,28431,7669,56,
0,57700,28470,7678,56,
0,57800,28509,7699,56,
0,57900,28556,7718,56,
0,58000,28598,7737,56,
0,58100,28640,7746,56,
0,58200,28687,7757,56,
0,58300,28723,7786,56,
0,58400,28775,7795,58,
0,58500,28810,7818,58,
0,58600,28856,7830,58,
0,58700,28903,7851,58,
0,58800,28949,7862,58,
0,58900,28978,7889,58,
0,59000,29015,7922,58,
0,59100,29070,7931,58,
0,59200,29112,7953,58,
0,59300,29163,7965,60,
0,59400,29223,7968,60,
0,59500,29273,7970,60,
0,59600,29333,7977,60,
0,59700,29360,8006,60,
0,59800,29411,8017,60,
0,59900,29448,8038,60,
0,60000,29477,8068,60,
0,60100,29531,8076,60,
0,60200,29592,8077,60,
0,60300,29657,8082,60,
0,60400,29715,8087,60,
0,60500,29772,8092,60,
0,60600,29824,8112,60,
0,60700,29882,8114,60,
0,60800,29937,8119,60,
0,60900,29986,8130,60,
0,61000,30021,8158,60,
0,61100,30060,8190,60,
0,61200,30102,8201,60,
0,61300,30139,8223,60,
0,61400,30193,8227,60,
0,61500,30256,8229,60,
0,61600,30309,8230,60,
0,61700,30375,8232,60,
0,61800,30430,8237,60,
0,61900,30496,8242,60,
0,62000,30564,8243,60,
0,62100,30623,8246,60,
0,62200,30684,8257,60,
0,62300,30740,8259,60,
0,62400,30801,8266,60,
0,62500,30826,8295,60,
0,62600,30881,8300,60,
0,62700,30935,8308,60,
0,62800,30988,8317,60,
0,62900,31050,8326,60,
0,63000,31102,8327,60,
0,63100,31141,8358,60,
0,63200,31162,8392,60,
0,63300,31214,8400,60,
0,63400,31279,8401,60,
0,63500,31303,8436,60,
0,63600,31356,8450,60,
0,63700,31405,8460,60,
0,63800,31448,8485,60,
0,63900,31488,8507,60,
0,64000,31532,8519,60,
0,64100,31573,8539,62,
0,64200,31596,8571,62,
0,64300,31650,8592,62,
0,64400,31706,8605,62,
0,64500,31740,8630,62,
0,64600,31767,8662,62,
0,64700,31817,8674,62,
0,64800,31873,8684,62,
0,64900,31924,8689,62,
0,65000,31963,8709,62,
0,65100,32010,8719,62,
0,65200,32039,8748,62,
0,65300,32069,8781,62,
0,65400,32134,8785,62,
0,65500,32197,8787,62,
0,65600,32237,8805,62,
0,65700,32285,8820,62,
0,65800,32332,8830,62,
0,65900,32374,8857,62,
0,66000,32401,8886,64,
0,66100,32460,8890,64,
0,66200,32524,8891,64,
0,66300,32554,8919,64,
0,66400,32592,8939,64,
0,66500,32643,8948,64,
0,66600,32676,8976,64,
0,66700,32735,8979,64,
0,66800,32789,8991,64,
0,66900,32856,8999,64,
0,67000,32879,9029,64,
0,67100,32926,9051,64,
0,67200,32974,9064,64,
0,67300,33003,9094,64,
0,67400,33034,9125,64,
0,67500,33087,9136,64,
0,67600,33128,9163,64,
0,67700,33166,9192,64,
0,67800,33213,9213,64,
0,67900,33268,9224,64,
0,68000,33326,9235,64,
0,68100,33357,9267,64,
0,68200,33416,9277,64,
0,68300,33482,9285,64,
0,68400,33515,9310,64,
0,68500,33571,9327,64,
0,68600,33632,9328,64,
0,68700,33659,9358,64,
0,68800,33700,9392,64,
0,68900,33767,9396,64,
0,69000,33837,9397,64,
0,69100,33884,9409,64,
0,69200,33944,9412,64,
0,69300,34009,9413,66,
0,69400,34051,9439,66,
0,69500,34108,9444,66,
0,69600,34163,9447,66,
0,69700,34231,9449,66,
0,69800,34269,9470,66,
0,69900,34324,9491,66,
0,70000,34370,9499,66,
0,70100,34430,9504,66,
0,70200,34491,9511,66,
0,70300,34547,9519,66,
0,70400,34611,9520,66,
0,70500,34630,9555,66,
0,70600,34669,9578,66,
0,70700,34716,9590,66,
0,70800,34742,9618,66,
0,70900,34773,9649,66,
0,71000,34823,9660,66,
0,71100,34870,9682,66,
0,71200,34923,9690,66,
0,71300,34979,9698,66,
0,71400,35036,9702,66,
0,71500,35093,9704,66,
0,71600,35128,9735,66,
0,71700,35189,9739,66,
0,71800,35246,9740,70,
0,71900,35272,9768,70,
0,72000,35341,9771,70,
0,72100,35397,9774,70,
0,72200,35444,9800,70,
0,72300,35505,9801,70,
0,72400,35550,9812,70,
0,72500,35591,9834,70,
0,72600,35640,9848,70,
0,72700,35682,9873,70,
0,72800,35725,9884,70,
0,72900,35756,9917,70,
0,73000,35803,9937,70,
0,73100,35869,9938,70,
0,73200,35941,9939,70,
0,73300,35987,9949,70,
0,73400,36035,9970,70,
0,73500,36090,9972,70,
0,73600,36117,10000,70,
0,73700,36143,10028,70,
0,73800,36190,10039,70,
0,73900,36239,10067,70,
0,74000,36297,10075,70,
0,74100,36341,10096,70,
0,74200,36384,10106,70,
0,74300,36437,10111,70,
0,74400,36477,10132,70,
0,74500,36533,10137,70,
0,74600,36603,10138,70,
0,74700,36654,10143,70,
0,74800,36698,10166,70,
0,74900,36743,10172,70,
0,75000,36799,10188,70,
0,75100,36859,10196,70,
0,75200,36911,10204,70,
0,75300,36954,10227,70,
0,75400,37000,10241,70,
0,75500,37043,10261,70,
0,75600,37091,10272,70,
0,75700,37122,10304,70,
0,75800,37191,10313,70,
0,75900,37244,10320,70,
0,76000,37310,10321,70,
0,76100,37337,10352,70,
0,76200,37379,10371,70,
0,76300,37418,10384,72,
0,76400,37447,10412,72,
0,76500,37473,10447,72,
0,76600,37531,10452,72,
0,76700,37599,10453,72,
0,76800,37650,10457,72,
0,76900,37712,10459,72,
0,77000,37773,10460,72,
0,77100,37834,10469,72,
0,77200,37896,10471,72,
0,77300,37951,10474,72,
0,77400,38016,10475,72,
0,77500,38043,10510,72,
0,77600,38103,10521,72,
0,77700,38163,10523,72,
0,77800,38209,10539,72,
0,77900,38271,10541,72,
0,78000,38327,10552,72,
0,78100,38373,10570,72,
0,78200,38417,10597,72,
0,78300,38467,10611,72,
0,78400,38513,10621,72,
0,78500,38575,10625,72,
0,78600,38620,10643,72,
0,78700,38669,10650,74,
0,78800,38739,10652,74,
0,78900,38762,10686,74,
0,79000,38822,10689,74,
0,79100,38887,10690,74,
0,79200,38948,10694,74,
0,79300,38987,10724,74,
0,79400,39053,10729,74,
0,79500,39114,10730,74,
0,79600,39164,10732,74,
0,79700,39217,10749,74,
0,79800,39261,10760,74,
0,79900,39305,10790,74,
0,80000,39360,10799,74,
0,80100,39409,10806,74,
0,80200,39468,10809,74,
0,80300,39523,10811,74,
0,80400,39583,10813,74,
0,80500,39636,10814,74,
0,80600,39667,10848,74,
0,80700,39707,10875,74,
0,80800,39764,10880,74,
0,80900,39831,10881,74,
0,81000,39864,10913,74,
0,81100,39903,10934,74,
0,81200,39947,10945,74,
0,81300,39977,10977,74,
0,81400,40007,11007,74,
0,81500,40055,11017,74,
0,81600,40118,11025,74,
0,81700,40145,11053,74,
0,81800,40196,11063,74,
0,81900,40255,11064,74,
0,82000,40292,11094,74,
0,82100,40342,11107,74,
0,82200,40406,11117,74,
0,82300,40441,11145,74,
0,82400,40492,11151,74,
0,82500,40559,11156,74,
0,82600,40621,11157,74,
0,82700,40654,11192,74,
0,82800,40708,11201,74,
0,82900,40754,11210,74,
0,83000,40796,11230,74,
0,83100,40847,11236,74,
0,83200,40889,11259,74,
0,83300,40939,11268,74,
0,83400,40967,11293,74,
0,83500,41028,11298,74,
0,83600,41081,11307,74,
0,83700,41123,11331,74,
0,83800,41145,11364,74,
0,83900,41192,11386,74,
0,84000,41236,11395,74,
0,84100,41293,11402,74,
0,84200,41330,11431,74,
0,84300,41376,11439,74,
0,84400,41418,11464,74,
0,84500,41453,11491,74,
0,84600,41516,11494,74,
0,84700,41580,11496,74,
0,84800,41611,11526,74,
0,84900,41648,11557,74,
0,85000,41708,11562,74,
0,85100,41777,11564,74,
0,85200,41802,11596,74,
0,85300,41851,11614,74,
0,85400,41897,11624,74,
0,85500,41939,11658,74,
0,85600,41967,11690,74,
0,85700,42021,11699,74,
0,85800,42064,11721,74,
0,85900,42081,11750,74,
0,86000,42128,11772,74,
0,86100,42171,11784,74,
0,86200,42195,11820,74,
0,86300,42221,11854,74,
0,86400,42284,11859,74,
