0,100,39,12,0,
0,200,68,46,0,
0,300,115,58,0,
0,400,154,80,0,
0,500,206,84,0,
0,600,267,86,0,
0,700,321,87,0,
0,800,351,121,0,
0,900,404,139,0,
0,1000,458,141,0,
0,1100,521,142,0,
0,1200,572,163,0,
0,1300,619,180,0,
0,1400,663,190,0,
0,1500,685,224,0,
0,1600,711,256,0,
0,1700,767,260,0,
0,1800,831,261,0,
0,1900,860,290,0,
0,2000,911,310,0,
0,2100,953,318,0,
0,2200,1015,328,0,
0,2300,1048,352,0,
0,2400,1098,353,0,
0,2500,1161,354,0,
0,2600,1187,382,0,
0,2700,1253,388,0,
0,2800,1315,389,0,
0,2900,1379,397,0,
0,3000,1414,429,0,
0,3100,1462,440,0,
0,3200,1501,464,0,
0,3300,1524,493,0,
0,3400,1570,514,0,
0,3500,1625,519,0,
0,3600,1652,553,0,
0,3700,1697,570,0,
0,3800,1756,572,0,
0,3900,1825,573,0,
0,4000,1879,576,0,
0,4100,1939,580,0,
0,4200,2004,581,0,
0,4300,2069,588,0,
0,4400,2130,593,0,
0,4500,2177,608,0,
0,4600,2231,622,0,
0,4700,2258,645,0,
0,4800,2320,649,0,
0,4900,2372,650,0,
0,5000,2410,680,0,
0,5100,2475,686,0,
0,5200,2522,694,0,
0,5300,2560,717,0,
0,5400,2583,753,0,
0,5500,2625,774,0,
0,5600,2670,786,0,
0,5700,2711,815,0,
0,5800,2741,848,0,
0,5900,2795,854,0,
0,6000,2861,863,0,
0,6100,2912,866,0,
0,6200,2950,889,0,
0,6300,3000,900,0,
0,6400,3035,930,0,
0,6500,3094,932,0,
0,6600,3149,943,0,
0,6700,3212,947,0,
0,6800,3239,980,0,
0,6900,3286,999,0,
0,7000,3328,1008,0,
0,7100,3352,1038,0,
0,7200,3408,1052,0,
0,7300,3465,1055,0,
0,7400,3534,1056,0,
0,7500,3575,1076,0,
0,7600,3612,1095,0,
0,7700,3661,1104,0,
0,7800,3710,1120,0,
0,7900,3767,1125,0,
0,8000,3831,1130,0,
0,8100,3879,1148,0,
0,8200,3904,1174,0,
0,8300,3949,1195,0,
0,8400,3997,1205,0,
0,8500,4054,1207,0,
0,8600,4117,1214,0,
0,8700,4174,1223,0,
0,8800,4218,1242,0,
0,8900,4244,1278,0,
0,9000,4289,1298,0,
0,9100,4335,1310,0,
0,9200,4394,1314,0,
0,9300,4457,1317,0,
0,9400,4512,1323,0,
0,9500,4579,1324,0,
0,9600,4613,1352,0,
0,9700,4650,1370,0,
0,9800,4700,1385,0,
0,9900,4731,1414,0,
0,10000,4791,1419,0,
0,10100,4841,1432,0,
0,10200,4880,1449,0,
0,10300,4908,1477,0,
0,10400,4953,1498,0,
0,10500,4997,1510,0,
0,10600,5026,1540,0,
0,10700,5065,1573,0,
0,10800,5115,1577,0,
0,10900,5181,1579,0,
0,11000,5208,1607,0,
0,11100,5252,1627,0,
0,11200,5298,1636,0,
0,11300,5362,1638,0,
0,11400,5418,1653,0,
0,11500,5471,1659,0,
0,11600,5532,1660,0,
0,11700,5563,1693,0,
0,11800,5613,1712,0,
0,11900,5655,1724,0,
0,12000,5686,1755,0,
0,12100,5740,1760,0,
0,12200,5791,1769,0,
0,12300,5832,1794,0,
0,12400,5860,1822,0,
0,12500,5901,1841,0,
0,12600,5960,1854,0,
0,12700,5994,1886,0,
0,12800,6037,1912,0,
0,12900,6088,1923,0,
0,13000,6133,1943,0,
0,13100,6159,1976,0,
0,13200,6196,1997,0,
0,13300,6245,2007,0,
0,13400,6299,2013,0,
0,13500,6328,2042,0,
0,13600,6381,2044,0,
0,13700,6447,2045,0,
0,13800,6468,2082,0,
0,13900,6519,2099,0,
0,14000,6565,2109,0,
0,14100,6628,2115,0,
0,14200,6660,2143,0,
0,14300,6712,2153,0,
0,14400,6747,2177,0,
0,14500,6767,2209,0,
0,14600,6837,2214,0,
0,14700,6887,2215,0,
0,14800,6921,2247,0,
0,14900,6981,2258,0,
0,15000,7043,2260,0,
0,15100,7111,2261,0,
0,15200,7133,2293,0,
0,15300,7195,2298,0,
0,15400,7256,2300,0,
0,15500,7311,2305,0,
0,15600,7372,2309,0,
0,15700,7425,2317,0,
0,15800,7466,2342,0,
0,15900,7522,2347,0,
0,16000,7583,2353,0,
0,16100,7635,2354,0,
0,16200,7663,2390,0,
0,16300,7730,2393,0,
0,16400,7780,2406,0,
0,16500,7825,2426,0,
0,16600,7850,2455,0,
0,16700,7907,2461,0,
0,16800,7963,2462,2,
0,16900,8021,2469,2,
0,17000,8055,2498,2,
0,17100,8112,2505,2,
0,17200,8151,2527,2,
0,17300,8208,2530,2,
0,17400,8247,2552,2,
0,17500,8297,2564,2,
0,17600,8342,2595,2,
0,17700,8374,2624,2,
0,17800,8433,2634,2,
0,17900,8482,2663,2,
0,18000,8505,2695,2,
0,18100,8549,2716,2,
0,18200,8600,2725,2,
0,18300,8639,2751,2,
0,18400,8680,2782,2,
0,18500,8725,2792,2,
0,18600,8768,2816,2,
0,18700,8822,2819,2,
0,18800,8868,2835,2,
0,18900,8917,2848,2,
0,19000,8976,2857,2,
0,19100,9030,2865,2,
0,19200,9084,2872,2,
0,19300,9142,2874,2,
0,19400,9172,2902,2,
0,19500,9232,2918,2,
0,19600,9274,2930,2,
0,19700,9307,2963,2,
0,19800,9371,2968,2,
0,19900,9427,2975,2,
0,20000,9485,2992,2,
0,20100,9539,2996,2,
0,20200,9601,3000,2,
0,20300,9663,3001,2,
0,20400,9688,3033,2,
0,20500,9754,3036,2,
0,20600,9801,3042,2,
0,20700,9864,3043,2,
0,20800,9888,3075,2,
0,20900,9934,3094,2,
0,21000,9978,3102,2,
0,21100,10035,3110,2,
0,21200,10092,3116,2,
0,21300,10144,3121,2,
0,21400,10211,3122,2,
0,21500,10265,3127,2,
0,21600,10320,3130,2,
0,21700,10376,3131,2,
0,21800,10407,3158,2,
0,21900,10438,3190,2,
0,22000,10489,3199,2,
0,22100,10526,3222,2,
0,22200,10551,3253,2,
0,22300,10616,3255,2,
0,22400,10676,3256,2,
0,22500,10708,3286,2,
0,22600,10767,3289,2,
0,22700,10827,3294,2,
0,22800,10861,3317,2,
0,22900,10890,3346,2,
0,23000,10961,3349,2,
0,23100,11018,3350,2,
0,23200,11080,3353,2,
0,23300,11115,3380,2,
0,23400,11166,3389,2,
0,23500,11204,3406,2,
0,23600,11228,3438,2,
0,23700,11280,3458,2,
0,23800,11326,3470,2,
0,23900,11388,3474,2,
0,24000,11415,3511,2,
0,24100,11461,3522,4,
0,24200,11502,3540,4,
0,24300,11535,3569,4,
0,24400,11601,3580,4,
0,24500,11658,3581,4,
0,24600,11720,3583,4,
0,24700,11784,3585,4,
0,24800,11839,3589,4,
0,24900,11891,3592,4,
0,25000,11945,3597,4,
0,25100,12006,3600,4,
0,25200,12065,3601,4,
0,25300,12127,3604,4,
0,25400,12163,3635,4,
0,25500,12219,3638,4,
0,25600,12290,3639,4,
0,25700,12332,3666,4,
0,25800,12401,3669,4,
0,25900,12458,3670,4,
0,26000,12490,3697,4,
0,26100,12555,3702,4,
0,26200,12608,3711,4,
0,26300,12678,3714,4,
0,26400,12707,3740,4,
0,26500,12743,3761,4,
0,26600,12799,3773,4,
0,26700,12833,3805,4,
0,26800,12857,3834,4,
0,26900,12906,3845,4,
0,27000,12954,3868,4,
0,27100,12980,3897,4,
0,27200,13023,3920,4,
0,27300,13072,3929,4,
0,27400,13136,3936,4,
0,27500,13168,3972,4,
0,27600,13229,3973,4,
0,27700,13289,3975,4,
0,27800,13314,4008,4,
0,27900,13383,4014,4,
0,28000,13444,4015,4,
0,28100,13476,4039,4,
0,28200,13503,4069,4,
0,28300,13564,4071,4,
0,28400,13621,4072,4,
0,28500,13636,4107,4,
0,28600,13674,4128,4,
0,28700,13715,4140,4,
0,28800,13769,4151,4,
0,28900,13803,4180,4,
0,29000,13855,4192,4,
0,29100,13901,4214,4,
0,29200,13945,4238,4,
0,29300,14004,4245,4,
0,29400,14063,4246,4,
0,29500,14089,4276,4,
0,29600,14136,4307,4,
0,29700,14184,4315,4,
0,29800,14227,4339,4,
0,29900,14248,4373,4,
0,30000,14314,4380,4,
0,30100,14369,4381,4,
0,30200,14429,4383,4,
0,30300,14460,4415,4,
0,30400,14510,4428,4,
0,30500,14553,4450,4,
0,30600,14581,4485,4,
0,30700,14616,4507,4,
0,30800,14659,4516,4,
0,30900,14723,4525,4,
0,31000,14780,4541,4,
0,31100,14836,4548,4,
0,31200,14898,4549,4,
0,31300,14920,4581,4,
0,31400,14976,4584,4,
0,31500,15038,4586,4,
0,31600,15100,4594,4,
0,31700,15142,4618,4,
0,31800,15191,4626,4,
0,31900,15239,4648,4,
0,32000,15291,4653,4,
0,32100,15329,4677,4,
0,32200,15376,4687,4,
0,32300,15432,4689,4,
0,32400,15483,4698,4,
0,32500,15540,4703,4,
0,32600,15603,4711,4,
0,32700,15634,4746,4,
0,32800,15689,4760,4,
0,32900,15732,4770,4,
0,33000,15792,4778,4,
0,33100,15852,4779,4,
0,33200,15898,4789,4,
0,33300,15935,4810,4,
0,33400,15967,4840,4,
0,33500,16015,4858,4,
0,33600,16058,4868,4,
0,33700,16098,4899,4,
0,33800,16132,4931,4,
0,33900,16185,4939,4,
0,34000,16223,4962,4,
0,34100,16278,4974,4,
0,34200,16333,4978,4,
0,34300,16387,4980,4,
0,34400,16410,5013,4,
0,34500,16440,5043,4,
0,34600,16494,5054,4,
0,34700,16555,5056,4,
0,34800,16606,5059,4,
0,34900,16645,5080,4,
0,35000,16698,5090,4,
0,35100,16756,5094,4,
0,35200,16789,5121,4,
0,35300,16830,5130,4,
0,35400,16873,5150,4,
0,35500,16923,5153,4,
0,35600,16977,5155,4,
0,35700,17039,5156,4,
0,35800,17091,5176,4,
0,35900,17149,5183,4,
0,36000,17209,5186,4,
0,36100,17274,5188,4,
0,36200,17299,5220,4,
0,36300,17333,5241,4,
0,36400,17375,5252,4,
0,36500,17412,5282,4,
0,36600,17441,5314,4,
0,36700,17506,5320,4,
0,36800,17564,5322,4,
0,36900,17611,5344,4,
0,37000,17673,5349,4,
0,37100,17732,5350,4,
0,37200,17789,5354,4,
0,37300,17817,5383,4,
0,37400,17879,5384,4,
0,37500,17951,5385,4,
0,37600,18001,5391,4,
0,37700,18047,5409,4,
0,37800,18094,5417,4,
0,37900,18131,5446,4,
0,38000,18163,5478,4,
0,38100,18207,5487,4,
0,38200,18244,5517,4,
0,38300,18267,5545,4,
0,38400,18333,5549,4,
0,38500,18387,5551,4,
0,38600,18444,5553,4,
0,38700,18473,5580,4,
0,38800,18537,5590,4,
0,38900,18574,5614,4,
0,39000,18628,5618,4,
0,39100,18678,5635,4,
0,39200,18721,5647,4,
0,39300,18778,5650,4,
0,39400,18835,5658,4,
0,39500,18891,5669,4,
0,39600,18954,5683,4,
0,39700,19003,5686,4,
0,39800,19046,5704,4,
0,39900,19093,5716,4,
0,40000,19151,5719,4,
0,40100,19215,5720,4,
0,40200,19277,5728,4,
0,40300,19337,5731,4,
0,40400,19364,5757,4,
0,40500,19425,5759,4,
0,40600,19479,5760,4,
0,40700,19521,5792,4,
0,40800,19578,5798,4,
0,40900,19632,5807,4,
0,41000,19679,5829,4,
0,41100,19700,5861,4,
0,41200,19750,5882,4,
0,41300,19794,5893,4,
0,41400,19826,5923,4,
0,41500,19855,5955,4,
0,41600,19909,5966,4,
0,41700,19950,5986,4,
0,41800,20000,5990,4,
0,41900,20060,5991,4,
0,42000,20112,5992,4,
0,42100,20142,6026,4,
0,42200,20206,6032,4,
0,42300,20267,6035,4,
0,42400,20310,6053,4,
0,42500,20342,6077,4,
0,42600,20408,6088,4,
0,42700,20462,6089,4,
0,42800,20492,6120,4,
0,42900,20523,6152,4,
0,43000,20578,6160,4,
0,43100,20613,6184,4,
0,43200,20638,6213,4,
0,43300,20681,6235,4,
0,43400,20728,6247,4,
0,43500,20770,6272,4,
0,43600,20802,6297,4,
0,43700,20857,6309,4,
0,43800,20902,6326,4,
0,43900,20955,6329,4,
0,44000,21016,6336,4,
0,44100,21072,6337,4,
0,44200,21102,6365,4,
0,44300,21140,6385,4,
0,44400,21195,6397,4,
0,44500,21250,6418,4,
0,44600,21275,6452,4,
0,44700,21315,6474,4,
0,44800,21368,6487,4,
0,44900,21421,6496,4,
0,45000,21488,6500,4,
0,45100,21539,6510,4,
0,45200,21581,6533,4,
0,45300,21605,6564,4,
0,45400,21653,6586,4,
0,45500,21700,6597,4,
0,45600,21758,6600,4,
0,45700,21817,6602,4,
0,45800,21872,6606,4,
0,45900,21937,6607,4,
0,46000,21968,6629,4,
0,46100,22027,6631,4,
0,46200,22081,6632,4,
0,46300,22141,6642,4,
0,46400,22175,6672,4,
0,46500,22226,6673,4,
0,46600,22287,6678,4,
0,46700,22317,6709,4,
0,46800,22360,6730,4,
0,46900,22413,6742,4,
0,47000,22441,6772,4,
0,47100,22495,6782,4,
0,47200,22546,6795,4,
0,47300,22589,6816,4,
0,47400,22645,6820,4,
0,47500,22686,6842,4,
0,47600,22735,6853,4,
0,47700,22765,6888,4,
0,47800,22805,6920,4,
0,47900,22864,6922,4,
0,48000,22926,6923,4,
0,48100,22974,6928,4,
0,48200,23012,6952,4,
0,48300,23064,6963,4,
0,48400,23116,6970,4,
0,48500,23139,7004,4,
0,48600,23201,7009,4,
0,48700,23242,7029,4,
0,48800,23267,7061,4,
0,48900,23325,7067,4,
0,49000,23385,7068,4,
0,49100,23443,7076,4,
0,49200,23472,7108,4,
0,49300,23519,7116,4,
0,49400,23571,7134,4,
0,49500,23598,7167,4,
0,49600,23641,7183,4,
0,49700,23705,7185,4,
0,49800,23741,7212,4,
0,49900,23802,7223,4,
0,50000,23850,7225,4,
0,50100,23909,7226,4,
0,50200,23934,7257,4,
0,50300,23989,7267,4,
0,50400,24047,7269,4,
0,50500,24071,7303,4,
0,50600,24131,7311,4,
0,50700,24191,7315,4,
0,50800,24254,7318,4,
0,50900,24279,7349,4,
0,51000,24329,7373,4,
0,51100,24371,7389,4,
0,51200,24411,7418,4,
0,51300,24453,7450,4,
0,51400,24497,7459,4,
0,51500,24543,7480,4,
0,51600,24592,7485,4,
0,51700,24663,7497,4,
0,51800,24722,7498,4,
0,51900,24751,7529,4,
0,52000,24783,7560,4,
0,52100,24843,7564,4,
0,52200,24910,7565,4,
0,52300,24968,7573,4,
0,52400,25007,7595,4,
0,52500,25055,7603,4,
0,52600,25118,7610,4,
0,52700,25160,7643,4,
0,52800,25215,7654,4,
0,52900,25260,7677,4,
0,53000,25277,7707,4,
0,53100,25319,7726,4,
0,53200,25369,7739,4,
0,53300,25398,7770,4,
0,53400,25463,7772,4,
0,53500,25521,7775,4,
0,53600,25585,7776,4,
0,53700,25646,7779,4,
0,53800,25711,7782,4,
0,53900,25768,7783,4,
0,54000,25799,7821,4,
0,54100,25829,7851,4,
0,54200,25888,7862,4,
0,54300,25957,7869,4,
0,54400,25993,7904,4,
0,54500,26032,7928,4,
0,54600,26075,7937,4,
0,54700,26103,7968,4,
0,54800,26135,7998,4,
0,54900,26185,8009,4,
0,55000,26236,8026,4,
0,55100,26259,8054,4,
0,55200,26302,8073,4,
0,55300,26345,8081,4,
0,55400,26406,8086,4,
0,55500,26444,8121,4,
0,55600,26494,8133,4,
0,55700,26550,8149,4,
0,55800,26613,8153,4,
0,55900,26662,8168,4,
0,56000,26713,8178,4,
0,56100,26771,8187,4,
0,56200,26807,8214,4,
0,56300,26855,8225,4,
0,56400,26895,8245,4,
0,56500,26943,8253,4,
0,56600,27009,8255,4,
0,56700,27066,8257,4,
0,56800,27129,8260,4,
0,56900,27167,8292,4,
0,57000,27222,8299,4,
0,57100,27285,8300,4,
0,57200,27335,8326,4,
0,57300,27401,8330,4,
0,57400,27453,8331,4,
0,57500,27503,8345,4,
0,57600,27532,8379,4,
0,57700,27585,8391,4,
0,57800,27629,8415,4,
0,57900,27669,8436,4,
0,58000,27707,8459,4,
0,58100,27749,8470,4,
0,58200,27814,8477,4,
0,58300,27875,8487,4,
0,58400,27931,8496,4,
0,58500,27970,8518,4,
0,58600,28020,8523,4,
0,58700,28083,8533,4,
0,58800,28145,8534,4,
0,58900,28210,8538,4,
0,59000,28239,8567,4,
0,59100,28296,8574,4,
0,59200,28364,8576,4,
0,59300,28415,8578,4,
0,59400,28450,8598,4,
0,59500,28500,8607,4,
0,59600,28556,8618,4,
0,59700,28587,8646,4,
0,59800,28640,8655,4,
0,59900,28679,8678,4,
0,60000,28702,8705,4,
0,60100,28748,8728,4,
0,60200,28801,8734,4,
0,60300,28855,8744,4,
0,60400,28913,8750,4,
0,60500,28960,8760,4,
0,60600,29019,8773,4,
0,60700,29073,8779,4,
0,60800,29132,8784,4,
0,60900,29198,8785,4,
0,61000,29224,8817,4,
0,61100,29259,8851,4,
0,61200,29310,8854,4,
0,61300,29373,8855,4,
0,61400,29393,8888,4,
0,61500,29446,8897,4,
0,61600,29507,8898,4,
0,61700,29562,8903,4,
0,61800,29593,8934,4,
0,61900,29640,8937,4,
0,62000,29701,8939,4,
0,62100,29729,8968,4,
0,62200,29790,8977,4,
0,62300,29843,8978,4,
0,62400,29867,9005,4,
0,62500,29929,9010,4,
0,62600,29984,9019,4,
0,62700,30031,9039,4,
0,62800,30090,9050,4,
0,62900,30147,9056,4,
0,63000,30200,9064,4,
0,63100,30228,9095,4,
0,63200,30285,9102,4,
0,63300,30330,9111,4,
0,63400,30383,9132,4,
0,63500,30437,9138,4,
0,63600,30483,9156,4,
0,63700,30540,9157,4,
0,63800,30606,9160,4,
0,63900,30654,9185,4,
0,64000,30710,9188,4,
0,64100,30769,9211,4,
0,64200,30794,9242,4,
0,64300,30844,9262,4,
0,64400,30889,9270,4,
0,64500,30912,9300,4,
0,64600,30949,9328,4,
0,64700,30998,9341,4,
0,64800,31038,9366,4,
0,64900,31059,9397,4,
0,65000,31121,9402,4,
0,65100,31175,9407,4,
0,65200,31223,9432,4,
0,65300,31259,9464,4,
0,65400,31306,9471,4,
0,65500,31369,9472,4,
0,65600,31393,9506,4,
0,65700,31441,9529,4,
0,65800,31484,9539,4,
0,65900,31513,9572,4,
0,66000,31575,9575,4,
0,66100,31631,9578,4,
0,66200,31700,9579,4,
0,66300,31721,9610,4,
0,66400,31760,9634,4,
0,66500,31800,9644,4,
0,66600,31867,9650,4,
0,66700,31922,9653,4,
0,66800,31981,9659,4,
0,66900,32042,9660,4,
0,67000,32071,9697,4,
0,67100,32130,9720,4,
0,67200,32191,9726,4,
0,67300,32247,9743,4,
0,67400,32306,9757,4,
0,67500,32357,9763,4,
0,67600,32401,9782,4,
0,67700,32460,9791,4,
0,67800,32519,9794,4,
0,67900,32573,9795,4,
0,68000,32607,9825,4,
0,68100,32665,9830,4,
0,68200,32712,9838,4,
0,68300,32757,9861,4,
0,68400,32782,9896,4,
0,68500,32841,9906,4,
0,68600,32896,9907,4,
0,68700,32941,9935,4,
0,68800,33004,9939,4,
0,68900,33058,9948,4,
0,69000,33102,9969,4,
0,69100,33155,9973,4,
0,69200,33220,9979,4,
0,69300,33275,9980,4,
0,69400,33306,10011,4,
0,69500,33369,10015,4,
0,69600,33430,10028,4,
0,69700,33481,10051,4,
0,69800,33508,10079,4,
0,69900,33554,10102,4,
0,70000,33600,10111,4,
0,70100,33649,10118,4,
0,70200,33683,10147,4,
0,70300,33745,10155,4,
0,70400,33788,10177,4,
0,70500,33841,10181,4,
0,70600,33894,10199,4,
0,70700,33935,10209,4,
0,70800,33996,10212,4,
0,70900,34060,10218,4,
0,71000,34118,10222,4,
0,71100,34183,10225,4,
0,71200,34205,10252,4,
0,71300,34264,10256,4,
0,71400,34323,10257,4,
0,71500,34361,10286,4,
0,71600,34413,10293,4,
0,71700,34471,10299,4,
0,71800,34536,10300,4,
0,71900,34566,10336,4,
0,72000,34615,10357,4,
0,72100,34663,10370,4,
0,72200,34696,10398,4,
0,72300,34725,10428,4,
0,72400,34788,10436,4,
0,72500,34852,10444,4,
0,72600,34893,10458,4,
0,72700,34950,10463,4,
0,72800,35011,10464,4,
0,72900,35034,10494,4,
0,73000,35056,10530,4,
0,73100,35109,10535,4,
0,73200,35181,10536,4,
0,73300,35233,10537,4,
0,73400,35282,10559,4,
0,73500,35338,10570,4,
0,73600,35365,10603,4,
0,73700,35422,10605,4,
0,73800,35487,10616,4,
0,73900,35524,10637,4,
0,74000,35575,10642,4,
0,74100,35636,10648,4,
0,74200,35698,10649,4,
0,74300,35733,10677,4,
0,74400,35769,10709,4,
0,74500,35822,10721,4,
0,74600,35870,10742,4,
0,74700,35929,10749,4,
0,74800,35976,10769,4,
0,74900,36030,10778,4,
0,75000,36089,10787,4,
0,75100,36154,10789,4,
0,75200,36206,10800,4,
0,75300,36247,10823,4,
0,75400,36295,10830,4,
0,75500,36362,10834,4,
0,75600,36421,10837,4,
0,75700,36466,10868,4,
0,75800,36509,10893,4,
0,75900,36573,10895,4,
0,76000,36643,10896,4,
0,76100,36703,10903,4,
0,76200,36748,10924,4,
0,76300,36795,10935,4,
0,76400,36819,10967,4,
0,76500,36875,10972,4,
0,76600,36928,10977,4,
0,76700,36965,10998,4,
0,76800,37018,11006,4,
0,76900,37080,11010,4,
0,77000,37149,11011,4,
0,77100,37210,11017,4,
0,77200,37246,11047,4,
0,77300,37301,11054,4,
0,77400,37364,11058,4,
0,77500,37410,11061,4,
0,77600,37445,11084,4,
0,77700,37492,11094,4,
0,77800,37550,11098,4,
0,77900,37586,11125,4,
0,78000,37639,11131,4,
0,78100,37705,11132,4,
0,78200,37729,11166,4,
0,78300,37791,11174,4,
0,78400,37848,11175,4,
0,78500,37884,11208,4,
0,78600,37938,11225,4,
0,78700,37997,11229,4,
0,78800,38061,11230,4,
0,78900,38113,11237,4,
0,79000,38155,11260,4,
0,79100,38199,11270,4,
0,79200,38257,11277,4,
0,79300,38283,11308,4,
0,79400,38335,11309,4,
0,79500,38393,11310,4,
0,79600,38420,11342,4,
0,79700,38462,11364,4,
0,79800,38517,11374,4,
0,79900,38573,11381,4,
0,80000,38601,11410,4,
0,80100,38655,11416,4,
0,80200,38704,11432,6,
0,80300,38757,11438,6,
0,80400,38805,11457,6,
0,80500,38865,11459,6,
0,80600,38925,11467,6,
0,80700,38952,11500,6,
0,80800,39000,11507,6,
0,80900,39037,11534,6,
0,81000,39097,11540,6,
0,81100,39153,11563,6,
0,81200,39205,11571,6,
0,81300,39268,11577,6,
0,81400,39329,11580,6,
0,81500,39386,11582,6,
0,81600,39444,11583,6,
0,81700,39466,11617,6,
0,81800,39533,11618,6,
0,81900,39591,11619,6,
0,82000,39647,11624,6,
0,82100,39677,11655,6,
0,82200,39722,11663,6,
0,82300,39786,11681,6,
0,82400,39840,11685,6,
0,82500,39881,11704,6,
0,82600,39937,11712,6,
0,82700,39987,11737,6,
0,82800,40049,11743,6,
0,82900,40100,11755,6,
0,83000,40131,11777,6,
0,83100,40149,11808,6,
0,83200,40189,11828,6,
0,83300,40243,11839,6,
0,83400,40272,11867,6,
0,83500,40331,11876,6,
0,83600,40392,11879,6,
0,83700,40452,11885,6,
0,83800,40480,11911,6,
0,83900,40546,11916,6,
0,84000,40597,11917,6,
0,84100,40660,11921,6,
0,84200,40694,11951,6,
0,84300,40740,11957,6,
0,84400,40786,11977,6,
0,84500,40807,12009,6,
0,84600,40858,12026,6,
0,84700,40911,12033,6,
0,84800,40963,12036,6,
0,84900,40993,12072,6,
0,85000,41058,12077,6,
0,85100,41112,12082,6,
0,85200,41165,12089,6,
0,85300,41208,12106,6,
0,85400,41252,12116,6,
0,85500,41283,12142,6,
0,85600,41313,12175,6,
0,85700,41363,12184,6,
0,85800,41429,12186,6,
0,85900,41464,12216,6,
0,86000,41505,12239,6,
0,86100,41551,12253,6,
0,86200,41618,12259,6,
0,86300,41653,12287,6,
0,86400,41699,12297,6,
