0,100,33,17,0,
0,200,86,26,0,
0,300,142,31,0,
0,400,202,34,0,
0,500,226,67,0,
0,600,287,71,0,
0,700,341,73,0,
0,800,380,103,0,
0,900,412,135,0,
0,1000,463,144,0,
0,1100,505,164,0,
0,1200,527,198,0,
0,1300,577,220,0,
0,1400,619,231,0,
0,1500,656,264,0,
0,1600,703,282,0,
0,1700,757,293,0,
0,1800,805,306,0,
0,1900,828,334,0,
0,2000,889,339,0,
0,2100,948,340,0,
0,2200,1008,342,0,
0,2300,1039,373,0,
0,2400,1102,375,0,
0,2500,1168,376,0,
0,2600,1191,405,0,
0,2700,1251,410,0,
0,2800,1312,411,0,
0,2900,1350,443,0,
0,3000,1383,473,0,
0,3100,1432,485,0,
0,3200,1480,507,0,
0,3300,1501,535,0,
0,3400,1560,536,0,
0,3500,1622,537,0,
0,3600,1646,570,0,
0,3700,1707,573,0,
0,3800,1757,583,0,
0,3900,1816,585,0,
0,4000,1861,594,0,
0,4100,1905,613,0,
0,4200,1956,619,0,
0,4300,2005,633,0,
0,4400,2042,657,0,
0,4500,2099,659,0,
0,4600,2165,660,0,
0,4700,2220,663,0,
0,4800,2259,687,0,
0,4900,2309,698,0,
0,5000,2374,701,0,
0,5100,2413,734,0,
0,5200,2464,744,0,
0,5300,2497,767,0,
0,5400,2515,800,0,
0,5500,2583,803,0,
0,5600,2646,805,0,
0,5700,2685,838,0,
0,5800,2719,870,0,
0,5900,2766,879,0,
0,6000,2810,900,0,
0,6100,2841,932,0,
0,6200,2885,951,0,
0,6300,2940,964,0,
0,6400,2969,998,0,
0,6500,3023,1002,0,
0,6600,3073,1014,0,
0,6700,3110,1036,0,
0,6800,3129,1067,0,
0,6900,3174,1089,0,
0,7000,3220,1098,0,
0,7100,3282,1107,0,
0,7200,3312,1135,0,
0,7300,3361,1144,0,
0,7400,3411,1165,0,
0,7500,3439,1195,0,
0,7600,3490,1216,0,
0,7700,3536,1225,0,
0,7800,3577,1259,0,
0,7900,3643,1269,0,
0,8000,3696,1279,0,
0,8100,3744,1300,0,
0,8200,3768,1334,0,
0,8300,3828,1340,0,
0,8400,3885,1341,0,
0,8500,3941,1354,0,
0,8600,4003,1356,0,
0,8700,4058,1358,0,
0,8800,4119,1359,0,
0,8900,4143,1384,0,
0,9000,4198,1389,0,
0,9100,4254,1390,0,
0,9200,4282,1426,0,
0,9300,4314,1459,0,
0,9400,4365,1462,0,
0,9500,4428,1463,0,
0,9600,4450,1492,0,
0,9700,4492,1512,0,
0,9800,4530,1525,0,
0,9900,4590,1529,0,
0,10000,4648,1531,0,
0,10100,4702,1538,0,
0,10200,4765,1541,0,
0,10300,4807,1563,0,
0,10400,4871,1570,0,
0,10500,4930,1574,0,
0,10600,4961,1605,0,
0,10700,5020,1610,0,
0,10800,5067,1619,0,
0,10900,5117,1639,0,
0,11000,5147,1674,0,
0,11100,5187,1699,0,
0,11200,5227,1710,0,
0,11300,5289,1713,0,
0,11400,5320,1746,0,
0,11500,5375,1758,0,
0,11600,5419,1775,0,
0,11700,5455,1800,0,
0,11800,5495,1822,0,
0,11900,5541,1832,0,
0,12000,5576,1862,0,
0,12100,5643,1874,0,
0,12200,5696,1885,0,
0,12300,5737,1907,0,
0,12400,5795,1918,0,
0,12500,5861,1922,0,
0,12600,5917,1923,0,
0,12700,5949,1954,0,
0,12800,6005,1963,0,
0,12900,6050,1973,0,
0,13000,6091,1995,0,
0,13100,6125,2021,0,
0,13200,6181,2030,0,
0,13300,6235,2031,0,
0,13400,6287,2040,0,
0,13500,6316,2072,0,
0,13600,6365,2084,0,
0,13700,6408,2105,0,
0,13800,6438,2133,0,
0,13900,6478,2155,0,
0,14000,6516,2167,0,
0,14100,6554,2196,0,
0,14200,6586,2225,0,
0,14300,6638,2236,0,
0,14400,6680,2254,0,
0,14500,6704,2284,0,
0,14600,6767,2286,0,
0,14700,6830,2287,0,
0,14800,6861,2319,0,
0,14900,6890,2346,0,
0,15000,6942,2355,0,
0,15100,6982,2376,0,
0,15200,7007,2407,0,
0,15300,7063,2423,0,
0,15400,7114,2434,0,
0,15500,7168,2443,0,
0,15600,7227,2445,0,
0,15700,7277,2453,0,
0,15800,7338,2460,0,
0,15900,7391,2462,0,
0,16000,7433,2481,0,
0,16100,7476,2492,0,
0,16200,7544,2497,0,
0,16300,7581,2527,0,
0,16400,7643,2530,0,
0,16500,7706,2531,0,
0,16600,7769,2538,0,
0,16700,7809,2558,0,
0,16800,7850,2569,0,
0,16900,7876,2603,0,
0,17000,7923,2614,0,
0,17100,7977,2623,0,
0,17200,8020,2642,0,
0,17300,8075,2651,0,
0,17400,8125,2667,0,
0,17500,8182,2669,0,
0,17600,8235,2677,0,
0,17700,8275,2712,0,
0,17800,8335,2719,0,
0,17900,8373,2744,0,
0,18000,8422,2751,0,
0,18100,8468,2768,0,
0,18200,8517,2779,0,
0,18300,8574,2784,0,
0,18400,8609,2817,0,
0,18500,8669,2820,0,
0,18600,8728,2822,0,
0,18700,8750,2854,0,
0,18800,8791,2877,0,
0,18900,8846,2888,0,
0,19000,8879,2917,0,
0,19100,8921,2945,0,
0,19200,8972,2956,0,
0,19300,9013,2978,0,
0,19400,9033,3009,0,
0,19500,9093,3011,0,
0,19600,9146,3012,0,
0,19700,9188,3043,0,
0,19800,9216,3073,0,
0,19900,9270,3075,0,
0,20000,9349,3076,0,
0,20100,9400,3079,0,
0,20200,9450,3101,0,
0,20300,9506,3112,0,
0,20400,9535,3145,0,
0,20500,9600,3153,0,
0,20600,9651,3163,0,
0,20700,9699,3183,0,
0,20800,9757,3186,0,
0,20900,9802,3206,0,
0,21000,9845,3214,0,
0,21100,9891,3235,0,
0,21200,9924,3266,0,
0,21300,9977,3274,0,
0,21400,10020,3300,0,
0,21500,10045,3327,0,
0,21600,10086,3347,0,
0,21700,10130,3358,0,
0,21800,10192,3365,0,
0,21900,10228,3399,0,
0,22000,10282,3403,0,
0,22100,10350,3407,0,
0,22200,10403,3410,0,
0,22300,10465,3419,0,
0,22400,10522,3422,0,
0,22500,10558,3455,0,
0,22600,10618,3460,0,
0,22700,10660,3470,0,
0,22800,10700,3491,0,
0,22900,10754,3499,0,
0,23000,10822,3501,0,
0,23100,10881,3502,0,
0,23200,10913,3534,0,
0,23300,10950,3566,0,
0,23400,11007,3571,0,
0,23500,11063,3572,0,
0,23600,11080,3606,0,
0,23700,11118,3623,0,
0,23800,11169,3637,0,
0,23900,11204,3665,0,
0,24000,11242,3696,0,
0,24100,11300,3699,0,
0,24200,11363,3700,0,
0,24300,11396,3731,0,
0,24400,11455,3734,0,
0,24500,11507,3735,0,
0,24600,11572,3740,0,
0,24700,11599,3768,0,
0,24800,11654,3770,0,
0,24900,11720,3771,0,
0,25000,11742,3802,0,
0,25100,11789,3824,0,
0,25200,11842,3836,0,
0,25300,11907,3843,0,
0,25400,11936,3873,0,
0,25500,11989,3882,0,
0,25600,12040,3902,0,
0,25700,12067,3938,0,
0,25800,12107,3959,0,
0,25900,12152,3970,0,
0,26000,12182,4002,0,
0,26100,12244,4006,0,
0,26200,12292,4017,0,
0,26300,12328,4038,0,
0,26400,12386,4040,0,
0,26500,12432,4060,0,
0,26600,12477,4071,0,
0,26700,12539,4080,0,
0,26800,12597,4088,0,
0,26900,12645,4098,0,
0,27000,12685,4118,0,
0,27100,12737,4121,0,
0,27200,12800,4124,0,
0,27300,12868,4125,0,
0,27400,12929,4127,0,
0,27500,12991,4133,0,
0,27600,13041,4145,0,
0,27700,13082,4170,0,
0,27800,13138,4172,0,
0,27900,13201,4179,0,
0,28000,13258,4180,0,
0,28100,13318,4182,0,
0,28200,13376,4186,0,
0,28300,13428,4191,0,
0,28400,13487,4192,0,
0,28500,13540,4204,0,
0,28600,13604,4206,0,
0,28700,13658,4207,0,
0,28800,13719,4209,0,
0,28900,13744,4242,0,
0,29000,13789,4251,0,
0,29100,13827,4272,0,
0,29200,13878,4281,0,
0,29300,13943,4284,0,
0,29400,14000,4285,0,
0,29500,14060,4290,0,
0,29600,14119,4293,0,
0,29700,14168,4300,0,
0,29800,14230,4301,0,
0,29900,14258,4333,0,
0,30000,14303,4354,0,
0,30100,14350,4364,0,
0,30200,14378,4398,0,
0,30300,14440,4402,0,
0,30400,14487,4413,0,
0,30500,14524,4439,0,
0,30600,14564,4455,0,
0,30700,14607,4476,0,
0,30800,14657,4486,0,
0,30900,14710,4493,0,
0,31000,14743,4524,0,
0,31100,14807,4528,0,
0,31200,14868,4529,0,
0,31300,14923,4536,0,
0,31400,14983,4549,0,
0,31500,15043,4551,0,
0,31600,15111,4556,0,
0,31700,15149,4586,0,
0,31800,15204,4588,0,
0,31900,15269,4589,0,
0,32000,15324,4596,0,
0,32100,15381,4606,2,
0,32200,15443,4608,2,
0,32300,15474,4633,2,
0,32400,15503,4668,2,
0,32500,15551,4676,2,
0,32600,15609,4680,2,
0,32700,15640,4707,2,
0,32800,15702,4712,2,
0,32900,15764,4713,2,
0,33000,15820,4719,2,
0,33100,15871,4739,2,
0,33200,15926,4741,2,
0,33300,15985,4743,2,
0,33400,16015,4769,2,
0,33500,16066,4793,2,
0,33600,16114,4803,2,
0,33700,16153,4838,2,
0,33800,16215,4842,2,
0,33900,16270,4851,2,
0,34000,16309,4875,2,
0,34100,16364,4877,2,
0,34200,16429,4879,2,
0,34300,16481,4880,2,
0,34400,16543,4885,2,
0,34500,16599,4896,2,
0,34600,16666,4899,2,
0,34700,16730,4900,2,
0,34800,16786,4908,2,
0,34900,16853,4910,2,
0,35000,16905,4912,2,
0,35100,16931,4947,2,
0,35200,16958,4977,2,
0,35300,17018,4982,2,
0,35400,17078,4984,2,
0,35500,17133,4988,2,
0,35600,17192,4991,2,
0,35700,17246,4992,2,
0,35800,17305,5000,2,
0,35900,17364,5005,2,
0,36000,17419,5013,2,
0,36100,17473,5024,2,
0,36200,17489,5055,2,
0,36300,17552,5062,2,
0,36400,17605,5063,2,
0,36500,17635,5093,2,
0,36600,17660,5125,2,
0,36700,17716,5128,2,
0,36800,17779,5130,2,
0,36900,17812,5163,2,
0,37000,17867,5169,2,
0,37100,17930,5170,2,
0,37200,17987,5177,2,
0,37300,18044,5197,2,
0,37400,18097,5202,2,
0,37500,18164,5203,2,
0,37600,18209,5214,2,
0,37700,18253,5234,2,
0,37800,18299,5242,2,
0,37900,18364,5255,2,
0,38000,18394,5286,2,
0,38100,18442,5296,2,
0,38200,18486,5318,2,
0,38300,18543,5327,2,
0,38400,18611,5334,2,
0,38500,18668,5335,2,
0,38600,18725,5343,2,
0,38700,18761,5376,2,
0,38800,18827,5382,2,
0,38900,18888,5383,2,
0,39000,18916,5414,2,
0,39100,18960,5436,2,
0,39200,19009,5444,2,
0,39300,19043,5474,2,
0,39400,19083,5496,2,
0,39500,19131,5503,2,
0,39600,19175,5523,2,
0,39700,19210,5545,2,
0,39800,19266,5551,2,
0,39900,19315,5552,2,
0,40000,19379,5555,2,
0,40100,19415,5588,2,
0,40200,19473,5593,2,
0,40300,19544,5594,2,
0,40400,19598,5598,2,
0,40500,19638,5615,4,
0,40600,19687,5623,4,
0,40700,19711,5654,4,
0,40800,19776,5659,4,
0,40900,19835,5667,4,
0,41000,19893,5676,4,
0,41100,19916,5713,4,
0,41200,19962,5733,4,
0,41300,20013,5741,4,
0,41400,20053,5766,4,
0,41500,20106,5781,4,
0,41600,20160,5787,4,
0,41700,20225,5788,4,
0,41800,20246,5821,4,
0,41900,20307,5829,4,
0,42000,20362,5830,4,
0,42100,20395,5858,4,
0,42200,20453,5861,4,
0,42300,20513,5871,4,
0,42400,20576,5873,4,
0,42500,20632,5880,4,
0,42600,20692,5882,4,
0,42700,20749,5883,4,
0,42800,20778,5917,4,
0,42900,20812,5947,4,
0,43000,20869,5956,4,
0,43100,20913,5976,4,
0,43200,20952,5993,4,
0,43300,20994,6010,4,
0,43400,21048,6021,4,
0,43500,21087,6051,4,
0,43600,21144,6056,4,
0,43700,21199,6066,4,
0,43800,21235,6087,4,
0,43900,21292,6093,4,
0,44000,21335,6110,4,
0,44100,21387,6120,4,
0,44200,21450,6124,4,
0,44300,21516,6128,4,
0,44400,21562,6138,4,
0,44500,21611,6160,4,
0,44600,21666,6163,4,
0,44700,21716,6177,4,
0,44800,21771,6185,4,
0,44900,21829,6193,4,
0,45000,21894,6197,4,
0,45100,21944,6207,4,
0,45200,21980,6230,4,
0,45300,22002,6263,4,
0,45400,22062,6269,4,
0,45500,22118,6270,4,
0,45600,22183,6272,4,
0,45700,22248,6282,4,
0,45800,22294,6286,4,
0,45900,22354,6287,4,
0,46000,22409,6290,4,
0,46100,22456,6309,4,
0,46200,22505,6322,4,
0,46300,22538,6353,4,
0,46400,22594,6359,4,
0,46500,22640,6368,4,
0,46600,22679,6389,4,
0,46700,22727,6398,4,
0,46800,22794,6400,4,
0,46900,22849,6401,4,
0,47000,22908,6406,4,
0,47100,22938,6440,4,
0,47200,22987,6447,4,
0,47300,23026,6472,4,
0,47400,23072,6475,6,
0,47500,23114,6490,6,
0,47600,23162,6502,6,
0,47700,23188,6532,6,
0,47800,23244,6550,6,
0,47900,23291,6562,6,
0,48000,23342,6578,6,
0,48100,23369,6608,6,
0,48200,23432,6614,6,
0,48300,23490,6615,6,
0,48400,23540,6645,6,
0,48500,23578,6673,6,
0,48600,23637,6676,6,
0,48700,23703,6677,6,
0,48800,23742,6700,6,
0,48900,23809,6703,6,
0,49000,23863,6704,6,
0,49100,23929,6710,6,
0,49200,23969,6730,6,
0,49300,24019,6740,6,
0,49400,24094,6747,6,
0,49500,24146,6754,6,
0,49600,24203,6763,6,
0,49700,24257,6764,6,
0,49800,24320,6773,6,
0,49900,24352,6804,6,
0,50000,24409,6812,6,
0,50100,24472,6813,6,
0,50200,24493,6848,6,
0,50300,24545,6868,6,
0,50400,24587,6879,6,
0,50500,24649,6887,6,
0,50600,24682,6918,6,
0,50700,24735,6925,6,
0,50800,24777,6949,6,
0,50900,24826,6952,6,
0,51000,24867,6971,6,
0,51100,24918,6981,6,
0,51200,24969,6999,6,
0,51300,25029,7000,6,
0,51400,25081,7002,6,
0,51500,25143,7003,6,
0,51600,25200,7008,6,
0,51700,25239,7028,6,
0,51800,25284,7042,6,
0,51900,25312,7077,6,
0,52000,25379,7084,6,
0,52100,25429,7088,6,
0,52200,25497,7091,6,
0,52300,25547,7099,6,
0,52400,25596,7112,6,
0,52500,25647,7123,6,
0,52600,25705,7130,6,
0,52700,25748,7158,6,
0,52800,25792,7169,6,
0,52900,25828,7195,6,
0,53000,25879,7200,6,
0,53100,25923,7219,6,
0,53200,25968,7229,6,
0,53300,26031,7235,6,
0,53400,26061,7268,6,
0,53500,26119,7279,6,
0,53600,26166,7300,6,
0,53700,26201,7327,6,
0,53800,26264,7331,6,
0,53900,26323,7332,6,
0,54000,26387,7339,6,
0,54100,26448,7340,6,
0,54200,26508,7344,6,
0,54300,26571,7350,6,
0,54400,26598,7383,6,
0,54500,26641,7404,6,
0,54600,26683,7416,6,
0,54700,26724,7449,6,
0,54800,26757,7479,6,
0,54900,26805,7488,6,
0,55000,26842,7513,6,
0,55100,26893,7520,6,
0,55200,26939,7537,6,
0,55300,26985,7551,6,
0,55400,27053,7559,6,
0,55500,27094,7589,6,
0,55600,27137,7599,6,
0,55700,27182,7625,6,
0,55800,27209,7661,6,
0,55900,27265,7682,6,
0,56000,27311,7691,6,
0,56100,27368,7701,6,
0,56200,27422,7708,6,
0,56300,27476,7718,6,
0,56400,27544,7724,6,
0,56500,27570,7756,6,
0,56600,27632,7760,6,
0,56700,27689,7763,6,
0,56800,27724,7795,6,
0,56900,27753,7826,6,
0,57000,27796,7838,6,
0,57100,27850,7858,6,
0,57200,27883,7892,6,
0,57300,27945,7899,6,
0,57400,27999,7900,6,
0,57500,28060,7903,6,
0,57600,28114,7908,6,
0,57700,28167,7912,6,
0,57800,28231,7914,6,
0,57900,28251,7941,6,
0,58000,28304,7960,6,
0,58100,28358,7961,6,
0,58200,28407,7984,6,
0,58300,28438,8015,6,
0,58400,28497,8023,6,
0,58500,28546,8045,6,
0,58600,28589,8060,6,
0,58700,28655,8063,6,
0,58800,28714,8064,6,
0,58900,28741,8097,6,
0,59000,28774,8129,6,
0,59100,28826,8136,6,
0,59200,28872,8154,6,
0,59300,28898,8184,6,
0,59400,28961,8186,6,
0,59500,29015,8187,6,
0,59600,29051,8216,6,
0,59700,29113,8220,6,
0,59800,29177,8224,6,
0,59900,29245,8226,6,
0,60000,29277,8252,6,
0,60100,29322,8276,6,
0,60200,29371,8287,6,
0,60300,29431,8295,6,
0,60400,29466,8328,6,
0,60500,29525,8332,6,
0,60600,29586,8338,6,
0,60700,29638,8354,6,
0,60800,29679,8374,6,
0,60900,29721,8384,6,
0,61000,29750,8420,6,
0,61100,29807,8425,6,
0,61200,29858,8436,6,
0,61300,29898,8456,6,
0,61400,29946,8458,6,
0,61500,30012,8470,6,
0,61600,30079,8471,6,
0,61700,30125,8496,6,
0,61800,30186,8499,6,
0,61900,30245,8504,6,
0,62000,30305,8507,6,
0,62100,30357,8518,6,
0,62200,30425,8519,6,
0,62300,30489,8520,6,
0,62400,30554,8525,6,
0,62500,30584,8558,6,
0,62600,30632,8567,6,
0,62700,30697,8582,6,
0,62800,30721,8606,6,
0,62900,30790,8611,6,
0,63000,30848,8615,6,
0,63100,30909,8622,6,
0,63200,30943,8654,6,
0,63300,30992,8666,6,
0,63400,31027,8689,6,
0,63500,31066,8703,6,
0,63600,31130,8707,6,
0,63700,31187,8708,6,
0,63800,31220,8739,6,
0,63900,31250,8768,6,
0,64000,31297,8778,6,
0,64100,31340,8799,6,
0,64200,31395,8806,6,
0,64300,31461,8807,6,
0,64400,31518,8808,6,
0,64500,31574,8819,6,
0,64600,31632,8822,6,
0,64700,31690,8833,6,
0,64800,31733,8854,6,
0,64900,31779,8860,6,
0,65000,31826,8883,6,
0,65100,31876,8892,6,
0,65200,31926,8906,6,
0,65300,31987,8920,6,
0,65400,32035,8930,6,
0,65500,32096,8941,6,
0,65600,32131,8975,6,
0,65700,32182,8994,6,
0,65800,32230,9002,6,
0,65900,32281,9016,6,
0,66000,32309,9045,6,
0,66100,32357,9055,6,
0,66200,32394,9080,6,
0,66300,32419,9110,6,
0,66400,32483,9113,6,
0,66500,32541,9114,6,
0,66600,32602,9118,6,
0,66700,32663,9122,6,
0,66800,32716,9128,6,
0,66900,32758,9153,6,
0,67000,32785,9185,6,
0,67100,32825,9207,6,
0,67200,32876,9214,6,
0,67300,32932,9228,6,
0,67400,32990,9229,6,
0,67500,33039,9239,6,
0,67600,33074,9266,6,
0,67700,33125,9268,6,
0,67800,33185,9270,6,
0,67900,33241,9278,6,
0,68000,33273,9310,6,
0,68100,33331,9323,6,
0,68200,33387,9334,6,
0,68300,33426,9355,6,
0,68400,33454,9387,6,
0,68500,33493,9410,6,
0,68600,33532,9420,8,
0,68700,33599,9429,8,
0,68800,33661,9442,8,
0,68900,33721,9444,8,
0,69000,33787,9445,8,
0,69100,33814,9481,8,
0,69200,33873,9500,8,
0,69300,33926,9509,8,
0,69400,33979,9526,8,
0,69500,34008,9556,8,
0,69600,34054,9566,8,
0,69700,34114,9570,8,
0,69800,34167,9572,8,
0,69900,34223,9591,8,
0,70000,34266,9603,8,
0,70100,34296,9635,8,
0,70200,34330,9665,8,
0,70300,34382,9670,8,
0,70400,34446,9671,8,
0,70500,34487,9694,8,
0,70600,34551,9701,8,
0,70700,34609,9702,8,
0,70800,34667,9710,8,
0,70900,34699,9745,8,
0,71000,34757,9753,8,
0,71100,34795,9778,8,
0,71200,34846,9780,8,
0,71300,34886,9805,8,
0,71400,34933,9815,8,
0,71500,34978,9829,8,
0,71600,35013,9860,8,
0,71700,35069,9864,8,
0,71800,35137,9865,8,
0,71900,35169,9894,8,
0,72000,35215,9915,8,
0,72100,35269,9918,8,
0,72200,35334,9921,8,
0,72300,35392,9922,8,
0,72400,35438,9932,8,
0,72500,35489,9954,8,
0,72600,35512,9988,8,
0,72700,35555,10009,8,
0,72800,35602,10019,8,
0,72900,35654,10025,8,
0,73000,35716,10035,8,
0,73100,35773,10038,8,
0,73200,35843,10039,8,
0,73300,35899,10046,8,
0,73400,35941,10068,8,
0,73500,35994,10079,8,
0,73600,36023,10111,8,
0,73700,36051,10150,8,
0,73800,36101,10152,8,
0,73900,36159,10153,8,
0,74000,36185,10185,8,
0,74100,36251,10187,8,
0,74200,36312,10188,8,
0,74300,36345,10222,8,
0,74400,36380,10253,8,
0,74500,36434,10259,8,
0,74600,36476,10280,8,
0,74700,36511,10298,8,
0,74800,36577,10311,8,
0,74900,36630,10312,8,
0,75000,36692,10320,8,
0,75100,36758,10325,8,
0,75200,36804,10336,8,
0,75300,36844,10359,8,
0,75400,36892,10367,8,
0,75500,36935,10391,8,
0,75600,36978,10402,8,
0,75700,37004,10436,8,
0,75800,37060,10440,8,
0,75900,37113,10452,8,
0,76000,37150,10478,8,
0,76100,37174,10506,8,
0,76200,37239,10507,8,
0,76300,37305,10508,8,
0,76400,37363,10515,10,
0,76500,37416,10518,10,
0,76600,37460,10529,10,
0,76700,37497,10556,10,
0,76800,37553,10559,10,
0,76900,37602,10576,10,
0,77000,37655,10586,10,
0,77100,37713,10591,10,
0,77200,37750,10620,10,
0,77300,37807,10623,10,
0,77400,37874,10624,10,
0,77500,37906,10654,10,
0,77600,37959,10665,10,
0,77700,38017,10666,10,
0,77800,38074,10668,10,
0,77900,38116,10698,10,
0,78000,38164,10708,10,
0,78100,38222,10729,10,
0,78200,38247,10760,10,
0,78300,38309,10778,10,
0,78400,38362,10789,10,
0,78500,38423,10793,10,
0,78600,38484,10796,10,
0,78700,38542,10803,10,
0,78800,38592,10829,10,
0,78900,38631,10855,10,
0,79000,38694,10861,10,
0,79100,38754,10862,10,
0,79200,38815,10865,10,
0,79300,38845,10895,10,
0,79400,38897,10904,12,
0,79500,38940,10924,12,
0,79600,38958,10955,12,
0,79700,39015,10959,12,
0,79800,39071,10960,12,
0,79900,39126,10974,12,
0,80000,39167,11002,12,
0,80100,39227,11007,12,
0,80200,39295,11009,12,
0,80300,39322,11037,12,
0,80400,39380,11047,12,
0,80500,39439,11048,12,
0,80600,39494,11062,12,
0,80700,39535,11090,12,
0,80800,39595,11094,12,
0,80900,39660,11097,12,
0,81000,39685,11128,12,
0,81100,39748,11133,12,
0,81200,39806,11134,12,
0,81300,39868,11140,12,
0,81400,39896,11174,12,
0,81500,39942,11183,12,
0,81600,39983,11207,12,
0,81700,40033,11210,12,
0,81800,40089,11213,12,
0,81900,40148,11214,12,
0,82000,40188,11242,12,
0,82100,40214,11270,12,
0,82200,40266,11277,12,
0,82300,40316,11298,12,
0,82400,40347,11332,12,
0,82500,40408,11339,12,
0,82600,40458,11340,12,
0,82700,40489,11373,12,
0,82800,40546,11387,12,
0,82900,40603,11396,12,
0,83000,40654,11413,12,
0,83100,40710,11414,12,
0,83200,40753,11435,12,
0,83300,40800,11445,12,
0,83400,40825,11474,12,
0,83500,40856,11503,12,
0,83600,40914,11506,12,
0,83700,40978,11507,12,
0,83800,41032,11517,12,
0,83900,41076,11537,12,
0,84000,41120,11549,12,
0,84100,41175,11555,12,
0,84200,41235,11560,12,
0,84300,41287,11569,12,
0,84400,41342,11582,12,
0,84500,41367,11610,12,
0,84600,41404,11631,12,
0,84700,41446,11641,12,
0,84800,41479,11674,12,
0,84900,41510,11707,12,
0,85000,41565,11712,12,
0,85100,41637,11713,12,
0,85200,41687,11719,12,
0,85300,41745,11724,12,
0,85400,41802,11726,12,
0,85500,41870,11731,12,
0,85600,41918,11753,12,
0,85700,41974,11761,12,
0,85800,42013,11784,12,
0,85900,42033,11818,12,
0,86000,42080,11838,12,
0,86100,42127,11847,12,
0,86200,42176,11865,12,
0,86300,42203,11899,12,
0,86400,42249,11908,12,
