268,1,000063,-3.50789,4.74211,1177,3,000643,6.26237,1.98763,21
1177,4,000761,0.632141,1.75,51
1387,5,000554,0.815418,9.06542,21
1387,6,000877,-1.75,8.15087,21
3629,7,002139,-2.49221,5.75779,21
3629,8,002304,-5.25,4.69972,21
3839,9,002361,8.20751,0.0424888,21
3839,10,002437,1.77968,1.75,51
6499,11,003950,-5.9791,-2.2709,51
6499,12,004113,0.0259599,-1.75,21
7969,13,004837,0.753022,9.00302,21
7969,14,005072,-1.75,7.66873,21
8108,15,005075,1.19977,-7.05023,21
8108,16,005159,5.25,-6.25867,21
8163,17,005120,-7.18475,-5.25,21
8163,18,005193,-4.95278,-3.29722,51
9159,19,005713,4.93272,3.31728,21
9159,20,005795,6.84703,5.25,51
9998,21,006275,5.22665,3.02335,21
9998,22,006364,0.89183,1.75,22
10067,23,006216,0.827173,9.07717,21
10067,24,006410,-1.75,8.39313,21
10629,25,006600,0.889162,-7.36084,21
10629,26,006779,5.25,-6.77757,21
13148,27,008216,-0.177083,-8.42708,21
13148,28,008380,1.75,-7.15684,21
13848,29,008554,0.354528,8.60453,21
13848,30,008786,-1.75,7.69456,21
14689,31,009297,5.25,-5.54399,21
14689,32,009220,1.28385,-6.96615,21
16509,33,010343,0.584171,8.83417,21
16509,34,010419,-1.75,7.51029,21
16577,35,010384,8.15266,0.097336,21
16577,36,010469,2.36034,1.75,51
16649,37,010348,-1.61264,6.63736,21
16649,38,010506,-5.25,5.46143,21
19169,39,011982,-3.49817,4.75183,21
19169,40,012083,-5.25,3.64567,21
21129,4121129,42,013331,-5.25,4.03472,21
21
22575,43,014163,2.72536,-5.25,21
22575,44,014244,-3.00336,-5.24664,51
27777,45,01744427777,46,017542,1.39816,1.75,51
0.852557,21
29949,47,018806,-0.900056,-9.15006,21
29949,48,018909,1.75,-7.71789,21
30368,49,019005,1.59207,-6.65793,21
30368,50,019177,1.75,-6.10706,21
31767,51,019947,31767,52,020026,-5.25,6.0628,21
-1.51643,6.73357,21
31908,53,020029,0.981618,-7.26838,21
31908,54,020104,5.25,-8.31163,21
34498,55,021663,8.29244,-0.0424384,21
34498,56,021746,7.51191,1.75,22
35199,57,022120,8.52198,-0.271981,21
35199,58,022205,5.17563,1.75,51
37227,59,023390,-0.800391,-9.05039,21
37227,60,023465,1.75,-7.39427,21
37510,61,023399,1.70365,-6.54635,21
37510,62,023642,5.25,-5.38157,21
38908,63,024447,1.18487,-7.06513,21
38908,64,024531,5.25,-6.31996,21
39048,6539048,66,024627,5.25,-8.92803,21
39048,6539048,66,024627,5.25,-8.92803,21
,024451,1.05946,-7.19054,21
39818,67,025013,1.89198,6.35802,21
39818,68,025094,-4.39711,5.25,51
40658,69,025476,5.91985,2.33015,21
40658,70,025636,0.493042,1.75,51
43034,71,027049,2.77824,-5.25,21
43034,72,027121,-2.97375,-5.27625,51
47375,73,029664,3.90992,-5.25,21
47375,74,029811,-2.42584,-5.82416,51
48709,75,030452,-0.838736,-9.08874,21
48709,76,030615,1.75,-7.71905,21
49465,77,030868,2.92247,-5.25,21
49465,78,031101,-2.82658,-5.42342,51
50177,79,031369,-4.87958,-5.25,21
50177,80,031529,-5.0299,-3.2201,51
50808,81,031851,1.53189,-6.71811,21
50808,82,031928,5.25,-5.00664,21
53748,83,033591,0.933787,-7.31621,21
53748,84,033763,5.25,-7.97604,21
54728,85,034143,-1.37127,6.87873,21
54728,86,034373,-5.25,5.08106,21
56320,87,035307,4.07207,-5.25,21
56320,88,035381,-1.95729,-6.29271,51
56321,89,035308,8.35265,-6.89735,21
57109,90,035701,0.75539,9.00539,21
57109,91,035884,-1.75,8.01146,21
57598,92,036075,4.83129,3.41871,21
57598,93,036192,-1.06763,5.25,51
58567,94,036627,2.72525,-5.25,21
58567,95,036766,-2.8484,-5.4016,51
58685,96,036677,-0.854948,-1.75,21
58685,97,036846,-7.25819,-0.991812,51
59488,98,037257,-5.35431,2.89569,21
59488,99,037343,-1.75,1.20082,21
59621,100,037269,1.75,-7.43208,21
59621,101,037435,-0.6745,-8.9245,21
59908,102,037443,1.07453,-7.17547,21
59908,103,037599,5.25,-8.86135,21
62708,104,039268,62708,105,039347,-1.75,7.64869,21
8.81626,21
64387,106,040319,3.16867,-5.08133,21
64387,107,040398,1.75,-4.02777,21
64581,108,040442,2.81056,-5.25,21
64581,109,040517,-2.94634,-5.30366,51
64807,110,040572,-0.702864,-8.95286,21
64807,111,040681,1.75,-7.32232,21
65508,112,040945,-0.890397,7.3596,21
65508,113,041118,-5.25,8.39439,21
66419,114,041631,4.8102,3.4398,21
66419,115,041721,9.90671,5.25,51
66908,116,041849,-2.41762,5.83238,21
66908,117,042020,-5.25,4.61088,21
68029,118,042615,-1.6166,6.6334,21
68029,119,042725,-5.25,5.05598,21
68868,120,043116,1.50643,-6.74357,21
68868,121,043224,5.25,-5.77574,21
68938,122,043180,-6.18896,-2.06104,51
68938,123,043270,-0.39367,-1.75,21
69357,124,043368,8.50437,-0.254375,21
69357,125,043538,5.30264,1.75,51
71318,126,044598,5.01821,3.23179,21
71318,127,044777,6.33927,5.25,51
72859,128,045545,4.96852,3.28148,21
72859,129,045703,9.11839,5.25,51
73488,130,046018,-0.342949,-8.59295,21
73488,131,046111,1.75,-7.36864,21
74328,132,046473,0.64371,8.89371,21
74328,133,046613,-1.75,7.60945,21
74468,134,046516,-1.85036,6.39964,21
74468,135,046701,-5.25,5.05996,21
74930,136,046817,1.64667,-5.25,21
74930,137,046984,-4.47873,-3.77127,51
75799,138,047456,4.98167,3.26833,21
75799,139,047537,9.23155,5.25,51
76428,140,047744,0.427176,8.67718,21
76428,141,047908,-1.75,7.23766,21
77463,142,048473,1.66464,-5.25,21
77463,143,048571,-4.45825,-3.79175,51
78388,144,048979,-1.01729,7.23271,21
78388,145,049159,-5.25,8.66891,21
79227,146,049634,-0.94213,-9.19213,21
79227,147,049717,1.75,-8.26632,21
79507,148,049648,0.938383,-7.31162,21
79507,149,049907,5.25,-8.88086,21
79789,150,049995,3.19156,-5.05844,21
79789,151,050078,5.25,-3.9668,21
82649,152,051751,3.90999,-5.25,21
82649,153,051827,-2.49465,-5.75535,51
83007,154,051949,-0.147034,-8.39703,21
83007,155,052030,1.75,-7.75942,21
83068,156,051815,4.61145,-5.25,21
83068,157,052066,-1.55331,-6.69669,51
83634,158,052310,3.90986,-5.25,21
83634,159,052404,-1.88215,-6.36785,51
83635,160,052311,8.21194,-7.03806,21
85247,161,053303,0.750913,9.00091,21
85247,162,053383,-1.75,7.46094,21
