1247,1,000734,0.195897,-8.0541,21
1247,2,000809,1.75,-7.38338,21
2017,3,001210,8.4878,-0.237805,21
2017,4,001294,2.71449,1.75,51
2228,5,001153,-1.24059,7.00941,21
2228,6,001416,-5.25,5.57478,21
3629,7,002194,2.03322,-6.21678,21
3629,8,002280,5.25,-5.25909,21
5519,9,003348,4.81801,3.43199,21
5519,10,003431,9.94417,5.25,51
8363,11,005086,0.183835,8.43383,21
8363,12,005125,-1.75,7.39181,21
8366,13,005123,1.75,9.19776,21
8668,14,005195,0.895663,-7.35434,21
8668,15,005369,5.25,-6.992,21
8947,16,005450,0.360384,8.61038,21
8947,17,005532,-1.75,6.9028,21
9649,18,005879,0.728447,8.97845,21
9649,19,005969,-1.75,7.53356,21
10348,20,006322,0.980932,-7.26907,21
10348,21,006408,5.25,-8.6791,21
10418,22,006289,8.38953,-0.139532,21
10418,23,006456,2.41453,1.75,51
12307,24,007458,0.633982,8.88398,21
12307,25,007619,-1.75,7.78084,21
14127,26,008665,0.665295,8.9153,21
14127,27,008738,-1.75,8.02455,21
14268,28,008669,0.756881,9.00688,21
14268,29,008829,-1.75,8.12688,21
14450,30,008796,-1.937,-1.75,21
14450,31,008936,-8.11735,-0.132655,51
15807,32,009538,0.475798,8.7258,21
15807,33,009795,-1.75,8.08953,21
18219,34,011177,7.15022,1.09978,21
18219,35,011215,1.1458,1.75,51
19275,36,011847,5.25,1.88655,21
19275,37,011865,9.49158,1.24158,21
19722,38,012117,1.75,-7.62822,21
19722,39,012191,-0.9119,-9.1619,21
20849,40,012787,1.87127,-6.37873,21
20849,41,012877,5.25,-5.51138,21
22388,42,013751,0.624074,8.87407,21
22388,43,013831,-1.75,7.40802,21
22668,44,013989,-1.31302,6.93698,21
22668,45,014009,-5.25,5.95562,21
23223,46,014272,-1.75,7.53129,21
23223,47,014355,0.93796,9.18796,21
24349,48,014983,0.343597,8.5936,21
24349,49,015072,-1.75,7.78549,21
25048,50,015342,0.810089,9.06009,21
25048,51,015522,-1.75,8.15321,21
25117,52,015491,-0.723612,1.75,51
25117,53,015563,4.61569,3.63431,21
26168,54,016048,0.863701,-7.3863,21
26168,55,016214,5.25,-7.3004,21
26868,56,016557,1.14852,-7.10148,21
26868,57,016640,5.25,-6.3355,21
28688,58,017629,1.55946,-6.69054,21
28688,59,017789,5.25,-5.15457,21
30053,60,018585,0.940121,9.19012,21
30053,61,018591,-1.75,7.58519,21
30229,62,018679,-0.130946,8.11905,21
30229,63,018758,-1.75,6.63803,21
31443,64,019283,3.60668,-4.64332,21
31443,65,019451,5.25,-3.3541,21
32889,66,020415,-5.25,4.58874,21
32889,67,020417,-1.97891,6.27109,21
37157,68,023087,-4.51047,-3.73953,51
37157,69,023175,0.715423,-1.75,21
37258,70,023156,-3.4463,-4.8037,51
37258,71,023180,2.46081,-5.25,21
37568,72,023276,3.91004,-5.25,21
37568,73,023432,-1.90161,-6.34839,51
37570,74,023277,8.30197,-6.94803,21
38277,75,023689,8.4611,-0.211098,21
38277,76,023857,2.8535,1.75,51
38348,77,023796,-0.885696,7.3643,21
38348,78,023895,-5.25,6.52656,21
39048,79,024235,2.59934,-5.65066,21
39048,80,024320,5.25,-3.85189,21
41709,81,025926,8.53555,0.285547,21
41709,82,026006,5.25,1.8555,21
41848,83,026009,0.85235,9.10235,21
41848,84,026090,-1.75,8.39694,21
43388,85,026977,-0.956016,7.29398,21
43388,86,027048,-5.25,5.46949,21
43599,87,026994,8.31043,-0.0604339,21
43599,88,027176,6.20382,1.75,22
44229,89,027479,0.768295,9.0183,21
44229,90,027558,-1.75,7.67468,21
44928,91,027916,2.29674,-5.95326,21
44928,92,028010,5.25,-4.74224,21
45349,93,028191,-3.3322,4.9178,21
45349,94,028278,-5.25,3.8753,21
45929,95,028403,7.32863,0.92137,21
45929,96,028609,1.20816,1.75,51
46048,97,028708,1.43581,-6.81419,21
46048,98,028737,5.25,-5.66607,21
47449,99,029249,0.678401,8.9284,21
47449,100,029572,-1.75,7.82618,21
50529,101,031333,-1.7644,6.4856,21
50529,102,031521,-5.25,5.03165,21
51508,103,031930,-0.885841,-9.13584,21
51508,104,032116,1.75,-7.35963,21
51928,105,032299,1.29577,-6.95423,21
51928,106,032377,5.25,-6.23815,21
52208,107,032310,0.223727,-8.02627,21
52208,108,032546,1.75,-7.372,21
52373,109,032504,2.41386,-5.25,21
52373,110,032598,-3.84653,-4.40347,51
52628,111,032707,0.903574,-7.34643,21
52628,112,032797,5.25,-8.55252,21
55237,113,034186,-1.75,6.90465,21
55237,114,034365,-0.901452,7.34855,21
55238,115,034367,1.75,8.74812,21
56337,116,034990,4.98463,3.26537,21
56337,117,035103,-0.81991,1.75,51
56547,118,035190,0.228751,8.47875,21
56547,119,035222,-1.75,7.11518,21
59489,120,037007,-0.175477,8.07452,21
59489,121,037090,-1.75,6.27658,21
61588,122,038324,1.91948,-6.33052,21
61588,123,038408,5.25,-4.76376,21
64598,124,039902,8.31214,-0.0621431,21
64598,125,040221,6.0694,1.75,22
66698,126,041477,8.2988,-0.0488023,21
66698,127,041551,2.87791,1.75,51
66997,128,041615,-8.48696,-0.236964,21
66997,129,041700,-5.25,-1.56104,21
67398,130,041910,4.91113,3.33887,21
67398,131,041992,9.41963,5.25,51
67609,132,042031,0.64496,8.89496,21
67609,133,042116,-1.75,7.73816,21
68476,134,042588,0.579883,-5.25,21
68476,135,042615,-4.50263,-3.74737,51
69287,136,043079,-0.762355,-9.01235,21
69287,137,043199,1.75,-7.52928,21
69568,138,69568,139,043373,5.25,-5.67542,21
-6.64609,21
70129,140,043547,1.76265,-6.48735,21
70129,141,043718,5.25,-5.10005,21
70735,142,044034,1.08403,-1.75,21
70735,143,044094,-5.02418,-3.22582,51
71249,144,044334,2.37793,-5.87207,21
71249,145,044423,5.25,-4.48634,21
72433,146,045010,3.48752,-5.25,21
72433,147,045179,-2.37181,-5.87819,51
77128,148,048005,0.885051,9.13505,21
77128,149,048095,-1.75,8.15237,21
78528,150,048876,0.0450991,8.2951,21
78528,151,048959,-1.75,7.34443,21
78667,152,048878,-1.00799,7.24201,21
78667,153,049031,-5.25,8.04394,21
80068,154,049797,-0.951218,7.29878,21
80068,155,049880,-5.25,6.53795,21
80488,156,050052,3.33005,-4.91995,21
80488,157,050141,1.75,-4.35913,21
83148,158,051710,-1.88503,6.36497,21
83148,159,051788,-5.25,5.47695,21
83848,160,052065,-0.0605396,-8.31054,21
83848,161,052226,1.75,-7.29323,21
84688,162,052678,5.53696,-2.71304,21
84688,163,052761,1.75,-1.7041,21
84788,164,052771,1.75,-2.88966,21
84788,165,052683,3.64654,-4.60346,21
