1525,1,000859,-1.75,7.52071,21
1525,2,000946,0.892213,9.14221,21
2411,3,001413,-0.0884144,-5.25,21
2411,4,001502,-4.92921,-3.32079,51
4537,5,002723,8.32068,-0.0706751,21
4537,6,002837,2.86314,1.75,51
6428,7,003741,0.454418,8.70442,21
6428,8,004009,-1.75,7.10637,21
7199,9,004432,4.98334,3.26666,21
7199,10,004520,8.67958,5.25,51
8133,11,005032,8.18641,0.0635893,21
8133,12,005058,4.40661,1.75,22
8134,13,005035,9.34422,-1.75,21
8684,14,005330,6.27532,1.97468,21
8684,15,005409,0.361953,1.75,51
10208,16,006302,0.882338,9.13234,21
10208,17,006383,-1.75,7.96274,21
10349,18,006389,-0.630118,-8.88012,21
10349,19,006470,1.75,-7.94901,21
10794,20,006503,8.51233,-0.262327,21
10794,21,006694,2.7383,1.75,51
11189,22,006817,0.0151219,-8.23488,21
11189,23,006995,1.75,-6.5331,21
13150,24,007947,2.79136,-5.45864,21
13150,25,008190,5.25,-4.44913,21
14335,26,008855,1.12521,-1.75,21
14335,27,008939,-4.77187,-3.47813,51
14477,28,008870,5.97243,14477,29,009027,0.0715579,1.75,51
2.27757,21
15248,30,009348,1.90032,-6.34968,21
15248,31,009495,5.25,-4.7491,21
17066,32,010521,-1.75,7.64324,21
17066,33,010608,0.997259,9.24726,21
19722,34,012206,2.0973,-6.1527,21
19722,35,012280,5.25,-5.69734,21
20898,36,012979,-2.10912,-5.25,21
20898,37,013057,-4.9065,-3.3435,51
22725,38,014134,22725,39,014197,-6.95021,-1.29979,51
-1.75,21
23084,40,014356,1.75,-6.34581,21
23084,41,014434,0.13393,-8.11607,21
24768,42,015248,-0.335285,-8.58529,21
24768,43,015495,1.75,-7.58986,21
25259,44,015556,-7.13952,-1.11048,51
25259,45,015795,-1.07204,-1.75,21
25608,46,015829,-0.912619,7.33738,21
25608,47,015999,-5.25,5.63938,21
29581,48,018416,3.27026,-5.25,21
29581,49,018500,-1.9971,-6.2529,51
30229,50,018807,-2.04154,6.20846,21
30229,51,018914,-5.25,4.54967,21
30696,52,019041,30696,53,019189,-2.45477,-5.79523,51
30696,52,019041,30696,53,019189,-2.45477,-5.79523,51
3.91002,-5.25,21
30718,54,019106,4.89078,3.35922,21
30718,55,019207,-1.45163,1.75,51
31137,56,019317,31137,57,019484,5.82462,1.75,51
8.51787,-0.267867,21
31489,58,01961431489,59,019693,1.75,-7.38427,21
-8.73932,21
32609,60,020214,2.10345,-6.14655,21
32609,61,020370,5.25,-4.77262,21
33047,62,020503,4.94279,3.30721,21
33047,63,020596,9.84798,5.25,51
33309,64,020643,33309,65,020805,-1.75,7.65655,21
9.04017,21
33729,66,020729,0.796432,9.04643,21
33729,67,021053,-1.75,8.03373,21
33938,68,021101,7.29853,0.951467,21
33938,69,021182,1.60435,1.75,51
34147,70,021222,1.9666,-6.2834,21
34147,71,021301,1.75,-4.62939,21
34357,72,021260,4.90696,3.34304,21
34357,73,021435,0.797277,1.75,22
34771,74,021599,34771,75,021689,-6.06165,-2.18835,51
41008,76,025505,1.06869,-7.18131,21
41008,77,025594,5.25,-6.46939,21
44248,78,027519,-8.48286,0.232859,51
44248,79,027602,-6.57646,-1.75,21
45021,80,027799,-9.16893,-0.918932,21
45021,81,028067,-5.25,-2.44566,21
45419,82,028356,4.90154,3.34846,21
45419,83,028368,8.67653,5.25,51
46187,84,028783,-0.734091,-8.98409,21
46187,85,028862,1.75,-7.88355,21
46322,86,028788,-1.75,7.41522,21
46322,87,028943,0.701257,8.95126,21
47028,88,029270,-2.03158,6.21842,21
47028,89,029393,-5.25,4.67422,21
48569,90,030169,-2.05891,6.19109,21
48569,91,030349,-5.25,5.38175,21
49968,92,031156,-1.30276,6.94724,21
49968,93,031224,-5.25,6.2345,21
50808,94,031494,-1.14719,7.10281,21
50808,95,031744,-5.25,5.50576,21
51229,96,031927,5.26736,-2.98264,21
51229,97,032012,1.75,-1.16661,21
51715,98,032155,0.662876,-5.25,21
51715,99,032308,-4.69872,-3.55128,51
52274,100,032492,-5.96767,-5.25,21
52274,101,032655,-4.8415,-3.4085,51
53467,102,033221,-1.50286,6.74714,21
53467,103,033433,-5.25,5.90792,21
57107,104,035531,0.897872,-7.35213,21
57107,105,035683,5.25,-8.53116,21
59825,106,037260,3.90986,-5.25,21
59825,107,037425,-2.50097,-5.74903,51
59826,108,037261,8.30191,-6.94809,21
59907,109,037392,-1.04918,7.20082,21
59907,110,037471,-5.25,6.04192,21
61518,111,038193,-4.95597,-3.29403,51
61518,112,038484,0.496636,-1.75,21
61690,113,038532,6.87602,-1.37398,21
61690,114,038560,5.25,0.16261,21
62031,115,038669,3.56002,-5.25,21
62031,116,038786,-1.75626,-6.49374,51
62289,117,038914,0.954131,-7.29587,21
62289,118,038996,5.25,-8.32626,21
62848,119,039270,-0.989929,-9.23993,21
62848,120,039355,1.75,-8.01486,21
63616,121,039499,3.69629,-5.25,21
63616,122,039807,-2.72731,-5.52269,51
64388,123,040127,0.99,-7.26,21
64388,124,040282,5.25,-8.80019,21
