1528,1,000974,-1.02735,7.22265,21
1528,2,000998,-5.25,6.7243,21
5867,3,003634,-1.05197,7.19803,21
5867,4,003744,-5.25,8.89614,21
5910,5,003687,3.78835,4.46165,21
5910,6,003764,-2.02957,5.25,51
5961,7,003645,5.25,-7.80487,21
5961,8,003748,0.897356,-7.35264,21
5965,9,003752,-1.75,-8.70518,21
6847,10,004180,-0.87907,-9.12907,21
6847,11,004346,1.75,-7.64377,21
6942,12,004190,2.10656,-6.14344,21
6942,13,004352,1.75,-5.73416,21
8318,14,005108,8.27897,-0.0289678,21
8318,15,005266,9.60583,1.75,22
9087,16,005579,0.796714,9.04671,21
9087,17,005729,-1.75,7.70966,21
9906,18,006079,4.7705,-3.4795,21
9906,19,006230,5.25,-2.06287,21
9908,20,006233,1.75,-2.6538,21
9997,21,006277,5.84812,2.40188,21
9997,22,006292,0.677189,1.75,51
10838,23,006657,8.52953,-0.279527,21
10838,24,006812,6.16113,1.75,51
11217,25,006906,8.52099,-0.270986,21
11217,26,007011,2.65701,1.75,51
13972,27,008691,-1.78228,6.46772,21
13972,28,008763,-5.25,5.35135,21
14021,29,008720,-7.0521,-5.25,21
14021,30,008793,-4.62042,-3.62958,51
14449,31,009013,0.126373,-1.75,21
14449,32,009081,-5.21662,-3.03338,51
16043,33,009904,-5.25,3.3229,21
16043,34,010017,-3.39707,4.85293,21
16881,35,010283,-3.77773,4.47227,21
16881,36,010526,-5.25,3.70365,21
16884,37,010528,-1.75,3.39282,21
19613,38,012156,5.00221,3.24779,21
19613,39,012229,8.21636,5.25,51
20044,40,012400,0.122932,-1.75,21
20044,41,012539,-5.26717,-2.98283,51
20078,42,012408,8.29865,-0.0486497,21
20078,43,012563,1.86723,1.75,51
20357,44,012654,8.52668,-0.27668,21
20357,45,012745,5.3264,1.75,51
21617,46,013354,-8.16392,-0.0860823,51
21617,47,013553,-1.78525,-1.75,21
23649,48,014757,-0.929236,7.32076,21
23649,49,014844,-5.25,6.39784,21
24068,50,015089,-1.1647,7.0853,21
24068,51,015086,-5.25,6.34323,21
25189,52,015649,3.60847,-4.64153,21
25189,53,015823,5.25,-3.2804,21
26378,54,016480,8.50753,-0.257533,21
26378,55,016556,6.19911,1.75,51
26548,56,016581,-5.25,3.3893,21
26548,57,016611,-3.65466,4.59534,21
26798,58,016569,2.40558,5.84442,21
26798,59,016830,-3.52282,5.25,51
28156,60,017552,7.75094,1.75,51
28156,61,017642,8.45627,-0.206273,21
28403,62,017576,1.75,-8.07256,21
28403,63,017846,-0.549422,-8.79942,21
28441,64,017711,4.11822,-5.25,21
28441,65,017820,-1.93973,-6.31027,51
28527,66,017870,5.25,-0.842435,21
28527,67,017926,6.01325,-2.23675,21
28529,68,017863,1.75,-1.13197,21
29108,69,018045,29108,70,018293,5.25,-5.32378,21
1.84597,-6.40403,21
29387,71,018316,-5.80233,2.44767,21
29387,72,018477,-1.75,1.25398,21
30298,73,018932,-5.58221,-2.66779,51
30298,74,019030,-0.296341,-1.75,21
30369,75,018994,1.62597,-6.62403,21
30369,76,019079,5.25,-5.43527,21
31945,77,020061,4.91363,3.33637,21
31945,78,020115,-0.988279,1.75,51
32538,79,020434,4.61293,3.63707,21
32538,80,020524,-1.2759,1.75,51
33238,81,020888,8.51748,-0.267479,21
33238,82,020980,5.70672,1.75,51
33308,83,020940,-1.4207,6.8293,21
33308,84,021015,-5.25,5.52174,21
34175,85,021514,7.75188,1.75,51
34175,86,021430,8.45608,-0.206084,21
35268,87,022135,-0.966671,7.28333,21
35268,88,022221,-5.25,5.55133,21
35898,89,022528,-7.58648,-0.663522,51
35898,90,022611,-1.80654,-1.75,21
35969,91,022577,1.75,-6.87338,21
35969,92,022649,0.121193,-8.12881,21
36807,93,022906,-1.23599,-9.48599,21
36807,94,023188,1.75,-8.949,21
37221,95,023175,-1.75,8.03835,21
37221,96,023444,0.896858,9.14686,21
37841,97,023664,-0.714296,-1.75,21
37841,98,023806,-6.10138,-2.14862,51
38208,99,023932,-4.37813,3.87187,21
38208,100,024056,-1.75,3.06555,21
41149,101,025855,-0.647327,-8.89733,21
41149,102,025946,1.75,-7.0712,21
42713,103,026866,0.625001,1.75,51
42713,104,026897,6.32182,1.92818,21
45161,105,028254,-5.41837,2.83163,21
45161,106,028435,-5.25,1.79763,21
45305,107,028485,5.25,-2.34128,21
45305,108,028513,4.42164,-3.82836,21
45307,109,028491,1.75,-2.25779,21
45380,110,028545,5.01109,3.23891,21
45380,111,028575,7.09362,5.25,51
45487,112,028523,-0.534182,-8.78418,21
45487,113,028692,1.75,-7.34225,21
48288,114,030272,0.771725,9.02172,21
48288,115,030450,-1.75,7.47774,21
50108,116,031517,-1.17617,7.07383,21
50108,117,031599,-5.25,5.82625,21
50477,118,031778,-1.75,1.08822,21
50477,119,031663,-5.97605,2.27395,21
51368,120,032316,51368,121,032394,-5.25,6.21372,21
-0.972313,7.27769,21
52208,122,032829,0.774614,9.02461,21
52208,123,032944,-1.75,8.2602,21
52768,124,033234,0.863911,-7.38609,21
52768,125,033305,5.25,-6.43053,21
53468,126,033573,1.19262,-7.05738,21
53468,127,033738,5.25,-5.45493,21
54587,128,034251,-1.27131,-9.52131,21
54587,129,034454,1.75,-8.28381,21
54958,130,034529,5.25,-5.90369,21
54958,131,034638,1.14151,-7.10849,21
54960,132,034642,-1.75,-8.5154,21
55099,133,034640,5.25,-0.519475,21
55099,134,034723,5.9157,-2.3343,21
55102,135,034637,1.75,-0.737258,21
55488,136,034923,3.37502,4.87498,21
55488,137,035010,-2.38651,5.25,51
55918,138,035159,4.56918,3.68082,21
55918,139,035283,-1.73582,1.75,51
56898,140,035818,-7.74161,-0.50839,51
56898,141,035910,-1.90599,-1.75,21
58183,142,036661,0.489858,8.73986,21
58183,143,036679,-1.75,7.18187,21
58274,144,036623,1.12744,-1.75,21
58274,145,036779,-4.69012,-3.55988,51
58648,146,036949,0.818113,9.06811,21
58648,147,037030,-1.75,7.57278,21
59019,148,037126,5.8436,-2.4064,21
59019,149,037205,1.75,-1.77807,21
59418,150,037390,5.02246,3.22754,21
59418,151,037496,-1.25164,1.75,51
61237,152,038497,8.44063,-0.190632,21
61237,153,038657,2.71543,1.75,51
65403,154,041137,4.13681,-5.25,21
65403,155,041284,-1.59733,-6.65267,51
65667,156,041315,2.03463,6.21537,21
65667,157,041396,-3.45381,5.25,51
66026,158,041450,1.75,-7.56937,21
66026,159,041613,-0.458175,-8.70818,21
66036,160,041498,5.25,-5.39819,21
66036,161,041616,1.11268,-7.13732,21
66320,162,041707,-1.75,8.73894,21
66320,163,041803,1.11856,9.36856,21
66588,164,041877,-4.40852,3.84148,21
66588,165,041969,-1.75,3.16448,21
66660,166,042006,1.35939,-1.75,21
66660,167,042015,-4.94201,-3.30799,51
66909,168,042062,-1.57507,6.67493,21
66909,169,042233,-5.25,5.49045,21
67152,170,042119,-4.0636,4.1864,21
67152,171,042350,-5.25,3.07172,21
68028,172,042705,-0.955395,7.29461,21
68028,173,042960,-5.25,7.12947,21
68518,174,043196,8.45844,-0.208442,21
68518,175,043277,7.0065,1.75,51
71895,176,045292,-0.101361,-8.35136,21
71895,177,045361,1.75,-7.02328,21
71896,178,045294,-1.75,-9.3899,21
71992,179,045410,-6.9894,-5.25,21
71992,180,045472,-4.99083,-3.25917,51
72369,181,045629,-1.25168,6.99832,21
72369,182,045703,-5.25,5.21,21
72508,183,045631,0.695033,8.94503,21
72508,184,045787,-1.75,7.64468,21
73238,185,046117,0.704342,-1.75,21
73238,186,046197,-4.52534,-3.72466,51
74286,187,046828,0.252555,-7.99745,21
74286,188,046850,1.75,-7.30984,21
76659,189,048312,-5.25,3.59355,21
76659,190,048316,-4.12185,4.12815,21
76795,191,048318,-0.101375,-8.35137,21
76795,192,048408,1.75,-7.02217,21
77408,193,048688,-2.04308,6.20692,21
77408,194,048849,-5.25,4.59875,21
77688,195,048860,77688,196,049019,1.75,-5.28094,21
,-6.18554,21
78521,197,049478,1.75,-4.34964,21
78521,198,049549,2.66661,-5.58339,21
78668,199,049558,-1.2684,-9.5184,21
78668,200,049634,1.75,-8.23151,21
79929,201,050255,5.96807,-2.28193,21
79929,202,050416,1.75,-0.939884,21
80628,203,050758,-1.11484,-9.36484,21
80628,204,050847,1.75,-8.82858,21
80698,205,050817,8.52164,-0.271637,21
80698,206,050898,6.3873,1.75,51
81608,207,051300,-0.817684,-9.06768,21
81608,208,051447,1.75,-8.01307,21
82448,209,051858,0.731199,82448,210,051984,-1.75,8.2476,21
8.9812,21
82518,211,051938,2.69624,5.55376,21
82518,212,052027,-3.15202,5.25,51
82533,213,051861,-1.31325,6.93675,21
82533,214,051985,-5.25,6.35938,21
84407,215,052912,-1.17051,84407,216,053192,1.75,-8.81092,21
-9.42051,21
84689,217,053201,-1.34006,6.90994,21
84689,218,053350,-5.25,5.87715,21
84828,219,053205,-2.21563,6.03437,21
84828,220,053438,-5.25,4.69221,21
85247,221,053623,1.2026,9.4526,21
85247,222,053694,-1.75,8.15252,21
85333,223,053625,0.343075,8.59307,21
85333,224,053695,-1.75,7.45222,21
85909,225,054042,-5.25,3.20689,21
85909,226,053954,-3.64597,4.60403,21
86088,227,054111,-0.980924,7.26908,21
86088,228,054209,-5.25,8.94313,21
