2017,1,001146,8.33731,-0.0873064,21
2017,2,001262,1.9212,1.75,51
2508,3,001379,1.01273,9.26273,21
2508,4,001548,-1.75,8.45293,21
3977,5,002475,2.20844,1.75,51
3977,6,002478,8.4944,-0.244404,21
4609,7,002680,-2.563,5.687,21
4609,8,002866,-5.25,4.73689,21
6079,9,003620,4.93699,3.31301,21
6079,10,003765,-1.01002,5.25,51
7967,11,004713,-4.41037,3.83963,21
7967,12,004915,-1.75,2.45594,21
8668,13,005097,-0.989957,-9.23996,21
8668,14,005328,1.75,-8.30551,21
10907,15,006441,1.01428,-7.23572,21
10907,16,006719,5.25,-6.54101,21
12619,17,007704,-3.07212,-5.17788,51
12619,18,007716,3.1577,-5.25,21
13288,19,007954,0.439566,8.68957,21
13288,20,008212,-1.75,7.90007,21
13428,21,008230,-3.43123,4.81877,21
13428,22,008302,-1.75,3.58491,21
14129,23,008626,-2.17214,6.07786,21
14129,24,008741,-5.25,4.99449,21
14269,25,008638,-0.0321811,8.21782,21
14269,26,008827,-1.75,6.99466,21
15809,27,009668,0.750942,9.00094,21
15809,28,009746,-1.75,7.49407,21
16068,29,009760,16068,30,009909,-1.18736,7.06264,21
6.33383,21
16069,31,009911,1.75,8.34871,21
18642,32,011250,2.46071,-5.25,21
18642,33,011502,-3.61491,-4.63509,51
19225,34,011792,2.59826,-5.25,21
19225,35,011872,-3.41772,-4.83228,51
19497,36,011963,0.154311,-1.75,21
19497,37,012037,-5.74147,-2.50853,51
19645,38,011975,2.61782,-5.25,21
19645,39,012125,-2.81366,-5.43634,51
19867,40,012178,0.56248,8.81248,21
19867,41,012269,-1.75,6.99972,21
24478,42,015053,-1.75,7.9305,21
24478,43,015141,0.994268,9.24427,21
26309,45,016266,5.25,-5.74687,21
1.51206,-6.73794,21
28689,46,017703,-1.6234,6.6266,21
28689,47,017782,-5.25,5.8116,21
29528,48,018243,-0.800302,-9.0503,21
29528,49,018325,1.75,-8.35091,21
31209,50,019196,1.96696,-6.28304,21
31209,51,019344,5.25,-4.53026,21
31419,52,019319,8.48618,-0.23618,21
31419,53,019466,9.39867,1.75,51
31488,54,019202,5.19938,-3.05062,21
31488,55,019499,1.75,-1.54005,21
31629,56,01950357,019586,-5.25,7.84136,21
31629,56,01950357,019586,-5.25,7.84136,21
016088,-1.03569,7.21431,21
32749,58,020232,2.11946,-6.13054,21
32749,59,020315,5.25,-4.82588,21
33869,60,020866,-0.862228,7.38777,21
33869,61,021037,-5.25,6.29346,21
35828,62,021992,-1.27451,6.97549,21
35828,63,022273,-5.25,5.86397,21
36107,64,022286,1.04251,-7.20749,21
36107,65,022441,5.25,-8.89495,21
36668,66,022728,0.439385,8.68938,21
36668,67,022809,-1.75,7.97703,21
36729,68,022681,-1.83239,-1.75,21
36729,69,022852,-7.75626,-0.493736,51
41777,70,025716,8.45394,-0.203936,21
41777,71,025968,8.42064,1.75,51
43179,72,026738,8.4893,-0.239303,21
43179,73,026832,5.16259,1.75,51
43668,74,026940,0.963541,-7.28646,21
43668,75,027110,5.25,-7.03331,21
43808,76,027112,0.43311,8.68311,21
43808,77,027197,-1.75,7.79044,21
44298,79,027500,4429858,,78,027418
1

,,22
5.58221,2.66779,21
46888,80,028987,1.02239,-7.22761,21
46888,81,029151,5.25,-8.90687,21
46908,82,029029,5.03483,3.21517,21
46908,83,029121,-0.666152,1.75,51
48568,84,030118,-1.49543,6.75457,21
48568,85,030189,-5.25,5.41568,21
49176,86,030505,0.176788,-1.75,21
49176,87,030568,-5.8646,-2.3854,51
51789,88,032045,-8.28485,-0.0348484,21
51789,89,032205,-5.25,-1.4944,21
53749,90,033330,0.182764,-8.06724,21
53749,91,033407,1.75,-6.6502,21
54448,92,033770,0.9337,-7.3163,21
54448,93,033838,5.25,-7.52317,21
54728,94,033845,0.523665,8.77366,21
54728,95,034005,-1.75,7.188,21
55988,96,034723,-0.0769637,-8.32696,21
55988,97,034811,1.75,-6.54516,21
56058,98,034767,2.58259,5.66741,21
56058,99,034853,-2.83976,5.25,51
56868,100,035289,5.30023,2.94977,21
56868,101,035348,-1.07487,1.75,51
57668,102,035588,-0.955319,7.29468,21
57668,103,035862,-5.25,6.02136,21
58228,104,036040,-0.898465,7.35154,21
58228,105,036216,-5.25,8.00695,21
63478,106,039431,5.02198,3.22802,21
63478,107,039516,-0.751607,1.75,51
63900,108,039601,4.91917,3.33083,21
63900,109,039773,6.69759,5.25,51
64809,110,040307,5.25,-5.5691,21
64809,111,040229,1.3109,-6.9391,21
66207,112,041118,-1.11141,7.13859,21
66207,113,041205,-5.25,5.76166,21
66886,114,041389,-5.25,4.99071,21
66886,115,041599,-2.2329,6.0171,21
66892,116,041604,1.75,7.50352,21
67608,117,041910,-0.553576,-8.80358,21
67608,118,042080,1.75,-7.33881,21
68027,119,041920,-0.821014,-9.07101,21
68027,120,042332,1.75,-8.39769,21
69773,121,043254,0.187969,-1.75,21
69773,122,043414,-5.70793,-2.54207,51
71948,123,044599,-0.90262,7.34738,21
71948,124,044777,-5.25,6.24347,21
72088,125,044753,-1.82675,6.42325,21
72088,126,044869,-5.25,5.60459,21
72998,12772998,128,045470,9.54127,1.75,51
-0.154977,21
74114,129,046003,3.65016,-5.25,21
74114,130,046166,-2.58887,-5.66113,51
74328,131,046228,-5.42239,2.82761,21
74328,132,046303,-1.75,1.58571,21
74747,133,046415,-0.930424,7.31958,21
74747,134,046570,-5.25,9.12977,21
75587,135,047018,-1.12675,-9.37675,21
75587,136,047099,1.75,-8.68536,21
75934,137,047213,4.64463,-5.25,21
75934,138,047313,-1.65265,-6.59735,51
76988,139,047818,-2.24615,6.00385,21
76988,140,047987,-5.25,4.71095,21
78388,141,048606,1.69198,-6.55802,21
78388,142,048839,5.25,-5.09415,21
78686,143,048961,-7.38146,-0.868535,51
78686,144,048992,-1.82458,-1.75,21
81048,145,050387,-0.546951,-8.79695,21
81048,146,050543,1.75,-6.97318,21
81959,147,051042,4.91807,3.33193,21
81959,148,051136,4.25879,5.25,51
85948,149,053581,1.75,-8.00614,21
-1.01281,-9.26281,21
