88,1,000028,-1.75,-27.4601,21
189,2,000144,-36.6008,1.75,51
242,3,000176,-5.25,-29.3913,21
244,4,000179,-5.25,-29.6177,21
287,5,000159,-25.1858,1.75,51
454,6,000300,-35.9221,1.75,51
503,7,000278,-5.25,-26.596,21
511,8,000281,-5.25,-25.1836,21
952,9,000612,-1.75,-30.2984,21
1086,10,000693,-1.75,-33.7129,21
1088,11,000694,-1.75,-29.6848,21
1124,12,000589,-26.3009,5.25,22
1198,13,000607,5.25,25.1608,21
1297,14,000821,-37.5877,1.75,51
1330,15,000710,-1.75,-14.9939,21
1331,16,000795,5.25,25.1307,21
1487,17,000784,-1.75,-24.0327,21
1508,18,000967,-1.75,-28.1497,21
1560,19,000947,28.9442,-1.75,21
1728,20,001054,18.634,-1.75,21
1893,21,001003,-1.75,-21.6367,21
1905,22,001186,1.75,32.6873,21
2320,23,001447,1.75,26.646,21
2420,24,001577,27.7002,-5.25,21
2461,25,001511,5.25,26.2605,21
2596,26,001552,-1.75,-23.7366,21
2764,27,001784,1.75,30.4787,21
2871,28,001725,-1.75,-18.8409,21
2988,29,001932,29.9432,-5.25,21
3011,30,001810,5.25,17.581,21
3015,31,001812,5.25,23.5492,21
3129,32,002013,32.1317,-1.75,21
3343,33,002148,-1.75,-27.8841,21
3413,34,002191,29.4477,-5.25,21
3621,35,002314,-1.75,-29.8184,21
3679,36,002349,30.1798,-1.75,21
3759,37,002381,1.75,28.0868,21
3759,38,002396,-5.25,-19.3838,21
3793,39,002367,20.343,-1.75,21
3851,40,002399,5.25,18.6164,21
3856,41,002411,5.25,26.9025,21
3884,42,002485,-1.75,-73.809,21
4151,43,002594,-5.25,-27.352,21
4355,44,002723,29.7594,-5.25,21
4452,45,002834,-5.25,-28.696,21
4581,46,002914,1.75,28.1661,21
4641,47,002951,-29.5419,1.75,51
4726,48,003004,-1.75,-29.059,21
4800,49,003055,30.5335,-1.75,21
4801,50,002968,-23.1159,1.75,51
4849,51,003035,5.25,26.3645,21
4970,52,003120,1.75,20.792,21
5043,53,003089,21.6372,-1.75,21
5054,54,003093,17.0422,-5.25,21
5260,55,003220,5.25,26.0001,21
5341,56,003371,39.2148,-1.75,21
5411,57,003410,1.75,30.0507,21
5815,58,003580,-1.75,-22.4524,21
5833,59,003672,1.75,25.7005,21
5837,60,003681,1.75,26.2973,21
5855,61,003735,5.25,29.9976,21
5979,62,003808,5.25,28.5603,21
5986,63,003818,1.75,27.798,21
6379,64,004016,1.75,29.3112,21
6586,65,004065,23.0067,-1.75,21
6592,66,004147,-29.8641,5.25,51
6625,67,004216,29.2519,-1.75,21
6634,68,004221,33.2077,-1.75,21
6656,69,003936,-1.75,-23.7361,21
6731,70,004197,-28.8355,5.25,22
6753,71,004233,27.2724,-5.25,21
6829,72,004346,-1.75,-28.6689,21
6882,73,004328,27.7248,-1.75,21
6911,74,004399,32.124,-1.75,21
6940,75,004283,1.75,26.6461,21
7036,76,004475,-56.6331,1.75,51
7044,77,004479,-33.665,1.75,51
7092,78,004460,1.75,28.6235,21
7367,79,004613,-5.25,-28.3039,21
7491,80,004681,-5.25,-18.8412,21
7778,81,004780,-5.25,-26.6326,21
7841,82,004914,18.8411,-1.75,21
8058,83,004969,-5.25,-28.2481,21
8191,84,004973,-1.75,-20.7494,21
8193,85,005131,5.25,25.6592,21
8218,86,005144,1.75,20.0669,21
8299,87,005243,81.1113,-1.75,21
8342,88,005194,-1.75,-26.9037,21
8370,89,005286,-5.25,-27.6357,21
8473,90,005213,5.25,21.6367,21
8504,91,005364,-1.75,-27.569,21
8687,92,005439,23.6045,-1.75,21
8689,93,005408,-26.9267,5.25,51
8772,94,005499,1.75,27.4948,21
9348,95,005903,1.75,32.8823,21
9381,96,005870,20.6406,-1.75,21
9431,97,005967,29.951,-5.25,21
9451,98,005917,1.75,18.829,21
9459,99,005921,1.75,29.7633,21
9481,100,005991,5.25,27.2606,21
9599,101,006018,1.75,19.0797,21
9665,102,005984,24.5953,-1.75,21
9743,103,006030,-1.75,-28.8118,21
9819,104,006157,42.2597,-1.75,21
9871,105,006105,1.75,20.7495,21
9883,106,006111,1.75,20.8993,21
10170,107,006286,5.25,27.7046,21
10261,108,006481,-33.4894,1.75,51
10433,109,006541,-5.25,-21.6371,21
10441,110,006545,-1.75,-21.9106,21
10450,111,006551,-5.25,-29.9832,21
10501,112,006419,14.4353,-1.75,21
10510,113,006593,-23.2818,1.75,51
10541,114,006662,-34.0027,1.75,51
10680,115,006505,15.7632,-1.75,21
10729,116,006731,-1.75,-44.7396,21
10937,117,006865,25.212,-5.25,21
10993,118,006901,5.25,22.5808,21
11009,119,006903,-5.25,-29.6483,21
11211,120,007033,-32.3401,1.75,51
11240,121,007102,-54.7501,1.75,51
11341,122,007107,-24.2975,5.25,51
11364,123,007185,29.0512,-5.25,21
11383,124,007202,48.625,-1.75,21
11416,125,007078,-1.75,-23.7369,21
11481,126,007118,-24.2979,1.75,51
11530,127,007212,29.7808,-1.75,21
11553,128,007145,-5.25,-21.7604,21
11595,129,007332,-1.75,-32.1819,21
11698,130,007343,-5.25,-24.2098,21
11728,131,007424,-1.75,-29.4583,21
11858,132,007502,1.75,29.7955,21
11908,133,007488,24.8419,-5.25,21
12018,134,007603,5.25,27.4813,21
12321,135,007671,-22.2658,5.25,22
12463,136,007842,22.0949,-5.25,21
12673,137,007945,-1.75,-21.6373,21
13046,138,008211,19.6694,-1.75,21
13240,139,008336,5.25,26.5902,21
13402,140,008477,-1.75,-29.9787,21
13515,141,008499,-5.25,-27.0833,21
13624,142,008622,29.294,-5.25,21
13892,143,008801,-28.8966,5.25,51
13905,144,008723,21.6705,-5.25,21
13975,145,008855,5.25,28.3648,21
14123,146,008945,-1.75,-28.9135,21
14465,147,009152,29.9381,-5.25,21
14498,148,009040,-1.75,-31.9864,21
14515,149,009178,-1.75,-29.4471,21
14639,150,009214,-1.75,-22.0381,21
14773,151,009279,-5.25,-21.6365,21
15070,152,009466,1.75,26.9839,21
15079,153,009520,1.75,50.7483,21
15085,154,009522,5.25,28.0782,21
15121,155,009430,18.8405,-5.25,21
15154,156,009569,29.6082,-1.75,21
15406,157,009673,-29.7592,5.25,51
15625,158,009793,-1.75,-22.8603,21
15665,159,009872,-1.75,-28.7018,21
15751,160,009721,5.25,18.8407,21
15827,161,009898,24.1072,-5.25,21
16101,162,010108,18.841,-5.25,21
16183,163,010156,-5.25,-27.271,21
16218,164,010231,-1.75,-32.559,21
16453,165,010319,-1.75,-20.9627,21
16521,166,010367,18.8409,-1.75,21
16522,167,010370,19.5947,-5.25,21
16694,168,010540,29.5069,-5.25,21
16883,169,010611,1.75,28.3064,21
16891,170,010616,1.75,30.2286,21
17055,171,010768,1.75,28.4907,21
17151,172,010614,-1.75,-18.8414,21
17855,173,011217,-1.75,-22.4525,21
18074,174,011329,26.4726,-5.25,21
18100,175,011433,94.1833,-1.75,21
18656,176,011795,-33.8516,1.75,51
19320,177,012160,-21.729,1.75,51
19391,178,012110,5.25,18.8409,21
19437,179,012290,-1.75,-74.2078,21
19505,180,012330,29.3725,-1.75,21
19549,181,012267,1.75,27.7959,21
19573,182,012373,1.75,32.2052,21
19612,183,012346,25.741,-1.75,21
19717,184,012465,-1.75,-29.3608,21
19765,185,012440,29.1323,-1.75,21
19845,186,012540,1.75,27.7902,21
19979,187,012623,1.75,29.1851,21
20047,188,012666,-29.7629,5.25,51
20230,189,012733,5.25,16.0512,21
20529,190,012830,1.75,23.7927,21
20743,191,013018,29.4673,-1.75,21
21150,192,013277,21.1993,-5.25,21
21196,193,013281,18.3323,-1.75,21
21210,194,013349,-5.25,-16.1316,21
21216,195,013355,-1.75,-28.5552,21
21375,196,013436,1.75,22.587,21
21469,197,013547,29.1151,-1.75,21
21526,198,013518,1.75,25.0173,21
21934,199,013779,-1.75,-27.092,21
22018,200,013881,-39.3583,1.75,51
22104,201,013924,5.25,29.1704,21
22313,202,014052,17.6577,-1.75,21
22335,203,014020,-1.75,-20.1149,21
22404,204,013985,-25.7312,1.75,51
22406,205,014059,29.4689,-5.25,21
22699,206,014197,27.3766,-1.75,21
22798,207,014349,-1.75,-28.6668,21
22804,208,014353,-5.25,-29.8096,21
22865,209,014391,-37.1309,1.75,51
22876,210,014291,14.7456,-1.75,21
22891,211,014358,-5.25,-18.7101,21
23054,212,014466,1.75,26.3723,21
23075,213,014523,1.75,31.7031,21
23101,214,014497,20.7487,-5.25,21
23103,215,014496,21.6367,-1.75,21
23316,216,014630,-5.25,-29.9295,21
23381,217,014676,18.7095,-5.25,21
23573,218,014858,-59.8154,1.75,51
23769,219,014968,-5.25,-19.4302,21
24089,220,015018,23.4309,-5.25,21
24254,221,015287,30.5544,-1.75,21
24433,222,015267,-1.75,-21.6374,21
24440,223,015351,5.25,26.6454,21
24528,224,015454,25.4873,-5.25,21
24720,225,015526,5.25,26.2824,21
24993,226,015597,5.25,21.6372,21
25017,227,015768,-1.75,-30.5921,21
25208,228,015746,24.8421,-1.75,21
25318,229,015966,5.25,28.6962,21
25562,230,016069,1.75,26.7038,21
25567,231,015952,-5.25,-22.521,21
25598,232,016125,1.75,27.1925,21
25844,233,016234,-1.75,-18.9691,21
25948,234,016345,-37.6024,1.75,51
26048,235,016354,-26.5354,5.25,51
26123,236,016403,5.25,29.3472,21
26163,237,016477,1.75,31.6889,21
26269,238,016495,5.25,29.0082,21
26328,239,016533,21.9614,-1.75,21
26338,240,016540,28.3763,-1.75,21
26360,241,016616,29.4469,-5.25,21
26561,242,016735,1.75,29.9734,21
26851,243,016920,1.75,28.7347,21
26881,244,016899,-20.8734,1.75,51
26994,245,017005,1.75,30.5138,21
27144,246,017100,1.75,34.8792,21
27161,247,017060,18.7104,-5.25,21
27183,248,017075,30.2239,-1.75,21
27275,249,017181,1.75,51.5544,21
27336,250,017222,29.5951,-5.25,21
27397,251,017256,-1.75,-29.9464,21
27446,252,017152,-29.7592,5.25,51
27683,253,017425,5.25,29.73,21
27690,254,017363,-1.75,-17.4299,21
27744,255,017468,-35.1164,1.75,51
27752,256,017245,15.7783,-1.75,21
28165,257,017725,-34.0894,1.75,51
28383,258,017797,5.25,19.3944,21
28387,259,017866,-1.75,-28.3463,21
28429,260,017805,-28.802,5.25,51
28437,261,017854,26.2238,-5.25,21
28501,262,017868,1.75,25.228,21
28563,263,017812,-24.7097,5.25,51
28843,264,018017,25.6198,-1.75,21
29061,265,018171,-1.75,-40.5894,21
29067,266,018245,5.25,19.3948,21
29123,267,018263,21.6368,-1.75,21
29161,268,018367,-34.2563,1.75,51
29220,269,018394,-1.75,-28.084,21
29235,270,018405,-5.25,-29.0806,21
29288,271,018438,-37.0482,1.75,51
29301,272,018355,22.9574,-5.25,21
29309,273,018368,25.8374,-5.25,21
29482,274,018500,-5.25,-21.3408,21
29733,275,018716,29.1169,-1.75,21
29823,276,018721,25.6201,-5.25,21
29830,277,018722,22.472,-1.75,21
29972,278,018798,26.9304,-1.75,21
30010,279,018882,31.4978,-1.75,21
30012,280,018884,28.9417,-1.75,21
30122,281,018950,-35.91,1.75,51
30187,282,018942,-5.25,-28.2064,21
30213,283,019009,-1.75,-52.5404,21
30272,284,019045,-41.8613,1.75,51
30381,285,019063,-24.2982,1.75,51
30451,286,019099,5.25,18.8412,21
30875,287,019281,1.75,17.5967,21
31179,288,019604,5.25,28.4413,21
31271,289,019665,31.8319,-1.75,21
31409,290,019676,29.2446,-5.25,21
31587,291,019734,-1.75,-24.6354,21
31591,292,019780,-5.25,-27.2921,21
31598,293,019875,-1.75,-26.3514,21
31832,294,020017,32.7776,-1.75,21
31963,295,020105,-36.2134,1.75,51
32166,296,020226,1.75,53.4138,21
32321,297,020242,5.25,19.6913,21
32347,298,020282,25.7171,-1.75,21
32489,299,020375,25.3657,-5.25,21
32621,300,020344,-24.2982,5.25,51
32839,301,020594,-5.25,-25.1925,21
32877,302,020665,-1.75,-32.5746,21
33111,303,020756,-5.25,-18.841,21
33120,304,020762,-5.25,-26.6009,21
33130,305,020771,-5.25,-28.3196,21
33199,306,020884,-28.6536,1.75,51
33289,307,020950,1.75,29.4179,21
33302,308,020961,1.75,33.0846,21
33399,309,020970,5.25,25.663,21
33577,310,021155,-1.75,-31.181,21
33579,311,021156,-5.25,-28.9953,21
33605,312,021019,28.6635,-5.25,21
33640,313,021199,-34.8097,1.75,51
33673,314,021161,-1.75,-21.6372,21
33897,315,021213,20.6333,-1.75,21
34098,316,021415,-1.75,-31.6881,21
34161,317,021457,-24.2975,1.75,51
34210,318,021549,-28.5689,1.75,51
34231,319,021478,1.75,20.7751,21
34371,320,021503,1.75,20.7492,21
34682,321,021830,-1.75,-29.3751,21
34701,322,021844,-1.75,-33.7694,21
34741,323,021870,-41.3224,1.75,51
34908,324,021983,28.9159,-5.25,21
34965,325,022017,-5.25,-28.2609,21
35091,326,022023,1.75,28.9365,21
35094,327,022050,5.25,29.4518,21
35189,328,022159,29.5394,-1.75,21
35244,329,022195,-5.25,-28.2434,21
35613,330,022426,30.8774,-1.75,21
35638,331,022288,-1.75,-25.4786,21
35649,332,022314,-5.25,-27.2581,21
35821,333,022554,-1.75,-29.9272,21
35955,334,022635,1.75,29.6181,21
36245,335,022812,-1.75,-28.9116,21
36269,336,022698,26.7869,-1.75,21
36425,337,022877,22.0216,-1.75,21
36646,338,023057,-1.75,-29.442,21
36760,339,023077,-5.25,-29.7147,21
36823,340,023119,21.7596,-5.25,21
36974,341,023182,-28.9043,5.25,51
37184,342,023341,-5.25,-22.3147,21
37215,343,023420,1.75,53.0939,21
37596,344,023605,1.75,23.7226,21
37871,345,023793,-1.75,-26.5884,21
38165,346,023896,1.75,26.2562,21
38318,347,024101,-5.25,-25.9977,21
38449,348,024192,-1.75,-89.1557,21
38464,349,024200,-1.75,-26.6618,21
38473,350,024206,-1.75,-29.9796,21
38477,351,024210,-1.75,-30.5378,21
38725,352,024302,-1.75,-29.3057,21
38811,353,024403,27.8302,-1.75,21
38831,354,024421,27.1216,-5.25,21
38993,355,024362,5.25,21.6373,21
39002,356,024396,1.75,27.3595,21
39091,357,024584,27.943,-5.25,21
39096,358,024586,26.2822,-1.75,21
39108,359,024592,24.3598,-5.25,21
39135,360,024524,1.75,25.1247,21
39162,361,024634,1.75,29.3781,21
39201,362,024599,-24.298,5.25,51
39215,363,024612,28.476,-1.75,21
39230,364,024618,18.7359,-1.75,21
39507,365,024816,26.6653,-5.25,21
39522,366,024869,43.0809,-1.75,21
39794,367,025038,29.453,-1.75,21
39857,368,025078,-5.25,-29.7218,21
40214,369,025315,-38.3633,1.75,51
40396,370,025381,5.25,23.6423,21
40482,371,025487,-38.0668,1.75,51
40781,372,025668,-41.2071,1.75,51
40974,373,025744,1.75,28.0401,21
41099,374,025817,-5.25,-29.8121,21
41146,375,025910,1.75,25.5888,21
41306,376,025878,-29.0478,5.25,51
41316,377,025965,21.5955,-1.75,21
41448,378,025974,-26.7248,5.25,51
41485,379,026128,29.0902,-5.25,21
41664,380,026165,-5.25,-29.6689,21
41861,381,026320,20.75,-5.25,21
41884,382,026383,-35.1983,1.75,51
41976,383,026439,1.75,79.7658,21
42046,384,026479,29.3856,-1.75,21
42052,385,026483,29.9247,-5.25,21
42163,386,026499,28.2354,-1.75,21
42183,387,026562,30.53,-1.75,21
42219,388,026268,-5.25,-28.2845,21
42360,389,026511,-5.25,-25.3677,21
42440,390,026712,-35.538,1.75,51
42522,391,026762,-1.75,-29.6087,21
42561,392,026721,-24.2981,1.75,51
43012,393,027059,-36.8766,1.75,51
43123,394,027050,21.6372,-1.75,21
43128,395,027073,-27.4585,5.25,22
43200,396,027133,1.75,25.6135,21
43212,397,027142,1.75,26.1207,21
43370,398,027304,-5.25,-28.352,21
43787,399,027551,5.25,26.9089,21
43798,400,027558,5.25,28.7683,21
43821,401,027260,18.8412,-1.75,21
43919,402,027628,1.75,27.933,21
43998,403,027692,-36.681,1.75,51
44311,404,027819,1.75,18.8412,21
44525,405,027861,26.566,-5.25,21
44628,406,028071,-1.75,-29.1135,21
44764,407,028152,-1.75,-24.1717,21
44840,408,028203,29.0321,-1.75,21
45059,409,028330,-1.75,-31.0547,21
45063,410,028334,-1.75,-28.6669,21
45158,411,028274,1.75,29.6987,21
45187,412,028404,5.25,29.2781,21
45431,413,028522,-5.25,-18.7101,21
45438,414,028526,-1.75,-23.7404,21
45833,415,028826,-57.9998,1.75,51
46203,416,028887,-24.7101,5.25,51
46232,417,029070,29.1563,-1.75,21
46341,418,028976,-26.7378,1.75,51
46766,419,029361,-26.9225,5.25,22
46836,420,029242,1.75,23.7359,21
46901,421,029365,-24.2979,1.75,51
46975,422,029494,-5.25,-22.3168,21
47046,423,029541,-25.8769,5.25,22
47092,424,029622,-34.4903,1.75,51
47402,425,029755,1.75,23.0984,21
47469,426,029674,-26.0212,5.25,51
47652,427,029960,29.8675,-5.25,21
47819,428,030014,-1.75,-27.4507,21
47841,429,030070,-1.75,-27.6509,21
47861,430,030085,-1.75,-29.3583,21
47957,431,030095,-5.25,-24.1068,21
48028,432,030142,-28.7773,5.25,22
48142,433,030258,-1.75,-34.8895,21
48325,434,030316,22.2169,-1.75,21
48474,435,030491,29.6177,-1.75,21
48651,436,030470,1.75,14.622,21
48861,437,030521,18.8408,-1.75,21
48887,438,030663,28.1429,-1.75,21
48888,439,030671,28.8687,-5.25,21
49108,440,030891,-5.25,-29.5285,21
49114,441,030895,-1.75,-32.1473,21
49313,442,031025,29.9849,-1.75,21
49380,443,031068,5.25,25.0733,21
49392,444,031078,1.75,27.6874,21
49567,445,031139,22.7171,-5.25,21
49571,446,031143,24.9651,-5.25,21
49597,447,031214,49.5621,-1.75,21
49601,448,031215,29.7288,-5.25,21
49803,449,031349,-1.75,-28.9913,21
50152,450,031574,29.6979,-1.75,21
50217,451,031614,-5.25,-29.1851,21
50237,452,031633,-1.75,-28.9997,21
50277,453,031656,-37.7635,1.75,51
50335,454,031555,1.75,30.8649,21
50448,455,031764,-37.5444,1.75,51
50479,456,031731,1.75,29.5158,21
50549,457,031775,-32.9296,1.75,51
50585,458,031847,28.8313,-1.75,21
50635,459,031878,1.75,29.9752,21
50693,460,031864,18.9385,-1.75,21
50696,461,031866,21.5828,-1.75,21
50853,462,032028,-34.8378,1.75,51
50984,463,032058,29.4124,-5.25,21
50996,464,032116,29.6337,-5.25,21
51353,465,032338,5.25,29.0212,21
51451,466,032245,-1.75,-18.8409,21
51467,467,032326,-1.75,-29.683,21
51623,468,032508,1.75,94.1833,21
51741,469,032528,1.75,40.3229,21
51755,470,032583,1.75,28.187,21
51834,471,032637,-40.0291,1.75,51
51875,472,032609,1.75,29.7918,21
52029,473,032711,1.75,30.4097,21
52123,474,032823,28.4228,-1.75,21
52130,475,032829,28.0363,-1.75,21
52134,476,032833,28.0053,-1.75,21
52303,477,032726,-1.75,-22.3896,21
52581,478,033050,5.25,24.84,21
52590,479,033061,1.75,26.3383,21
52725,480,033057,-5.25,-29.8239,21
52817,481,033197,-26.4089,5.25,51
52925,482,033272,-26.382,1.75,51
53094,483,033423,28.1841,-1.75,21
53136,484,033392,-1.75,-23.7231,21
53287,485,033493,-1.75,-28.3108,21
53289,486,033495,-1.75,-27.7712,21
53427,487,033582,-1.75,-28.0083,21
53669,488,033792,-36.8409,1.75,51
53876,489,033903,1.75,27.6294,21
54015,490,033843,-5.25,-21.3243,21
54015,491,033985,1.75,29.0684,21
54304,492,034090,-5.25,-20.0483,21
54468,493,034146,19.5454,-5.25,21
54600,494,034202,26.588,-1.75,21
54704,495,034421,-5.25,-28.7402,21
54819,496,034445,-5.25,-25.6285,21
54924,497,034560,64.0478,-1.75,21
54961,498,034529,-1.75,-27.8547,21
55275,499,034790,1.75,29.6343,21
55373,500,034711,-5.25,-21.8959,21
55425,501,034895,-1.75,-29.6878,21
55720,502,034859,14.9723,-1.75,21
55763,503,035104,28.4348,-1.75,21
55811,504,035077,-1.75,-29.6906,21
55814,505,035079,-1.75,-26.0704,21
55940,506,035165,-5.25,-26.0001,21
55950,507,035171,-1.75,-38.6638,21
56305,508,035454,-56.4178,1.75,51
56395,509,035502,-1.75,-34.6463,21
56465,510,035546,-27.5447,5.25,51
56585,511,035618,-35.2424,1.75,51
56633,512,035595,-5.25,-21.7604,21
56636,513,035597,-5.25,-23.7692,21
56701,514,035645,-22.2659,5.25,22
56740,515,035725,-29.7448,1.75,51
56775,516,035492,1.75,24.5957,21
56800,517,035752,1.75,29.1816,21
56911,518,035781,5.25,17.6527,21
56922,519,035758,-1.75,-26.9704,21
56945,520,035857,-1.75,-31.0729,21
57065,521,035875,1.75,29.1082,21
57163,522,036027,77.9041,-1.75,21
57311,523,036116,33.1813,-1.75,21
57385,524,036164,-1.75,-27.2848,21
57502,525,036235,-5.25,-29.9405,21
57663,526,036338,-5.25,-29.3534,21
57763,527,036182,1.75,27.6379,21
57996,528,036546,-60.8221,1.75,51
58007,529,036389,15.5228,-1.75,21
58219,530,036668,-1.75,-28.4969,21
58258,531,036566,26.035,-1.75,21
58320,532,036683,-5.25,-25.3299,21
58555,533,036878,37.3277,-1.75,21
58666,534,036871,-24.0267,5.25,51
58816,535,037003,-27.8548,5.25,51
58847,536,037067,28.4025,-1.75,21
58875,537,036959,1.75,24.5951,21
58881,538,036962,5.25,24.5252,21
59054,539,037193,-1.75,-27.7733,21
59095,540,037167,28.3863,-5.25,21
59163,541,037105,5.25,25.2519,21
59174,542,037264,-5.25,-29.455,21
59317,543,037348,1.75,29.065,21
59325,544,037354,5.25,21.6898,21
59333,545,037362,1.75,25.7159,21
59573,546,037374,-5.25,-21.6374,21
59678,547,037599,30.8129,-1.75,21
59744,548,037643,1.75,29.3164,21
59746,549,037644,5.25,28.9241,21
59752,550,037649,5.25,29.831,21
59997,551,037670,5.25,20.2169,21
60158,552,037901,-1.75,-31.7821,21
60175,553,037915,-1.75,-28.8924,21
60241,554,037893,27.1964,-1.75,21
60278,555,037929,-1.75,-24.8988,21
60286,556,037934,-5.25,-28.2741,21
60430,557,038027,-1.75,-28.8317,21
60573,558,038133,-1.75,-28.5616,21
60777,559,038257,-25.4961,5.25,51
60941,560,038409,-30.4745,1.75,51
60973,561,038381,-5.25,-21.6367,21
61000,562,038448,1.75,29.3104,21
61049,563,038433,-29.1063,5.25,22
61052,564,038400,18.7621,-1.75,21
61163,565,038553,1.75,28.7345,21
61181,566,038420,18.8411,-5.25,21
61191,567,038441,22.3699,-1.75,21
61264,568,038560,5.25,25.5043,21
61507,569,038778,33.2979,-1.75,21
61615,570,038789,25.9239,-5.25,21
61678,571,038754,1.75,24.8917,21
61754,572,038883,27.5823,-1.75,21
61759,573,038887,27.0237,-1.75,21
61962,574,039010,-1.75,-26.8182,21
62269,575,039265,-1.75,-31.2438,21
62686,576,039499,5.25,29.5371,21
62761,577,039488,-33.4506,1.75,51
62764,578,039489,-29.8739,5.25,51
62878,579,039629,-35.5796,1.75,51
62945,580,039535,1.75,25.4709,21
63150,581,039670,25.9846,-5.25,21
63223,582,039799,1.75,26.9022,21
63316,583,039895,28.4588,-1.75,21
63539,584,040038,5.25,29.7591,21
63542,585,040043,1.75,29.5737,21
63606,586,039999,27.0876,-5.25,21
63715,587,040080,-29.9462,5.25,51
63796,588,040186,-5.25,-29.8091,21
63925,589,040212,-5.25,-25.0314,21
63965,590,040294,1.75,29.6915,21
64231,591,040359,1.75,25.5665,21
64333,592,040460,-5.25,-21.6364,21
64377,593,040561,-1.75,-59.0211,21
64384,594,040566,-5.25,-28.0067,21
64426,595,040536,20.5971,-1.75,21
64449,596,040608,29.1274,-5.25,21
64451,597,040609,29.7273,-5.25,21
64933,598,040922,1.75,29.4916,21
65042,599,040854,-5.25,-25.1375,21
65222,600,040912,-1.75,-26.1491,21
65255,601,041063,29.3691,-5.25,21
65293,602,041065,18.1539,-1.75,21
65609,603,041295,-1.75,-28.9871,21
65644,604,041377,-5.25,-29.7197,21
65761,605,041444,1.75,25.2774,21
65893,606,041485,-1.75,-29.1521,21
66013,607,041474,1.75,21.6374,21
66066,608,041558,-1.75,-18.2773,21
66230,609,041580,27.0842,-1.75,21
66369,610,041785,-29.8748,5.25,22
66620,611,041991,-1.75,-28.0701,21
66711,612,041997,-1.75,-17.7554,21
66794,613,042055,-48.4375,1.75,51
66920,614,042123,-17.0273,1.75,51
66961,615,042179,-28.1695,1.75,51
67084,616,042268,-51.0877,1.75,51
67182,617,042226,-1.75,-26.6209,21
67236,618,042292,-23.954,1.75,51
67238,619,042366,62.9389,-1.75,21
67241,620,042298,-29.3667,5.25,51
67416,621,042433,-5.25,-24.0024,21
67429,622,042444,-1.75,-22.8775,21
67520,623,042560,-47.8552,1.75,51
67627,624,042582,-31.6501,1.75,51
67837,625,042722,-1.75,-25.5584,21
67877,626,042807,-5.25,-29.6292,21
67901,627,042774,18.71,-5.25,21
67921,628,042830,-35.8754,1.75,51
67976,629,042694,5.25,26.9688,21
68260,630,042949,-5.25,-26.6453,21
68355,631,043106,39.1722,-1.75,21
68360,632,043108,25.8283,-5.25,21
68407,633,043075,5.25,19.5237,21
68811,634,043334,5.25,26.5894,21
69021,635,043387,18.8405,-5.25,21
69102,636,043523,5.25,26.7998,21
69131,637,043601,-1.75,-30.3618,21
69349,638,043752,28.9428,-1.75,21
69389,639,043717,-1.75,-29.934,21
69406,640,043789,-5.25,-29.2686,21
69476,641,043824,28.6291,-1.75,21
69881,642,044034,29.26,-5.25,21
69903,643,044113,74.6645,-1.75,21
69945,644,043991,5.25,28.1291,21
69971,645,044153,1.75,94.1833,21
70004,646,044040,-28.3334,5.25,51
70016,647,044136,-36.049,1.75,51
70089,648,044177,1.75,40.9155,21
70146,649,044127,23.7363,-5.25,21
70165,650,044266,29.3345,-1.75,21
70241,651,044318,1.75,29.9179,21
70507,652,044364,1.75,28.85,21
70638,653,044517,1.75,25.7534,21
70639,654,044520,5.25,25.6628,21
71159,655,044826,24.4364,-1.75,21
71206,656,044875,-1.75,-28.7751,21
71211,657,044880,-1.75,-29.957,21
71280,658,044923,27.2606,-1.75,21
71282,659,044963,39.7787,-1.75,21
71285,660,044965,27.9274,-5.25,21
71473,661,045038,5.25,25.6596,21
71491,662,045041,-5.25,-28.6706,21
71571,663,045085,23.4676,-5.25,21
71647,664,045197,5.25,29.1649,21
71865,665,045324,29.1618,-1.75,21
72467,666,045546,-1.75,-28.8917,21
72737,667,045738,-1.75,-26.1174,21
72747,668,045825,1.75,27.1927,21
72844,669,045933,29.9891,-5.25,21
73413,670,046310,29.5627,-1.75,21
73735,671,046417,-1.75,-26.0863,21
73812,672,046548,29.8602,-5.25,21
73861,673,046532,-5.25,-26.6907,21
73891,674,046601,1.75,27.9719,21
74068,675,046582,20.548,-1.75,21
74104,676,046741,28.9166,-5.25,21
74239,677,046831,29.962,-1.75,21
74243,678,046835,29.7086,-1.75,21
74295,679,046816,1.75,25.2668,21
74347,680,046852,24.0384,-5.25,21
74481,681,046768,-22.7818,1.75,51
74553,682,046891,5.25,21.7604,21
74633,683,046936,27.8362,-5.25,21
74709,684,047046,1.75,41.0597,21
74779,685,047089,20.6279,-1.75,21
74854,686,047150,1.75,27.2155,21
74980,687,047197,-5.25,-25.3301,21
74998,688,047284,-5.25,-28.2689,21
75063,689,047192,21.1504,-5.25,21
75072,690,047341,-56.6116,1.75,51
75343,691,047458,29.2002,-5.25,21
75489,692,047554,27.2981,-1.75,21
75514,693,047622,29.0352,-1.75,21
75533,694,047580,1.75,21.6366,21
75566,695,047649,1.75,29.2568,21
75569,696,047655,5.25,28.8865,21
75605,697,047506,-25.3652,1.75,51
75692,698,047678,5.25,25.4296,21
75716,699,047748,-5.25,-29.3553,21
75723,700,047754,-1.75,-30.1911,21
75996,701,047936,-1.75,-29.8694,21
76003,702,047941,-5.25,-29.5119,21
76041,703,047875,21.4886,-1.75,21
76060,704,047972,27.0571,-1.75,21
76334,705,048152,30.8683,-1.75,21
76472,706,048251,29.6718,-5.25,21
76530,707,048238,1.75,27.4575,21
76544,708,048301,1.75,28.7116,21
76799,709,048400,-5.25,-20.4727,21
76813,710,048405,1.75,28.8939,21
76841,711,048401,-5.25,-18.5231,21
76864,712,048442,-26.3151,5.25,22
77052,713,048607,-39.2567,1.75,51
77145,714,048530,22.4527,-5.25,21
77170,715,048673,-39.4213,1.75,51
77369,716,048669,-5.25,-24.355,21
77376,717,048743,-1.75,-27.7728,21
77451,718,048831,28.7394,-1.75,21
77664,719,048961,-1.75,-26.8943,21
77791,720,048996,1.75,27.5949,21
77794,721,049001,1.75,33.9003,21
78121,722,049118,20.7493,-1.75,21
78126,723,049120,23.0224,-5.25,21
78128,724,049123,26.9807,-5.25,21
78157,725,049277,-37.4667,1.75,51
78263,726,049127,21.7599,-5.25,21
78484,727,049428,-1.75,-27.7372,21
78773,728,049600,1.75,28.5898,21
78779,729,049647,1.75,29.4015,21
78891,730,049503,-5.25,-18.8415,21
78939,731,049596,-5.25,-25.7458,21
79050,732,049767,1.75,42.5755,21
79215,733,049905,1.75,28.5792,21
79356,734,050007,1.75,31.5754,21
79741,735,050195,-5.25,-19.8547,21
79763,736,050257,1.75,29.8617,21
79872,737,050199,-1.75,-19.5948,21
79909,738,050353,-5.25,-28.9945,21
79949,739,050244,25.5664,-5.25,21
79950,740,050339,-29.6408,5.25,51
79964,741,050315,29.9299,-1.75,21
79973,742,050386,27.3258,-5.25,21
80370,743,050460,-29.5627,5.25,51
80465,744,050681,5.25,29.8856,21
80519,745,050668,28.3154,-1.75,21
80571,746,050618,-1.75,-18.8414,21
80601,747,050631,-1.75,-18.9127,21
80615,748,050763,5.25,28.2449,21
81005,749,050960,-5.25,-29.2435,21
81625,750,051333,-27.3116,1.75,51
81776,751,051418,-33.8897,1.75,51
81952,752,051599,-39.9142,1.75,51
81973,753,051533,5.25,21.6365,21
81987,754,051567,-5.25,-28.5372,21
82043,755,051431,21.6372,-5.25,21
82080,756,051682,29.9327,-1.75,21
82190,757,051702,25.8478,-1.75,21
82371,758,051872,32.8052,-1.75,21
82391,759,051642,-1.75,-18.8414,21
82392,760,051835,1.75,27.9747,21
82417,761,051894,5.25,27.0971,21
82512,762,051975,-37.9276,1.75,51
82536,763,051926,1.75,23.0746,21
82758,764,052082,-32.7779,1.75,51
82771,765,052139,-35.5897,1.75,51
82998,766,052289,1.75,29.1044,21
83052,767,052327,-29.4477,5.25,51
83326,768,052497,-33.9864,1.75,51
83372,769,052393,-5.25,-19.5955,21
83377,770,052397,-5.25,-24.428,21
83387,771,052461,-1.75,-28.7203,21
83521,772,052558,5.25,26.0473,21
83612,773,052667,29.2826,-5.25,21
83700,774,052727,-5.25,-29.801,21
83702,775,052729,-5.25,-29.0672,21
83885,776,052840,-32.988,1.75,51
83976,777,052906,-1.75,-31.0118,21
84013,778,052879,-34.0632,1.75,51
84022,779,052935,-56.4124,1.75,51
84159,780,052934,24.4817,-1.75,21
84439,781,053064,28.5526,-5.25,21
84782,782,053194,-5.25,-26.0481,21
84852,783,053401,-25.7955,1.75,51
84855,784,053402,-26.0622,5.25,51
84860,785,053403,-23.6033,1.75,51
84911,786,053355,1.75,18.8415,21
84996,787,053467,-24.286,1.75,51
85015,788,053548,26.7144,-1.75,21
85034,789,053569,29.5555,-5.25,21
85173,790,053658,-28.2489,1.75,51
85350,791,053703,-1.75,-25.3102,21
85356,792,053728,-1.75,-26.062,21
85655,793,053957,-1.75,-32.0356,21
85790,794,054047,1.75,28.1867,21
85830,795,054020,-29.3658,5.25,51
85966,796,054019,29.3788,-5.25,21
85980,797,054090,28.386,-5.25,21
86051,798,054128,1.75,29.3718,21
86103,799,054157,-24.7102,1.75,51
86180,800,054236,5.25,26.0002,21
86326,801,054329,1.75,27.4022,21
86346,802,054386,1.75,28.7857,21
86352,803,054390,5.25,29.9114,21
