71,1,000017,5.25,18.8416,21
76,2,000015,-1.75,-23.6432,21
95,3,000079,-1.75,-29.2673,21
193,4,000140,55.2155,-1.75,21
351,5,000118,-1.75,-26.5884,21
353,6,000190,5.25,21.7599,21
359,7,000192,5.25,27.4043,21
434,8,000164,26.208,-5.25,21
466,9,000297,29.701,-1.75,21
530,10,000340,-5.25,-29.6616,21
603,11,000388,27.9876,-1.75,21
682,12,000443,-5.25,-29.8042,21
704,13,000384,-28.3327,5.25,51
708,14,000407,20.54,-1.75,21
714,15,000414,33.4237,-1.75,21
718,16,000415,27.1927,-5.25,21
841,17,000494,18.841,-1.75,21
846,18,000495,24.6911,-5.25,21
853,19,000491,-30.9185,1.75,51
863,20,000499,24.3557,-5.25,21
919,21,000547,5.25,25.5573,21
921,22,000511,-1.75,-44.5447,21
955,23,000620,-1.75,-32.2621,21
981,24,000584,18.8405,-5.25,21
1008,25,000588,17.1962,-1.75,21
1055,26,000631,-1.75,-19.6523,21
1071,27,000614,1.75,26.964,21
1073,28,000635,-5.25,-25.1928,21
1158,29,000747,28.3077,-1.75,21
1160,30,000669,-29.9865,5.25,51
1276,31,000755,19.3976,-5.25,21
1367,32,000892,-5.25,-29.0194,21
1367,33,000891,-1.75,-29.2595,21
1405,34,000863,-32.4771,1.75,51
1489,35,000874,1.75,19.3831,21
1491,36,000879,1.75,21.4801,21
1493,37,000884,1.75,22.5199,21
1587,38,001040,29.4421,-5.25,21
1625,39,001014,-5.25,-29.8792,21
1686,40,001051,23.7357,-1.75,21
1781,41,001109,5.25,28.305,21
1802,42,001177,1.75,27.7424,21
1858,43,001217,29.317,-5.25,21
1897,44,001079,-1.75,-17.551,21
2008,45,001321,-30.1352,1.75,51
2011,46,001241,19.956,-1.75,21
2033,47,001282,-5.25,-21.7054,21
2040,48,001288,-5.25,-25.9759,21
2081,49,001358,1.75,28.8121,21
2264,50,001420,29.5893,-5.25,21
2266,51,001421,28.274,-1.75,21
2325,52,001470,1.75,18.1184,21
2355,53,001553,5.25,27.5575,21
2453,54,001562,5.25,21.7597,21
2502,55,001648,1.75,29.3985,21
2595,56,001652,1.75,23.7184,21
2627,57,001718,5.25,29.9427,21
2710,58,001766,32.7633,-1.75,21
2777,59,001807,-5.25,-28.9036,21
2813,60,001703,-29.3428,5.25,22
2902,61,001874,-1.75,-27.8661,21
3041,62,001964,1.75,43.0362,21
3055,63,001976,1.75,29.7342,21
3153,64,001905,-1.75,-21.6374,21
3201,65,002062,-5.25,-29.3551,21
3361,66,002123,-24.2983,5.25,51
3368,67,001925,24.8992,-1.75,21
3451,68,002174,1.75,29.4828,21
3453,69,002083,-5.25,-25.1924,21
3501,70,002128,-24.298,1.75,51
3602,71,002314,1.75,21.6476,21
3613,72,002328,1.75,40.9184,21
3619,73,002332,5.25,28.1201,21
3621,74,002335,5.25,27.9231,21
3624,75,002338,5.25,28.5206,21
3652,76,002297,-29.7635,5.25,51
3664,77,002365,-35.4417,1.75,51
3860,78,002354,1.75,25.1934,21
3991,79,002506,1.75,14.6224,21
4012,80,002517,5.25,28.4761,21
4136,81,002617,-5.25,-24.843,21
4138,82,002589,5.25,25.4784,21
4156,83,002630,-5.25,-24.0161,21
4165,84,002686,-1.75,-28.1534,21
4169,85,002691,-1.75,-27.8497,21
4227,86,002678,26.8744,-5.25,21
4708,87,002882,-5.25,-27.1332,21
4796,88,003049,30.2626,-1.75,21
4864,89,003089,1.75,29.584,21
4973,90,003096,5.25,25.6599,21
4976,91,003107,-5.25,-23.6427,21
5012,92,003183,1.75,29.7283,21
5016,93,003186,5.25,29.1444,21
5117,94,003119,-1.75,-24.2792,21
5120,95,003197,5.25,26.646,21
5151,96,003264,-1.75,-27.9709,21
5188,97,003078,24.8992,-1.75,21
5265,98,003256,5.25,28.4757,21
5301,99,003373,5.25,29.3673,21
5339,100,003337,28.4316,-1.75,21
5370,101,003419,29.9798,-1.75,21
5476,102,003403,-26.4842,5.25,51
5537,103,003469,1.75,25.7035,21
5574,104,003389,-1.75,-24.3508,21
5575,105,003392,-5.25,-29.819,21
5608,106,003512,20.1184,-1.75,21
5610,107,003514,27.2069,-1.75,21
5747,108,003608,24.3279,-1.75,21
5760,109,003589,-27.6289,1.75,51
5760,110,003616,28.3157,-5.25,21
5823,111,003671,-1.75,-38.2693,21
5827,112,003673,-1.75,-27.9411,21
5846,113,003728,-5.25,-28.2218,21
5864,114,003748,-1.75,-75.1932,21
5906,115,003687,17.9939,-1.75,21
5985,116,003745,1.75,34.6292,21
5993,117,003810,1.75,29.4655,21
6005,118,003822,1.75,29.3529,21
6122,119,003893,-5.25,-29.104,21
6189,120,003928,29.4348,-1.75,21
6271,121,003983,1.75,51.7733,21
6275,122,003984,5.25,29.5813,21
6371,123,003913,-5.25,-18.8408,21
6397,124,004004,1.75,30.4843,21
6417,125,004078,1.75,44.8341,21
6459,126,004052,-35.2545,1.75,51
6531,127,004096,5.25,28.0763,21
6588,128,004133,-26.58,5.25,51
6695,129,004255,1.75,30.939,21
6698,130,004260,1.75,51.3888,21
6723,131,004136,-24.7101,1.75,51
6745,132,004288,-37.7014,1.75,51
6760,133,004299,-37.5119,1.75,51
6861,134,004229,20.7496,-1.75,21
6867,135,004309,-28.3229,5.25,51
6899,136,004375,28.6792,-1.75,21
6938,137,004190,-1.75,-32.4357,21
7003,138,004315,-24.7095,1.75,51
7102,139,004514,-5.25,-28.9825,21
7115,140,004528,-1.75,-29.6505,21
7141,141,004463,25.1307,-5.25,21
7170,142,004568,-37.5319,1.75,51
7213,143,004443,5.25,21.6372,21
7295,144,004504,29.5915,-1.75,21
7316,145,004642,29.3747,-1.75,21
7319,146,004590,-25.6087,1.75,51
7328,147,004594,-40.6501,1.75,51
7359,148,004624,5.25,23.2505,21
7368,149,004549,-1.75,-25.9775,21
7375,150,004557,-1.75,-27.3209,21
7377,151,004600,-1.75,-27.0126,21
7428,152,004659,24.8995,-5.25,21
7521,153,004765,-1.75,-29.9449,21
7588,154,004820,-38.9929,1.75,51
7663,155,004863,-1.75,-28.1878,21
7684,156,004884,-1.75,-31.8327,21
7725,157,004918,50.8745,-1.75,21
7771,158,004797,5.25,18.8413,21
7786,159,004903,-1.75,-27.435,21
7910,160,004984,-1.75,-26.5888,21
7917,161,004985,-1.75,-28.0547,21
7941,162,005036,-1.75,-29.1257,21
7981,163,004944,18.841,-1.75,21
8006,164,005078,-32.9413,1.75,51
8008,165,005082,-32.9875,1.75,51
8033,166,005091,25.95,-5.25,21
8063,167,005067,-1.75,-27.8596,21
8149,168,005170,-29.422,5.25,51
8151,169,005109,29.9851,-5.25,21
8157,170,005178,-38.165,1.75,51
8264,171,005193,-28.3325,1.75,51
8290,172,005252,-60.4011,1.75,51
8343,173,005209,-5.25,-26.0197,21
8542,174,005354,32.3837,-1.75,21
8568,175,005360,18.8324,-1.75,21
8769,176,005483,1.75,28.8047,21
8831,177,005500,27.3941,-1.75,21
8853,178,005589,28.8625,-1.75,21
8864,179,005598,29.402,-1.75,21
8893,180,005570,1.75,21.637,21
8905,181,005544,-5.25,-28.991,21
8924,182,005576,5.25,20.1959,21
9000,183,005684,-39.2113,1.75,51
9047,184,005663,-5.25,-29.7506,21
9115,185,005703,-29.7423,5.25,51
9334,186,005889,1.75,29.949,21
9339,187,005895,5.25,28.5316,21
9383,188,005875,21.6372,-1.75,21
9451,189,005913,5.25,20.75,21
9525,190,005849,-27.7474,1.75,51
9528,191,005927,-38.1008,1.75,51
9593,192,005819,-5.25,-26.2048,21
9638,193,006077,1.75,29.0356,21
9851,194,006211,-36.8822,1.75,51
9876,195,005997,-5.25,-23.0228,21
9883,196,006173,1.75,25.7126,21
9898,197,006079,-1.75,-23.8191,21
9960,198,006189,28.0678,-1.75,21
9981,199,006268,-29.2457,5.25,51
10236,200,006358,29.1067,-1.75,21
10242,201,006375,29.5457,-5.25,21
10322,202,006485,-1.75,-31.5124,21
10328,203,006490,-1.75,-30.65,21
10363,204,006462,21.6373,-5.25,21
10366,205,006464,23.6431,-5.25,21
10391,206,006540,-36.3777,1.75,51
10451,207,006517,-5.25,-20.2966,21
10462,208,006583,1.75,29.9118,21
10471,209,006592,1.75,29.8396,21
10614,210,006685,-5.25,-29.8209,21
10737,211,006612,5.25,19.3952,21
10797,212,006658,19.3952,-5.25,21
10801,213,006793,-49.5415,1.75,51
10929,214,006820,-29.1183,5.25,22
10943,215,006877,-27.7291,1.75,51
10960,216,006884,-28.8362,1.75,51
11000,217,006789,-1.75,-26.0007,21
11034,218,006937,-1.75,-27.9351,21
11063,219,006898,25.6204,-5.25,21
11139,220,006935,5.25,24.1499,21
11175,221,006957,-1.75,-17.9262,21
11206,222,006906,23.0062,-1.75,21
11242,223,007064,28.7551,-5.25,21
11345,224,007066,-32.8178,1.75,51
11436,225,007179,1.75,31.2889,21
11492,226,007097,28.9384,-5.25,21
11507,227,007226,-36.2815,1.75,51
11559,228,007130,-5.25,-27.4048,21
11630,229,007254,-29.7024,1.75,51
11641,230,007231,25.3957,-1.75,21
11658,231,007322,29.75,-5.25,21
11709,232,007299,-1.75,-30.2262,21
11796,233,007402,-56.1755,1.75,51
11868,234,007440,-1.75,-29.2512,21
12002,235,007524,1.75,28.2407,21
12042,236,007499,19.5949,-5.25,21
12064,237,007420,-26.8895,5.25,51
12064,238,007515,28.9135,-1.75,21
12077,239,007574,47.3292,-1.75,21
12127,240,007556,1.75,26.464,21
12258,241,007557,-5.25,-24.8987,21
12261,242,007638,1.75,26.7288,21
12271,243,007644,1.75,30.0272,21
12273,244,007647,1.75,29.1442,21
12361,245,007652,15.9404,-1.75,21
12411,246,007723,1.75,29.831,21
12421,247,007623,-1.75,-22.4484,21
12423,248,007785,5.25,22.5448,21
12428,249,007685,-1.75,-26.6025,21
12559,250,007877,-1.75,-28.6261,21
12630,251,007838,27.9209,-1.75,21
12787,252,008017,28.8109,-5.25,21
12810,253,007984,1.75,14.9718,21
12815,254,007986,1.75,27.6425,21
13000,255,008148,-1.75,-31.993,21
13003,256,008064,1.75,24.8579,21
13021,257,008103,18.8412,-1.75,21
13024,258,007953,-28.3328,1.75,51
13112,259,008218,1.75,72.0825,21
13168,260,008123,22.8949,-5.25,21
13235,261,008167,-5.25,-28.106,21
13302,262,008287,-21.9134,5.25,22
13320,263,008122,18.3924,-1.75,21
13340,264,008352,-38.1367,1.75,51
13343,265,008355,-35.6681,1.75,51
13380,266,008324,1.75,35.4733,21
13537,267,008483,1.75,28.9185,21
13586,268,008467,23.4296,-5.25,21
13693,269,008587,1.75,23.9008,21
13764,270,008630,29.3165,-5.25,21
13931,271,008485,-1.75,-20.7491,21
13933,272,008681,1.75,22.258,21
13944,273,008688,1.75,21.9822,21
13945,274,008569,-5.25,-22.8963,21
13948,275,008691,1.75,28.387,21
13967,276,008758,-5.25,-27.9295,21
14003,277,008652,21.6365,-5.25,21
14018,278,008793,-33.6982,1.75,51
14096,279,008789,-1.75,-21.2545,21
14099,280,008791,-1.75,-28.1799,21
14104,281,008844,-1.75,-25.3652,21
14112,282,008845,1.75,27.2988,21
14211,283,008867,5.25,20.7311,21
14280,284,008800,16.6247,-5.25,21
14299,285,008903,25.2127,-5.25,21
14505,286,009042,1.75,28.7332,21
14535,287,009134,1.75,29.3912,21
14589,288,009174,-29.2585,1.75,51
14605,289,009194,-59.4444,1.75,51
14649,290,009155,1.75,33.8891,21
14703,291,009200,-24.7096,5.25,51
14729,292,009252,29.2552,-1.75,21
14921,293,009319,1.75,21.707,21
14931,294,009122,-5.25,-18.8273,21
14956,295,009391,-5.25,-28.1918,21
14995,296,009367,22.7798,-5.25,21
15012,297,009432,-43.9274,1.75,51
15071,298,009388,1.75,23.5481,21
15231,299,009565,1.75,28.5392,21
15304,300,009610,-56.4636,1.75,51
15355,301,009632,-5.25,-29.8822,21
15373,302,009653,-1.75,-29.7831,21
15431,303,009691,29.082,-1.75,21
15442,304,009700,29.4931,-5.25,21
15576,305,009779,29.7805,-1.75,21
15637,306,009812,-1.75,-31.5385,21
15686,307,009799,23.6427,-1.75,21
15688,308,009801,24.8802,-1.75,21
15705,309,009857,29.6523,-5.25,21
15900,310,009942,1.75,26.0004,21
15944,311,010017,1.75,51.1091,21
15964,312,009978,-26.3005,5.25,22
15980,313,009894,18.7105,-1.75,21
16035,314,009906,-1.75,-31.1219,21
16074,315,010081,-1.75,-38.0444,21
16102,316,009902,19.5957,-5.25,21
16195,317,010158,-1.75,-29.7849,21
16221,318,010181,-1.75,-32.8802,21
16261,319,010155,28.3556,-1.75,21
16263,320,010111,-29.8543,1.75,22
16393,321,010207,19.3951,-5.25,21
16481,322,010343,-1.75,-47.1442,21
16494,323,010351,-1.75,-29.4671,21
16590,324,010364,-1.75,-20.7914,21
16665,325,010289,22.4701,-5.25,21
16800,326,010492,-20.4324,5.25,51
16836,327,010552,28.6438,-1.75,21
16838,328,010554,28.575,-1.75,21
16873,329,010283,1.75,21.6372,21
16879,330,010526,-5.25,-14.6058,21
16948,331,010574,24.8992,-5.25,21
16950,332,010576,25.6604,-5.25,21
16991,333,010578,29.94,-5.25,21
17013,334,010618,-1.75,-25.6206,21
17107,335,010724,-59.0536,1.75,51
17130,336,010738,-36.3083,1.75,51
17223,337,010581,22.5808,-5.25,21
17229,338,010750,-29.5186,1.75,51
17272,339,010583,23.1081,-5.25,21
17331,340,010861,1.75,30.5967,21
17366,341,010838,-28.9293,1.75,51
17375,342,010886,-46.6319,1.75,51
17404,343,010907,-36.8504,1.75,51
17468,344,010936,1.75,29.0895,21
17599,345,010964,1.75,29.9156,21
17614,346,011029,5.25,28.6584,21
17641,347,011007,18.8413,-1.75,21
17643,348,011008,23.175,-5.25,21
17669,349,011022,28.0991,-1.75,21
17713,350,011050,5.25,21.6367,21
17858,351,011139,-1.75,-25.1604,21
17866,352,011148,-1.75,-26.6705,21
17993,353,011223,-1.75,-21.6371,21
18006,354,011230,-5.25,-25.1371,21
18017,355,011282,-5.25,-27.7921,21
18031,356,011295,-1.75,-24.0521,21
18082,357,011277,-31.0278,1.75,51
18088,358,011191,18.1475,-1.75,21
18141,359,011204,5.25,29.4844,21
18232,360,011411,29.1835,-5.25,21
18232,361,011410,29.2774,-1.75,21
18272,362,011283,1.75,19.5951,21
18276,363,011390,-5.25,-23.7229,21
18411,364,011395,-1.75,-20.7496,21
18449,365,011562,-1.75,-51.5425,21
18459,366,011568,-5.25,-28.2053,21
18562,367,011551,5.25,26.1163,21
18656,368,011688,-37.7308,1.75,51
18707,369,011584,-5.25,-23.4707,21
18738,370,011733,-5.25,-28.9937,21
18740,371,011665,1.75,20.5024,21
18761,372,011537,20.7504,-1.75,21
18777,373,011709,-29.2493,1.75,51
18791,374,011631,22.9168,-5.25,21
18794,375,011604,11.5557,-1.75,21
18867,376,011817,1.75,29.9735,21
18878,377,011826,5.25,29.1801,21
18983,378,011749,-1.75,-28.2706,21
19041,379,011773,18.8414,-1.75,21
19083,380,011948,29.5291,-5.25,21
19113,381,011894,5.25,21.6365,21
19143,382,011933,-1.75,-19.1177,21
19153,383,011984,-5.25,-28.5167,21
19191,384,011966,27.085,-1.75,21
19198,385,011971,26.5828,-5.25,21
19211,386,012029,28.4355,-1.75,21
19292,387,011997,-1.75,-23.7113,21
19429,388,012171,5.25,27.8346,21
19461,389,012106,-26.7376,5.25,51
19469,390,012147,28.8715,-5.25,21
19533,391,012089,-5.25,-21.6372,21
19610,392,012156,22.862,-1.75,21
19650,393,012300,30.3871,-1.75,21
19673,394,012270,-5.25,-21.6366,21
19695,395,012320,-1.75,-39.5939,21
19700,396,012323,-5.25,-29.2792,21
19706,397,012330,-5.25,-29.2928,21
19785,398,012383,71.3913,-1.75,21
19902,399,012457,-37.6056,1.75,51
19907,400,012460,-26.7674,1.75,51
19987,401,012502,5.25,28.3985,21
20024,402,012482,-34.2828,1.75,51
20096,403,012417,-5.25,-23.7366,21
20195,404,012637,48.1582,-1.75,21
20232,405,012608,-1.75,-19.5951,21
20322,406,012722,-35.2566,1.75,51
20395,407,012763,5.25,29.2715,21
20483,408,012827,-36.537,1.75,51
20562,409,012884,-1.75,-94.1833,21
20595,410,012808,25.5129,-5.25,21
20680,411,012947,-1.75,-29.7482,21
20694,412,012963,-1.75,-32.1038,21
20721,413,012840,-24.2978,5.25,51
20745,414,012942,26.7274,-5.25,21
20761,415,013007,29.412,-5.25,21
20809,416,013043,-1.75,-78.8076,21
20817,417,013045,-5.25,-28.3362,21
20982,418,013160,1.75,52.7159,21
21073,419,013080,-5.25,-21.6372,21
21215,420,013255,1.75,19.8592,21
21246,421,013322,1.75,28.9806,21
21297,422,013306,27.1047,-5.25,21
21501,423,013346,1.75,24.8138,21
21511,424,013398,5.25,29.2338,21
21580,425,013475,53.7456,-1.75,21
21584,426,013474,29.1442,-5.25,21
21711,427,013559,27.2805,-5.25,21
21746,428,013629,28.3537,-1.75,21
22060,429,013795,5.25,25.0116,21
22079,430,013852,1.75,29.5691,21
22080,431,013854,5.25,28.8386,21
22285,432,013995,-40.2604,1.75,51
22381,433,013973,5.25,20.626,21
22513,434,014125,1.75,50.6007,21
22624,435,014139,1.75,23.7849,21
22642,436,014121,-5.25,-27.2362,21
22722,437,014246,28.8316,-1.75,21
22771,438,014202,1.75,27.5969,21
22773,439,014209,1.75,27.2159,21
22963,440,014263,21.7598,-5.25,21
23032,441,014379,-5.25,-18.702,21
23035,442,014309,5.25,20.9407,21
23070,443,014464,1.75,27.6326,21
23079,444,014476,5.25,29.6694,21
23185,445,014474,-5.25,-28.1366,21
23252,446,014540,-24.399,1.75,51
23423,447,014696,-29.9654,1.75,51
23637,448,014839,-1.75,-29.5671,21
23745,449,014765,1.75,19.0328,21
23769,450,014914,1.75,27.7556,21
23771,451,014917,1.75,27.4211,21
23782,452,014859,-5.25,-22.7996,21
23835,453,014960,29.2147,-1.75,21
23878,454,014934,1.75,28.844,21
23886,455,014943,1.75,26.0315,21
23941,456,014977,18.7101,-5.25,21
24018,457,014935,-5.25,-24.8985,21
24033,458,014945,-1.75,-20.4417,21
24129,459,014993,22.9306,-1.75,21
24327,460,015274,5.25,29.0535,21
24374,461,015249,24.7458,-5.25,21
24465,462,015298,5.25,26.5893,21
24504,463,015334,-28.5428,5.25,51
24680,464,015500,-15.067,1.75,51
24783,465,015516,-24.7098,1.75,51
24790,466,015518,-24.5151,1.75,51
24796,467,015523,-29.7247,5.25,51
24824,468,015597,29.0193,-5.25,21
24879,469,015575,-1.75,-28.1993,21
24935,470,015530,-25.4946,5.25,51
24952,471,015669,29.4342,-5.25,21
24956,472,015671,31.4625,-1.75,21
25017,473,015707,5.25,28.4261,21
25064,474,015583,-25.437,5.25,51
25095,475,015770,63.1854,-1.75,21
25181,476,015820,1.75,34.7274,21
25286,477,015829,1.75,18.4766,21
25315,478,015890,5.25,28.3623,21
25387,479,015934,29.0919,-5.25,21
25411,480,015899,1.75,18.8416,21
25434,481,015902,5.25,23.2061,21
25501,482,016012,-29.5994,5.25,51
25503,483,015962,29.4046,-5.25,21
25514,484,016023,-29.6216,1.75,51
25580,485,016067,1.75,68.5149,21
25695,486,015980,-1.75,-18.8987,21
25697,487,015984,-1.75,-21.672,21
25741,488,016174,1.75,27.2411,21
25807,489,016218,30.089,-1.75,21
26005,490,016342,1.75,28.7445,21
26041,491,016320,-26.7371,5.25,51
26219,492,016463,29.8381,-5.25,21
26232,493,016474,29.7995,-1.75,21
26265,494,016436,-1.75,-28.3814,21
26289,495,016509,-1.75,-31.9657,21
26420,496,016580,1.75,29.5488,21
26424,497,016585,1.75,28.336,21
26443,498,016602,5.25,22.7313,21
26511,499,016646,-39.1482,1.75,51
26540,500,016611,1.75,26.6207,21
26547,501,016581,-5.25,-15.6759,21
26604,502,016653,-28.5447,5.25,51
26671,503,016690,-5.25,-18.7105,21
26685,504,016624,5.25,25.8103,21
26685,505,016701,-1.75,-36.4777,21
26696,506,016668,5.25,20.5118,21
26777,507,016820,-38.8725,1.75,51
26852,508,016855,1.75,31.5178,21
26854,509,016857,1.75,30.7127,21
26856,510,016858,5.25,27.4225,21
26981,511,016933,-1.75,-29.5292,21
27003,512,016949,-1.75,-33.6913,21
27040,513,016913,15.8133,-1.75,21
27047,514,016917,24.4634,-1.75,21
27058,515,016922,20.5646,-1.75,21
27068,516,016970,26.9938,-5.25,21
27098,517,016878,5.25,24.6449,21
27135,518,017041,1.75,51.0003,21
27176,519,017011,27.8153,-5.25,21
27522,520,017192,-1.75,-28.0903,21
27544,521,017278,5.25,29.7917,21
27585,522,017018,22.2205,-5.25,21
27619,523,017335,29.3864,-5.25,21
27623,524,017338,29.4307,-1.75,21
27624,525,017340,29.6822,-1.75,21
27666,526,017286,5.25,19.3826,21
27670,527,017371,-1.75,-94.1833,21
27690,528,017384,-1.75,-29.2995,21
27739,529,017362,19.262,-1.75,21
27795,530,017408,-1.75,-31.0398,21
27800,531,017409,-5.25,-25.964,21
27800,532,017410,-1.75,-23.1137,21
27887,533,017523,28.9876,-1.75,21
27942,534,017509,-1.75,-24.4275,21
28007,535,017549,26.4056,-1.75,21
28010,536,017551,26.1737,-1.75,21
28012,537,017553,26.6838,-1.75,21
28029,538,017613,28.3176,-1.75,21
28071,539,017592,-1.75,-14.623,21
28080,540,017598,-5.25,-24.4136,21
28152,541,017642,27.2493,-1.75,21
28384,542,017834,-5.25,-29.8183,21
28398,543,017846,-1.75,-25.2107,21
28429,544,017817,-29.4999,5.25,51
28430,545,017711,16.732,-5.25,21
28439,546,017773,19.4696,-5.25,21
28498,547,017686,1.75,25.7531,21
28502,548,017855,-1.75,-27.2963,21
28516,549,017859,1.75,25.2861,21
28563,550,017794,21.6369,-1.75,21
28583,551,017908,-34.1351,1.75,51
28597,552,017970,22.2358,-1.75,21
28611,553,017983,21.9312,-1.75,21
28615,554,017988,24.6438,-1.75,21
28642,555,017943,5.25,20.7,21
28642,556,017946,-1.75,-26.6458,21
28664,557,018023,-1.75,-29.6567,21
28777,558,017959,5.25,24.634,21
28874,559,018144,29.2295,-1.75,21
28948,560,018199,1.75,28.6489,21
28961,561,018213,1.75,52.3221,21
28986,562,018156,23.736,-5.25,21
28996,563,018181,-34.4905,1.75,51
29070,564,018270,1.75,74.2245,21
29087,565,018278,5.25,29.9038,21
29191,566,018298,1.75,18.8414,21
29225,567,018367,-1.75,-26.6241,21
29285,568,018411,-37.1147,1.75,51
29335,569,018388,-1.75,-24.3934,21
29341,570,018390,-1.75,-19.6313,21
29351,571,018401,-5.25,-27.1183,21
29365,572,018458,-5.25,-27.7319,21
29367,573,018460,-5.25,-27.2956,21
29382,574,018476,-5.25,-29.2694,21
29491,575,018492,-1.75,-29.6245,21
29545,576,018533,-27.3116,1.75,51
29649,577,018633,-1.75,-30.1194,21
29683,578,018350,21.6368,-1.75,21
29693,579,018615,-47.0727,1.75,51
29728,580,018678,26.7027,-1.75,21
29891,581,018722,5.25,17.8631,21
29963,582,018689,21.76,-5.25,21
29985,583,018824,29.1032,-1.75,21
30064,584,018877,5.25,29.402,21
30117,585,018861,-36.1021,1.75,51
30183,586,018903,5.25,27.9173,21
30207,587,018974,-1.75,-41.8901,21
30211,588,018976,-1.75,-28.563,21
30222,589,018984,-5.25,-29.6047,21
30384,590,018938,-26.3004,5.25,22
30397,591,019044,28.922,-1.75,21
30401,592,019047,29.2028,-1.75,21
30405,593,019024,-23.3576,5.25,51
30596,594,019176,5.25,23.7933,21
30604,595,019182,1.75,26.8803,21
30610,596,019188,1.75,27.4891,21
30625,597,019237,1.75,28.9783,21
30665,598,019124,-27.2242,1.75,51
30707,599,019294,27.2011,-1.75,21
30898,600,019421,-1.75,-30.2074,21
30916,601,019436,-1.75,-53.7637,21
30953,602,019407,27.1653,-5.25,21
31028,603,019453,-1.75,-26.2913,21
31104,604,019556,-34.3953,1.75,51
31168,605,019536,1.75,26.4086,21
31198,606,019621,1.75,28.8855,21
31205,607,019626,1.75,29.2757,21
31230,608,019497,25.7622,-1.75,21
31274,609,019675,28.9429,-5.25,21
31392,610,019752,-36.3825,1.75,51
31455,611,019787,1.75,30.4706,21
31508,612,019772,24.7551,-5.25,21
31522,613,019833,-35.4146,1.75,51
31760,614,020005,-1.75,-28.7432,21
31856,615,019926,1.75,23.7366,21
31863,616,020017,-5.25,-29.9063,21
31941,617,020061,29.7707,-1.75,21
31944,618,020115,-12.8123,1.75,51
32032,619,020183,-5.25,-27.9133,21
32037,620,020188,-1.75,-30.1133,21
32140,621,020204,-1.75,-45.2966,21
32149,622,020207,-5.25,-26.1431,21
32183,623,020288,-1.75,-28.6366,21
32249,624,020322,30.7314,-1.75,21
32365,625,020394,29.5687,-1.75,21
32419,626,020299,-1.75,-25.6807,21
32553,627,020469,-5.25,-21.6374,21
32571,628,020446,5.25,29.7212,21
32697,629,020567,5.25,24.891,21
32719,630,020635,1.75,28.8487,21
32724,631,020642,1.75,29.2537,21
32733,632,020652,1.75,29.4054,21
32735,633,020476,-1.75,-18.3022,21
32781,634,020622,24.0937,-5.25,21
32782,635,020625,23.5693,-1.75,21
32794,636,020693,27.314,-5.25,21
32901,637,020715,20.6409,-1.75,21
32905,638,020718,29.9726,-1.75,21
32980,639,020669,1.75,25.4977,21
33046,640,020795,23.7235,-5.25,21
33147,641,020919,5.25,28.7515,21
33150,642,020923,1.75,29.2254,21
33258,643,020943,5.25,24.8992,21
33333,644,020992,-34.5287,1.75,51
33396,645,021021,-5.25,-23.6431,21
33406,646,021028,-1.75,-29.1334,21
33543,647,021106,-1.75,-28.4793,21
33549,648,021111,-5.25,-29.4092,21
33572,649,021184,-1.75,-53.4451,21
33608,650,021157,20.9717,-1.75,21
33680,651,021196,-5.25,-26.6453,21
33929,652,021413,35.5826,-1.75,21
34000,653,021459,1.75,29.8574,21
34020,654,021343,-17.0266,1.75,51
34029,655,021386,-23.6225,1.75,51
34039,656,021401,-30.3016,1.75,51
34060,657,021498,-39.5585,1.75,51
34103,658,021291,-1.75,-19.7215,21
34110,659,021477,5.25,29.815,21
34161,660,021429,18.8413,-5.25,21
34161,661,021430,14.6227,-1.75,21
34166,662,021512,-37.5375,1.75,51
34247,663,021555,-1.75,-27.9981,21
34305,664,021574,22.4527,-1.75,21
34415,665,021701,5.25,29.5175,21
34470,666,021662,17.0055,-1.75,21
34513,667,021714,5.25,21.693,21
34656,668,021719,5.25,23.7367,21
34668,669,021806,-1.75,-42.7061,21
34672,670,021808,-1.75,-27.7191,21
34721,671,021841,18.7099,-5.25,21
34760,672,021913,29.0952,-1.75,21
35104,673,022119,1.75,29.2609,21
35107,674,022122,1.75,29.1572,21
35117,675,022128,5.25,29.705,21
35221,676,022058,-5.25,-27.9731,21
35260,677,022216,-1.75,-31.4487,21
35262,678,022218,-1.75,-30.707,21
35314,679,022249,29.731,-1.75,21
35351,680,022223,-1.75,-18.8412,21
35353,681,022140,5.25,25.6599,21
35355,682,022224,-1.75,-20.4734,21
35400,683,022301,1.75,30.9214,21
35500,684,022311,1.75,24.8706,21
35595,685,022406,26.4511,-1.75,21
35659,686,022451,5.25,28.0222,21
35665,687,022238,-1.75,-17.9437,21
35674,688,022284,-5.25,-25.6304,21
35677,689,022467,1.75,18.1054,21
35701,690,022425,18.8409,-5.25,21
35872,691,022594,51.3207,-1.75,21
35883,692,022600,32.9018,-1.75,21
35887,693,022604,32.7746,-1.75,21
35931,694,022575,-1.75,-26.7565,21
35950,695,022533,5.25,19.4223,21
36053,696,022653,-1.75,-21.6368,21
36098,697,022747,5.25,28.1682,21
36196,698,022756,5.25,23.6431,21
36416,699,022886,-34.9647,1.75,51
36473,700,022806,-5.25,-21.6372,21
36493,701,022945,1.75,29.9503,21
36513,702,023005,5.25,29.3344,21
36541,703,022880,14.4357,-1.75,21
36569,704,022983,-29.5852,1.75,51
36693,705,023042,29.3723,-1.75,21
36710,706,023134,29.3184,-1.75,21
36711,707,023067,-21.929,1.75,51
36826,708,023144,23.7234,-5.25,21
36840,709,023157,25.7376,-5.25,21
36892,710,023194,1.75,19.5952,21
36916,711,023255,5.25,29.2859,21
36992,712,023306,28.3875,-1.75,21
36995,713,023310,26.6198,-1.75,21
37179,714,023116,-5.25,-25.4116,21
37293,715,023333,18.3118,-1.75,21
37344,716,023514,1.75,29.5096,21
37354,717,023526,1.75,78.9227,21
37478,718,023595,-1.75,-94.1833,21
37486,719,023596,-5.25,-28.9682,21
37492,720,023605,-5.25,-27.1189,21
37561,721,023648,-29.3953,1.75,51
37731,722,023614,-1.75,-18.8405,21
37776,723,023756,-1.75,-25.1441,21
37817,724,023749,-29.8454,5.25,51
37838,725,023664,18.4957,-1.75,21
37888,726,023779,1.75,28.4434,21
38058,727,023958,-1.75,-29.2896,21
38123,728,023885,18.1301,-1.75,21
38315,729,024131,-1.75,-28.4452,21
38365,730,024030,22.4527,-1.75,21
38403,731,024185,-39.6597,1.75,51
38410,732,024191,-31.8802,1.75,51
38466,733,024227,1.75,28.9245,21
38512,734,024170,24.4515,-5.25,21
38539,735,024280,29.5462,-5.25,21
38598,736,024318,-1.75,-46.6078,21
38618,737,024251,5.25,29.9517,21
38735,738,024406,5.25,29.9013,21
38781,739,024382,-24.2979,1.75,51
38797,740,024389,10.1639,-1.75,21
38804,741,024393,-29.024,1.75,51
38900,742,024533,-1.75,-51.0352,21
38904,743,024534,-5.25,-28.9649,21
38938,744,024497,42.8826,-1.75,21
38963,745,024568,31.9612,-1.75,21
38965,746,024570,29.0085,-1.75,21
38999,747,024452,1.75,25.9919,21
39000,748,024451,5.25,29.0237,21
39003,749,024544,-5.25,-28.3302,21
39025,750,024611,-1.75,-50.778,21
39025,751,024609,-5.25,-27.2739,21
39029,752,024614,-5.25,-28.9765,21
39080,753,024553,-27.0412,5.25,51
39086,754,024554,-29.8924,1.75,51
39228,755,024737,27.5022,-1.75,21
39248,756,024755,28.1904,-5.25,21
39345,757,024764,24.5956,-1.75,21
39351,758,024688,-33.2333,1.75,51
39351,759,024686,-29.5549,5.25,51
39393,760,024845,28.9214,-5.25,21
39490,761,024851,26.6458,-1.75,21
39552,762,024896,-5.25,-26.413,21
39567,763,024904,-1.75,-29.931,21
39621,764,024838,-24.2984,1.75,51
39700,765,024862,5.25,25.9438,21
39802,766,025087,26.3659,-5.25,21
39837,767,025063,-1.75,-22.12,21
40082,768,025280,-36.065,1.75,51
40200,769,025212,25.1914,-5.25,21
40208,770,025355,-38.7382,1.75,51
40251,771,025327,5.25,18.7099,21
40253,772,025254,-5.25,-21.6374,21
40422,773,025408,-5.25,-19.4215,21
40427,774,025413,-5.25,-21.0846,21
40432,775,025476,-1.75,-24.8341,21
40432,776,025486,5.25,21.2784,21
40508,777,025464,23.5922,-5.25,21
40555,778,025495,5.25,19.3905,21
40555,779,025570,-1.75,-28.4939,21
40568,780,025505,1.75,34.8898,21
40572,781,025516,5.25,29.7281,21
40608,782,025478,24.8993,-1.75,21
40653,783,025642,13.9373,-1.75,21
40683,784,025586,-1.75,-26.5907,21
40691,785,025596,-1.75,-27.3024,21
40698,786,025666,-5.25,-28.7673,21
40905,787,025731,19.3944,-5.25,21
40919,788,025800,-34.0568,1.75,51
40951,789,025768,5.25,18.4885,21
41021,790,025813,-20.8738,1.75,51
41023,791,025733,21.6369,-5.25,21
41031,792,025817,-27.0346,5.25,22
41060,793,025887,27.6748,-5.25,21
41064,794,025893,27.1785,-1.75,21
41066,795,025896,27.2757,-1.75,21
41098,796,025779,1.75,24.8987,21
41146,797,025947,1.75,27.6379,21
41213,798,025990,-29.1579,5.25,51
41242,799,025954,5.25,27.2776,21
41372,800,025867,-5.25,-19.5951,21
41387,801,025936,-5.25,-25.5093,21
41405,802,026099,-1.75,-27.0575,21
41443,803,026079,21.8966,-5.25,21
41446,804,026081,23.1806,-5.25,21
41455,805,026083,18.851,-1.75,21
41484,806,026153,28.5955,-5.25,21
41593,807,026169,29.1369,-1.75,21
41653,808,026206,5.25,21.6367,21
41670,809,026219,-1.75,-46.2141,21
41676,810,026215,5.25,28.9387,21
41697,811,026296,-1.75,-26.7784,21
41772,812,026346,-40.6387,1.75,51
41798,813,026305,-5.25,-24.8983,21
41872,814,026276,27.35,-5.25,21
41874,815,026324,28.6447,-5.25,21
41934,816,026406,5.25,21.0373,21
41963,817,026468,-1.75,-28.98,21
42006,818,026359,-28.8105,1.75,51
42073,819,026409,1.75,21.6365,21
42110,820,026563,1.75,55.1285,21
42231,821,026595,5.25,28.9065,21
42281,822,026632,18.8407,-5.25,21
42319,823,026713,29.4981,-5.25,21
42578,824,026795,29.0425,-5.25,21
42608,825,026887,29.0287,-5.25,21
42649,826,026826,-1.75,-29.7223,21
42705,827,026897,24.5669,-1.75,21
42843,828,026909,21.6366,-1.75,21
42856,829,026984,-29.3167,5.25,51
42911,830,027013,1.75,20.7483,21
42924,831,027020,1.75,27.2488,21
42954,832,027096,1.75,31.9773,21
42986,833,027045,-27.4007,1.75,51
43144,834,027161,29.5051,-5.25,21
43169,835,027221,29.243,-5.25,21
43173,836,027155,-19.6096,1.75,51
43195,837,027186,1.75,31.0331,21
43203,838,027191,1.75,26.4025,21
43368,839,027337,-1.75,-29.5695,21
43521,840,027446,1.75,29.6304,21
43565,841,027476,-37.6756,1.75,51
43582,842,027487,-38.6224,1.75,51
43619,843,027456,1.75,20.8076,21
43621,844,027457,5.25,24.0123,21
43698,845,027506,-34.1583,1.75,51
43725,846,027417,22.4405,-5.25,21
43762,847,027471,-1.75,-40.0912,21
43783,848,027600,-5.25,-28.9327,21
43784,849,027603,-5.25,-29.4516,21
43787,850,027604,-1.75,-28.108,21
43791,851,027611,-1.75,-45.6225,21
43798,852,027617,-1.75,-28.9304,21
43855,853,027651,29.9848,-1.75,21
43922,854,027695,-1.75,-23.2701,21
43972,855,027677,19.3646,-1.75,21
43993,856,027653,-26.7375,1.75,51
44139,857,027840,28.0411,-5.25,21
44276,858,027921,29.3878,-1.75,21
44313,859,027892,5.25,21.6372,21
44315,860,027893,1.75,27.4989,21
44329,861,027902,5.25,29.2928,21
44338,862,027961,1.75,68.1913,21
44430,863,028026,-38.3965,1.75,51
44468,864,027903,-1.75,-27.6167,21
44482,865,028051,-1.75,-29.4626,21
44521,866,027948,14.4354,-1.75,21
44540,867,028007,27.6299,-1.75,21
44572,868,028106,25.4134,-1.75,21
44668,869,028118,24.7509,-5.25,21
44731,870,028161,5.25,18.9668,21
44770,871,028232,-1.75,-24.4709,21
44777,872,028173,1.75,22.9738,21
44806,873,028208,27.0611,-5.25,21
44812,874,028179,-31.6109,1.75,51
44823,875,028211,25.7353,-1.75,21
44909,876,028327,-5.25,-29.5426,21
44941,877,028286,-24.2978,1.75,51
44978,878,028365,25.0174,-5.25,21
45036,879,028404,-1.75,-30.045,21
45107,880,028395,28.7154,-5.25,21
45151,881,028254,1.75,14.6711,21
45184,882,028483,-1.75,-30.4325,21
45204,883,028511,-1.75,-27.9393,21
45260,884,028468,18.7098,-1.75,21
45291,885,028513,-1.75,-18.8409,21
45342,886,028607,5.25,28.731,21
45361,887,028538,26.5857,-1.75,21
45376,888,028545,14.8169,-1.75,21
45378,889,028564,18.9759,-1.75,21
45412,890,028639,27.391,-5.25,21
45593,891,028705,5.25,27.7164,21
45641,892,028733,-24.2982,5.25,51
45646,893,028657,24.8754,-5.25,21
45664,894,028793,-35.4825,1.75,51
45821,895,028888,-36.7624,1.75,51
45923,896,028664,22.5815,-5.25,21
45924,897,028902,-34.282,1.75,51
46220,898,029075,-26.9381,1.75,51
46271,899,029112,5.25,18.8409,21
46276,900,029015,-5.25,-23.7366,21
46298,901,029184,-5.25,-29.305,21
46394,902,029257,-38.6163,1.75,51
46562,903,029221,-1.75,-36.802,21
46582,904,029353,-1.75,-29.8562,21
46591,905,029362,-1.75,-31.0363,21
46592,906,029361,-5.25,-29.6207,21
46712,907,029386,-1.75,-30.6942,21
46792,908,029498,53.3016,-1.75,21
46807,909,029510,53.8293,-1.75,21
46854,910,029483,-1.75,-29.2798,21
46996,911,029625,-1.75,-29.1121,21
47002,912,029630,-1.75,-28.8307,21
47004,913,029633,-1.75,-46.9167,21
47113,914,029650,-1.75,-21.6372,21
47439,915,029921,-1.75,-30.3111,21
47440,916,029925,-1.75,-75.1362,21
47616,917,029990,27.8512,-5.25,21
47621,918,029996,29.9385,-1.75,21
47741,919,030079,18.8414,-5.25,21
47751,920,030085,25.6733,-5.25,21
48026,921,030158,23.6427,-5.25,21
48028,922,030159,19.2971,-1.75,21
48098,923,030293,-1.75,-19.9046,21
48106,924,030299,-1.75,-25.7088,21
48125,925,030351,-1.75,-28.9578,21
48168,926,030168,24.8888,-1.75,21
48381,927,030463,-1.75,-25.2488,21
48442,928,030409,26.4129,-5.25,21
48446,929,030408,23.7366,-1.75,21
48530,930,030547,-5.25,-27.134,21
48540,931,030602,-5.25,-28.6684,21
48541,932,030605,-5.25,-28.4121,21
48563,933,030624,-5.25,-29.9398,21
48581,934,030585,-26.7378,5.25,51
48659,935,030511,5.25,25.2316,21
48664,936,030636,-5.25,-27.9022,21
48795,937,030725,-5.25,-22.2201,21
48865,938,030738,22.3168,-5.25,21
48935,939,030729,-1.75,-20.1148,21
48935,940,030820,1.75,20.1147,21
48944,941,030824,5.25,25.7852,21
49004,942,030864,-25.6558,5.25,22
49052,943,030949,-59.0035,1.75,51
49102,944,030908,-5.25,-25.191,21
49104,945,030976,1.75,28.4547,21
49141,946,030790,18.8412,-1.75,21
49145,947,030844,23.7057,-1.75,21
49226,948,030921,-1.75,-28.7101,21
49300,949,031045,30.3247,-1.75,21
49351,950,031066,-5.25,-18.8409,21
49367,951,031088,-1.75,-28.7533,21
49638,952,031259,-5.25,-25.2185,21
49639,953,031098,5.25,25.098,21
49718,954,031309,27.8766,-5.25,21
49844,955,031273,-28.3329,5.25,51
50235,956,031671,-1.75,-30.7423,21
50239,957,031675,-1.75,-29.6346,21
50287,958,031703,29.3075,-5.25,21
50303,959,031716,26.011,-5.25,21
50339,960,031580,5.25,27.4051,21
50383,961,031774,-1.75,-30.7833,21
50403,962,031732,24.7109,-5.25,21
50471,963,031663,1.75,14.623,21
50475,964,031778,-1.75,-12.3557,21
50621,965,031756,1.75,22.3279,21
50658,966,031935,1.75,31.4433,21
50681,967,031897,14.435,-1.75,21
50688,968,031872,-29.3637,1.75,51
50712,969,031969,-36.338,1.75,51
50832,970,031913,23.7919,-1.75,21
50849,971,032058,28.3713,-1.75,21
50861,972,032069,41.1881,-1.75,21
50915,973,032034,5.25,19.3944,21
51031,974,032035,5.25,18.8404,21
51043,975,032044,1.75,31.5428,21
51101,976,032173,18.8413,-1.75,21
51129,977,032188,29.6926,-1.75,21
51149,978,032257,29.3993,-5.25,21
51171,979,032102,5.25,18.8417,21
51215,980,032294,5.25,29.3997,21
51281,981,032342,29.1981,-1.75,21
51315,982,032308,1.75,30.0319,21
51475,983,032460,5.25,29.459,21
51534,984,032450,27.1028,-1.75,21
51552,985,032514,29.5599,-1.75,21
51559,986,032521,33.0429,-1.75,21
51591,987,032491,1.75,18.841,21
51605,988,032473,-1.75,-24.1127,21
51607,989,032475,-1.75,-25.2444,21
51673,990,032544,26.5034,-5.25,21
51819,991,032649,46.7097,-1.75,21
51844,992,032706,28.654,-1.75,21
52163,993,032858,-5.25,-27.1511,21
52181,994,032830,5.25,19.3941,21
52195,995,032936,-1.75,-29.4526,21
52384,996,032992,20.7171,-1.75,21
52404,997,033071,-31.3547,1.75,51
52405,998,033000,18.7329,-1.75,21
52436,999,033036,1.75,23.736,21
52599,1000,033201,-5.25,-29.5938,21
52715,1001,033225,-1.75,-22.2196,21
52724,1002,033227,-1.75,-18.628,21
52727,1003,033149,1.75,20.8735,21
52756,1004,033295,1.75,29.4134,21
52763,1005,033308,1.75,50.6787,21
52788,1006,033170,24.8889,-1.75,21
52860,1007,033316,5.25,25.6606,21
53005,1008,033329,-5.25,-29.2187,21
53016,1009,033457,-1.75,-29.5387,21
53041,1010,033482,-1.75,-31.6666,21
53043,1011,033483,-1.75,-47.4254,21
53064,1012,033441,-28.5427,5.25,51
53207,1013,033529,-28.2878,1.75,51
53324,1014,033646,1.75,33.6267,21
53572,1015,033750,-1.75,-48.0543,21
53589,1016,033809,-5.25,-29.7757,21
53621,1017,033787,18.7097,-5.25,21
53674,1018,033867,30.9414,-1.75,21
53691,1019,033824,-5.25,-28.2051,21
53761,1020,033868,18.8409,-5.25,21
53843,1021,033832,-1.75,-23.7709,21
53852,1022,033892,-5.25,-29.5475,21
53869,1023,033991,-5.25,-27.6379,21
53934,1024,034033,29.8725,-5.25,21
54004,1025,034078,-5.25,-29.2595,21
54051,1026,034020,-29.7734,1.75,51
54052,1027,034023,-29.8908,5.25,51
54053,1028,034055,19.51,-5.25,21
54251,1029,034105,-1.75,-18.8415,21
54304,1030,034265,1.75,30.2483,21
54327,1031,034125,-28.3852,5.25,22
54353,1032,034294,29.6389,-5.25,21
54439,1033,034363,1.75,31.4097,21
54535,1034,034280,-5.25,-19.732,21
54540,1035,034377,1.75,25.9747,21
54552,1036,034388,5.25,29.3861,21
54676,1037,034338,-1.75,-23.723,21
54702,1038,034534,-1.75,-50.8931,21
54770,1039,034568,31.6779,-1.75,21
54783,1040,034491,-29.4957,5.25,51
54837,1041,034613,-1.75,-31.0463,21
54853,1042,034468,1.75,24.8997,21
54864,1043,034632,-1.75,-28.7296,21
54951,1044,034638,-1.75,-20.7489,21
54989,1045,034705,-5.25,-29.0277,21
55023,1046,034596,21.6374,-5.25,21
55033,1047,034604,34.3832,-1.75,21
55091,1048,034723,-1.75,-26.5894,21
55093,1049,034628,1.75,21.6366,21
55095,1050,034640,5.25,22.5418,21
55099,1051,034637,1.75,19.3212,21
55101,1052,034643,1.75,21.9125,21
55164,1053,034775,-29.7002,5.25,51
55196,1054,034834,28.3448,-1.75,21
55198,1055,034837,28.2218,-1.75,21
55199,1056,034838,26.3732,-5.25,21
55248,1057,034801,1.75,27.5396,21
55250,1058,034805,1.75,27.496,21
55267,1059,034881,5.25,29.3901,21
55274,1060,034886,1.75,29.685,21
55304,1061,034780,-28.3332,1.75,51
55423,1062,034975,1.75,53.3003,21
55469,1063,035002,-34.86,1.75,51
55479,1064,034923,22.4949,-1.75,21
55549,1065,035046,-1.75,-28.7853,21
55553,1066,035051,-5.25,-29.606,21
55676,1067,035121,-1.75,-44.0121,21
55729,1068,035030,-31.7624,1.75,51
55821,1069,035217,-5.25,-28.2549,21
55938,1070,035230,-1.75,-24.8986,21
56047,1071,035369,-37.1758,1.75,51
56097,1072,035387,1.75,28.8929,21
56182,1073,035441,29.9591,-1.75,21
56239,1074,035475,-5.25,-28.2482,21
56353,1075,035418,5.25,21.6367,21
56379,1076,035567,1.75,26.5276,21
56439,1077,035534,28.5445,-1.75,21
56576,1078,035646,28.1964,-5.25,21
56636,1079,035513,-5.25,-24.8432,21
56642,1080,035512,-1.75,-18.7098,21
56867,1081,035890,28.5209,-1.75,21
56921,1082,035873,-1.75,-22.1964,21
56957,1083,035780,1.75,18.634,21
56960,1084,035782,1.75,20.5033,21
56992,1085,035918,27.278,-5.25,21
57001,1086,035973,44.6187,-1.75,21
57063,1087,035961,-5.25,-27.9492,21
57077,1088,036025,-5.25,-29.9234,21
57200,1089,036055,-1.75,-34.8648,21
57209,1090,035966,5.25,27.6452,21
57292,1091,036170,49.8786,-1.75,21
57313,1092,036185,29.0564,-1.75,21
57357,1093,036212,-1.75,-29.2764,21
57368,1094,036222,-5.25,-29.3538,21
57374,1095,036226,-1.75,-29.4616,21
57416,1096,036198,28.1223,-5.25,21
57437,1097,036262,50.2202,-1.75,21
57573,1098,036340,29.2079,-1.75,21
57723,1099,036435,29.1901,-5.25,21
57761,1100,036411,1.75,26.5515,21
57779,1101,036473,-5.25,-28.5186,21
57844,1102,036465,29.821,-1.75,21
57858,1103,036526,48.5513,-1.75,21
57864,1104,036530,28.5251,-1.75,21
57891,1105,036417,1.75,20.7499,21
58042,1106,036589,-5.25,-19.4298,21
58065,1107,036655,5.25,28.2087,21
58173,1108,036661,1.75,21.6374,21
58217,1109,036741,-1.75,-29.2024,21
58290,1110,036724,25.2515,-1.75,21
58342,1111,036828,-5.25,-28.0996,21
58364,1112,036851,-1.75,-31.1443,21
58381,1113,036778,18.8413,-1.75,21
58616,1114,037002,-5.25,-29.0214,21
58630,1115,037021,-1.75,-30.6957,21
58763,1116,037099,-1.75,-41.2162,21
58766,1117,037022,5.25,25.1914,21
58886,1118,037132,1.75,63.1907,21
58952,1119,037085,29.6508,-1.75,21
59013,1120,037126,-1.75,-21.6368,21
59051,1121,037273,1.75,28.2583,21
59081,1122,037163,-26.7381,1.75,51
59087,1123,037247,19.8104,-5.25,21
59177,1124,037345,-5.25,-29.26,21
59204,1125,037367,-5.25,-29.7388,21
59247,1126,037258,29.6289,-5.25,21
59272,1127,037414,-30.4589,1.75,51
59401,1128,037393,23.182,-5.25,21
59444,1129,037462,5.25,26.851,21
59464,1130,037524,1.75,28.7863,21
59468,1131,037526,5.25,29.1488,21
59576,1132,037383,-5.25,-23.7367,21
59694,1133,037665,-37.949,1.75,51
59795,1134,037599,27.7233,-5.25,21
59831,1135,037756,29.9365,-5.25,21
59865,1136,037639,1.75,27.5054,21
59895,1137,037805,1.75,29.9497,21
59923,1138,037764,21.6374,-5.25,21
60023,1139,037881,-5.25,-28.0349,21
60102,1140,037942,-40.3288,1.75,51
60139,1141,037894,-5.25,-27.6508,21
60180,1142,037982,-1.75,-48.8994,21
60232,1143,038013,-36.006,1.75,51
60457,1144,038154,-1.75,-33.4923,21
60497,1145,038128,-33.4101,1.75,51
60551,1146,038163,-5.25,-18.7101,21
60564,1147,038133,1.75,38.5278,21
60597,1148,038244,1.75,29.0057,21
60658,1149,038202,20.7583,-5.25,21
60658,1150,038284,-34.0847,1.75,51
60710,1151,038229,-1.75,-27.8112,21
60730,1152,038338,-1.75,-26.8249,21
60773,1153,038312,-34.0602,1.75,51
60851,1154,038353,-5.25,-20.8605,21
60875,1155,038436,1.75,28.4893,21
60877,1156,038438,1.75,28.7524,21
60881,1157,038442,1.75,28.0481,21
60908,1158,038410,-25.9709,5.25,51
60921,1159,038403,29.9094,-1.75,21
60921,1160,038401,29.6778,-5.25,21
61328,1161,038662,-27.2363,5.25,51
61328,1162,038582,41.4298,-1.75,21
61336,1163,038584,27.4377,-5.25,21
61564,1164,038842,1.75,29.0911,21
61573,1165,038850,5.25,28.5442,21
61573,1166,038853,1.75,66.6345,21
61606,1167,038826,-29.8998,1.75,51
61627,1168,038887,-35.0183,1.75,51
61649,1169,038917,-52.8138,1.75,51
61680,1170,038862,5.25,25.9308,21
61699,1171,038941,1.75,28.8475,21
61781,1172,039008,-37.3963,1.75,51
61850,1173,039045,1.75,25.2121,21
61894,1174,038925,27.4814,-1.75,21
61901,1175,038996,29.8591,-1.75,21
62052,1176,039176,30.4637,-1.75,21
62112,1177,039138,1.75,28.2049,21
62115,1178,039210,5.25,29.839,21
62233,1179,039236,1.75,21.6375,21
62272,1180,039309,-5.25,-29.2504,21
62311,1181,039208,24.1034,-1.75,21
62316,1182,039288,27.4425,-1.75,21
62346,1183,039356,29.8022,-1.75,21
62400,1184,039389,5.25,29.9801,21
62419,1185,039408,1.75,55.5488,21
62465,1186,039336,-23.9508,1.75,51
62603,1187,039510,-56.6508,1.75,51
62611,1188,039516,-35.5287,1.75,51
62721,1189,039438,14.435,-1.75,21
62760,1190,039610,29.968,-1.75,21
62760,1191,039609,27.1778,-5.25,21
62771,1192,039619,29.6287,-5.25,21
62795,1193,039574,1.75,22.3703,21
62844,1194,039666,1.75,29.0146,21
62945,1195,039676,1.75,28.0726,21
62977,1196,039746,1.75,58.3617,21
63009,1197,039717,-29.6376,5.25,51
63043,1198,039787,29.7841,-1.75,21
63111,1199,039827,-5.25,-28.7198,21
63113,1200,039829,-5.25,-27.5732,21
63218,1201,039763,5.25,24.879,21
63324,1202,039966,-37.4566,1.75,51
63350,1203,039926,1.75,20.7917,21
63357,1204,039851,-5.25,-23.757,21
63467,1205,040047,28.2595,-1.75,21
63505,1206,039993,5.25,28.5672,21
63633,1207,040103,5.25,21.706,21
63635,1208,040027,-1.75,-24.595,21
63644,1209,040071,-5.25,-28.5231,21
63644,1210,040105,1.75,18.7528,21
63646,1211,040107,1.75,21.1994,21
63681,1212,040191,-5.25,-28.3787,21
63724,1213,040135,23.9114,-1.75,21
63751,1214,040240,28.7823,-5.25,21
63782,1215,040197,-5.25,-19.4298,21
63850,1216,040250,25.4659,-5.25,21
63876,1217,040310,26.9182,-1.75,21
64092,1218,040452,5.25,29.6904,21
64193,1219,040468,5.25,25.7812,21
64200,1220,040383,-1.75,-34.4979,21
64217,1221,040526,-1.75,-67.6189,21
64292,1222,040575,29.9185,-1.75,21
64347,1223,040476,5.25,27.0416,21
64354,1224,040565,5.25,28.7151,21
64413,1225,040573,-31.2535,1.75,51
64421,1226,040605,40.481,-1.75,21
64445,1227,040684,-35.7615,1.75,51
64483,1228,040624,-1.75,-26.9289,21
64622,1229,040742,5.25,26.6232,21
64626,1230,040747,1.75,40.0875,21
64652,1231,040814,5.25,27.8025,21
64661,1232,040821,5.25,29.4231,21
64712,1233,040853,29.1615,-1.75,21
64778,1234,040888,-1.75,-30.9686,21
64863,1235,040945,-29.8796,1.75,51
64931,1236,040991,1.75,29.1531,21
64936,1237,040997,1.75,55.986,21
64961,1238,040958,-24.2974,5.25,51
65223,1239,041179,-1.75,-31.8828,21
65337,1240,041241,-1.75,-37.9346,21
65361,1241,041262,-1.75,-30.4499,21
65525,1242,041303,24.5952,-1.75,21
65539,1243,041364,-29.6174,5.25,51
65662,1244,041315,19.5943,-1.75,21
65679,1245,041382,29.6263,-5.25,21
65811,1246,041462,26.8501,-5.25,21
65876,1247,041523,-5.25,-23.7233,21
65877,1248,041438,5.25,20.1132,21
65906,1249,041593,-1.75,-29.5132,21
65953,1250,041564,-29.8054,5.25,51
65976,1251,041641,-37.5236,1.75,51
65993,1252,041655,-29.7989,5.25,51
66011,1253,041611,-5.25,-18.8417,21
66015,1254,041613,-1.75,-24.5957,21
66023,1255,041616,-1.75,-20.8358,21
66029,1256,041619,-5.25,-28.6699,21
66086,1257,041660,-29.9002,1.75,51
66088,1258,041580,25.4906,-5.25,21
66092,1259,041582,26.346,-1.75,21
66117,1260,041713,-24.3385,1.75,51
66234,1261,041756,27.226,-1.75,21
66302,1262,041686,-1.75,-20.4887,21
66302,1263,041800,5.25,25.8846,21
66343,1264,041861,-5.25,-28.373,21
66384,1265,041895,-37.6353,1.75,51
66448,1266,041879,-5.25,-26.8012,21
66526,1267,041980,28.9421,-5.25,21
66528,1268,041986,27.7327,-1.75,21
66539,1269,041928,-29.1719,1.75,51
66575,1270,041877,1.75,29.7918,21
66618,1271,042038,1.75,25.9926,21
66650,1272,042015,-33.7049,1.75,51
66664,1273,042072,-29.9471,1.75,51
66721,1274,042046,-5.25,-26.8217,21
66823,1275,042175,31.4683,-1.75,21
66824,1276,042093,-23.5771,1.75,51
66885,1277,042066,5.25,25.1924,21
66887,1278,042218,-1.75,-29.5773,21
66896,1279,042227,-1.75,-33.3134,21
66898,1280,042228,-5.25,-29.8431,21
66902,1281,042232,-1.75,-28.2248,21
66934,1282,042199,27.0541,-5.25,21
66954,1283,042272,-36.7915,1.75,51
66961,1284,042279,-35.7101,1.75,51
66963,1285,042265,29.1664,-5.25,21
67002,1286,042242,-5.25,-26.8301,21
67131,1287,042119,1.75,26.5889,21
67147,1288,042349,-1.75,-28.7868,21
67150,1289,042121,1.75,18.3765,21
67183,1290,042424,-1.75,-28.111,21
67233,1291,042460,-27.3232,5.25,51
67314,1292,042511,-1.75,-29.9085,21
67361,1293,042494,29.4127,-5.25,21
67520,1294,042643,72.1226,-1.75,21
67534,1295,042652,31.1442,-1.75,21
67559,1296,042529,-1.75,-25.366,21
67569,1297,042534,-5.25,-20.9331,21
67570,1298,042617,5.25,23.8602,21
67634,1299,042664,27.673,-1.75,21
67655,1300,042726,28.567,-1.75,21
67691,1301,042536,-5.25,-18.8407,21
67714,1302,042762,-1.75,-29.2646,21
67833,1303,042793,-5.25,-21.1867,21
68054,1304,042978,-49.7844,1.75,51
68062,1305,042984,-36.7594,1.75,51
68152,1306,042764,1.75,18.3867,21
68189,1307,043018,-28.404,5.25,51
68197,1308,042935,25.6484,-1.75,21
68211,1309,043075,29.9467,-5.25,21
68303,1310,043138,-1.75,-28.8498,21
68465,1311,043022,-26.5574,1.75,51
68531,1312,043148,-1.75,-20.7487,21
68536,1313,043149,-5.25,-23.7226,21
68565,1314,043305,1.75,29.8275,21
68682,1315,043208,-1.75,-19.3406,21
68835,1316,043470,1.75,44.7261,21
68912,1317,043516,30.7369,-1.75,21
68966,1318,043502,1.75,36.3954,21
69002,1319,043579,5.25,29.9014,21
69026,1320,043539,22.6162,-5.25,21
69179,1321,043632,41.4953,-1.75,21
69406,1322,043825,-1.75,-29.6208,21
69411,1323,043836,-1.75,-50.3702,21
69473,1324,043878,-55.9951,1.75,51
69631,1325,043961,-57.7437,1.75,51
69651,1326,043850,-1.75,-18.8409,21
69651,1327,043926,5.25,18.8414,21
69809,1328,044011,-1.75,-42.3124,21
69902,1329,044136,-58.3647,1.75,51
70034,1330,044149,-23.8217,1.75,51
70041,1331,044210,17.3762,-1.75,21
70146,1332,044226,29.5452,-5.25,21
70293,1333,044331,-35.0826,1.75,51
70331,1334,044379,29.7152,-1.75,21
70332,1335,044383,29.7904,-5.25,21
70647,1336,044531,-5.25,-25.0944,21
70649,1337,044540,-5.25,-25.5481,21
70788,1338,044620,1.75,27.9075,21
70803,1339,044716,5.25,28.3533,21
70886,1340,044771,29.0427,-1.75,21
70911,1341,044724,1.75,18.8414,21
71020,1342,044861,-28.9924,5.25,51
71077,1343,044845,1.75,50.4963,21
71134,1344,044882,27.1016,-5.25,21
71172,1345,044964,33.5966,-1.75,21
71331,1346,045008,1.75,18.8413,21
71372,1347,045090,-1.75,-28.3326,21
71408,1348,045057,23.2666,-5.25,21
71436,1349,045134,29.0544,-1.75,21
71517,1350,045185,-1.75,-31.8557,21
71685,1351,045239,-26.3511,5.25,22
71790,1352,045349,5.25,29.6206,21
71792,1353,045351,5.25,29.1828,21
71863,1354,045335,-25.2917,5.25,51
71891,1355,045292,-1.75,-18.8407,21
71990,1356,045414,21.5815,-5.25,21
72003,1357,045420,21.829,-1.75,21
72011,1358,045429,26.5628,-5.25,21
72252,1359,045594,-33.6723,1.75,51
72356,1360,045699,-1.75,-29.9637,21
72358,1361,045700,-1.75,-30.8175,21
72456,1362,045709,-5.25,-23.7365,21
72457,1363,045710,-1.75,-23.6593,21
72521,1364,045597,18.8415,-5.25,21
72619,1365,045860,-5.25,-29.1475,21
72661,1366,045842,-24.2978,5.25,51
72710,1367,045927,-29.9323,5.25,51
72733,1368,045886,-1.75,-22.2589,21
72776,1369,045967,-5.25,-29.0219,21
72842,1370,045901,17.3035,-1.75,21
72871,1371,045800,1.75,14.6227,21
72881,1372,045974,-5.25,-22.7357,21
72891,1373,045983,-5.25,-26.609,21
72985,1374,046094,26.2187,-5.25,21
73088,1375,046110,24.8991,-5.25,21
73091,1376,046077,-24.3134,1.75,51
73165,1377,046160,-5.25,-29.1963,21
73231,1378,046195,-34.1839,1.75,51
73247,1379,046120,21.3669,-5.25,21
73442,1380,046318,-5.25,-25.8659,21
73641,1381,046249,-24.2978,5.25,51
73652,1382,046451,28.311,-5.25,21
73669,1383,046512,-36.0976,1.75,51
73716,1384,046415,5.25,23.7926,21
73834,1385,046456,21.2156,-1.75,21
73858,1386,046572,-1.75,-29.9101,21
73889,1387,046640,5.25,27.7151,21
73929,1388,046518,29.1824,-5.25,21
73993,1389,046638,-1.75,-18.029,21
74033,1390,046690,5.25,27.0751,21
74035,1391,046737,5.25,27.6592,21
74147,1392,046753,-5.25,-28.2087,21
74271,1393,046828,-1.75,-18.8415,21
74420,1394,046930,5.25,25.3924,21
74505,1395,047036,64.7733,-1.75,21
74560,1396,047000,1.75,45.5798,21
74620,1397,047062,20.7922,-1.75,21
74785,1398,047206,30.2729,-1.75,21
74809,1399,047225,36.0628,-1.75,21
74914,1400,047241,27.5223,-5.25,21
74924,1401,047249,26.5841,-1.75,21
74987,1402,047196,-1.75,-29.4827,21
75000,1403,047340,-1.75,-29.076,21
75142,1404,047419,1.75,28.8569,21
75181,1405,047323,18.8415,-1.75,21
75223,1406,047473,-37.9594,1.75,51
75396,1407,047521,-5.25,-23.7365,21
75398,1408,047524,-1.75,-32.1531,21
75404,1409,047527,-5.25,-27.1084,21
75424,1410,047589,-1.75,-30.4263,21
75546,1411,047579,1.75,28.4089,21
75569,1412,047672,1.75,28.6966,21
75652,1413,047728,29.123,-1.75,21
75706,1414,047768,-1.75,-28.0585,21
75743,1415,047706,-24.7098,1.75,51
75747,1416,047736,20.9311,-1.75,21
75784,1417,047818,27.791,-5.25,21
75785,1418,047750,-24.8279,5.25,22
75819,1419,047695,5.25,26.7868,21
75822,1420,047697,5.25,26.9699,21
75912,1421,047898,28.4083,-5.25,21
76001,1422,047951,-1.75,-31.2631,21
76037,1423,047923,23.3239,-5.25,21
76131,1424,048033,-1.75,-32.3104,21
76142,1425,048043,-1.75,-34.05,21
76175,1426,048008,24.2599,-1.75,21
76204,1427,048079,-35.5558,1.75,51
76231,1428,048048,-1.75,-20.7496,21
76268,1429,048123,1.75,74.3459,21
76303,1430,048017,21.6372,-5.25,21
76317,1431,048147,-35.8868,1.75,51
76406,1432,048205,-1.75,-28.3269,21
76464,1433,048161,29.4086,-1.75,21
76489,1434,048269,28.9628,-5.25,21
76538,1435,048296,-1.75,-28.6576,21
76540,1436,048212,1.75,15.8859,21
76546,1437,048303,-1.75,-23.9374,21
76655,1438,048316,1.75,24.5954,21
76754,1439,048437,29.1809,-1.75,21
76791,1440,048318,-1.75,-18.8414,21
76936,1441,048498,1.75,29.5447,21
77001,1442,048537,18.8417,-1.75,21
77076,1443,048586,5.25,23.761,21
77109,1444,048658,-5.25,-29.2353,21
77141,1445,048627,-24.2974,5.25,51
77180,1446,048704,-39.9282,1.75,51
77248,1447,048741,-1.75,-30.4655,21
77284,1448,048719,-28.5426,5.25,51
77292,1449,048601,28.0077,-1.75,21
77313,1450,048724,-26.8894,5.25,51
77355,1451,048649,5.25,28.7054,21
77432,1452,048805,29.9906,-5.25,21
77494,1453,048764,5.25,29.9278,21
77535,1454,048923,1.75,28.7607,21
77662,1455,049003,1.75,29.1607,21
77664,1456,049005,5.25,29.0715,21
77675,1457,048866,-5.25,-29.5449,21
77729,1458,049045,28.7474,-5.25,21
77806,1459,049092,1.75,30.5795,21
77878,1460,049139,32.2297,-1.75,21
77912,1461,049110,5.25,19.5957,21
77997,1462,049162,25.9731,-1.75,21
78003,1463,049170,25.9608,-5.25,21
78005,1464,049171,27.3985,-5.25,21
78093,1465,049290,-1.75,-33.6458,21
78095,1466,049215,5.25,25.1917,21
78150,1467,049326,-42.712,1.75,51
78193,1468,049302,-1.75,-24.3026,21
78331,1469,049377,-1.75,-14.6221,21
78424,1470,049436,29.1749,-1.75,21
78430,1471,049495,28.9289,-1.75,21
78512,1472,049544,-5.25,-29.9154,21
78514,1473,049547,-1.75,-28.9195,21
78516,1474,049478,1.75,17.6575,21
78594,1475,049600,-37.9577,1.75,51
78686,1476,049513,23.7368,-5.25,21
78798,1477,049715,-5.25,-29.5224,21
78824,1478,049685,-28.333,1.75,51
78827,1479,049686,-29.3412,5.25,22
78840,1480,049738,-33.1246,1.75,51
78862,1481,049589,14.8371,-1.75,21
78937,1482,049801,-1.75,-33.1127,21
79038,1483,049647,1.75,18.7285,21
79038,1484,049813,-5.25,-29.256,21
79134,1485,049917,49.5214,-1.75,21
79151,1486,049928,29.0325,-5.25,21
79355,1487,050049,-5.25,-29.3176,21
79418,1488,050093,-35.9663,1.75,51
79451,1489,050063,-1.75,-18.8408,21
79521,1490,050109,-24.2973,5.25,51
79544,1491,050121,29.8731,-1.75,21
79546,1492,050165,28.8444,-1.75,21
79666,1493,050196,23.7001,-5.25,21
79687,1494,050258,29.2559,-5.25,21
79778,1495,050318,1.75,68.8464,21
79851,1496,050370,29.1746,-5.25,21
79878,1497,050325,5.25,24.8988,21
79906,1498,050400,1.75,28.0539,21
79920,1499,050414,5.25,29.4814,21
79984,1500,050377,17.8442,-5.25,21
80011,1501,050421,5.25,18.8411,21
80037,1502,050478,-1.75,-29.8707,21
80050,1503,050491,-1.75,-31.3314,21
80063,1504,050504,-1.75,-49.4721,21
80224,1505,050555,-28.5431,5.25,51
80250,1506,050617,-36.0651,1.75,51
80277,1507,050640,-29.2276,1.75,51
80433,1508,050679,5.25,25.776,21
80439,1509,050680,1.75,22.2519,21
80445,1510,050685,1.75,23.6772,21
80463,1511,050736,-1.75,-28.7046,21
80521,1512,050650,27.347,-1.75,21
80571,1513,050746,5.25,18.8412,21
80655,1514,050813,27.9845,-5.25,21
80798,1515,050885,25.5488,-5.25,21
81076,1516,051082,28.8609,-1.75,21
81095,1517,051143,28.9406,-1.75,21
81096,1518,051146,29.3796,-5.25,21
81100,1519,051150,29.7194,-5.25,21
81183,1520,051196,-1.75,-29.1702,21
81213,1521,051165,22.3439,-1.75,21
81272,1522,051121,5.25,24.1211,21
81278,1523,051205,-1.75,-41.37,21
81341,1524,051242,18.7098,-5.25,21
81424,1525,051265,5.25,27.0142,21
81429,1526,051274,1.75,28.0244,21
81455,1527,051363,5.25,29.9196,21
81551,1528,051371,1.75,18.8414,21
81606,1529,051303,-1.75,-18.6808,21
81701,1530,051306,-1.75,-18.48,21
81763,1531,051313,21.6372,-1.75,21
81783,1532,051559,-34.6822,1.75,51
81785,1533,051562,-34.1808,1.75,51
81796,1534,051565,-26.3436,5.25,51
81863,1535,051613,-1.75,-27.5647,21
81867,1536,051620,-1.75,-40.9385,21
81915,1537,051592,21.4981,-1.75,21
81980,1538,051524,5.25,19.7629,21
82056,1539,051671,22.0201,-1.75,21
82058,1540,051677,37.5554,-1.75,21
82118,1541,051718,5.25,24.8785,21
82120,1542,051644,-1.75,-26.6066,21
82183,1543,051760,25.6201,-5.25,21
82187,1544,051730,-38.5953,1.75,51
82211,1545,051826,-36.7362,1.75,51
82251,1546,051798,-5.25,-18.2934,21
82290,1547,051873,-5.25,-29.0996,21
82407,1548,051904,-1.75,-28.5834,21
82446,1549,051861,1.75,16.2762,21
82514,1550,052028,-61.638,1.75,51
82544,1551,051989,-1.75,-21.9249,21
82606,1552,051944,23.7932,-1.75,21
82614,1553,051949,23.8164,-5.25,21
82643,1554,052097,29.0937,-5.25,21
82718,1555,052147,5.25,28.9914,21
82741,1556,052109,18.8415,-5.25,21
83101,1557,052325,-1.75,-25.6182,21
83186,1558,052427,-33.8777,1.75,51
83245,1559,052337,1.75,26.3197,21
83521,1560,052469,-1.75,-20.3786,21
83731,1561,052712,-34.8106,1.75,51
83745,1562,052771,-29.9641,5.25,22
83793,1563,052745,-5.25,-21.6365,21
83806,1564,052757,-5.25,-27.1323,21
83823,1565,052821,-5.25,-29.8714,21
83954,1566,052758,5.25,24.8288,21
84008,1567,052892,-29.3505,5.25,51
84015,1568,052859,29.3575,-1.75,21
84055,1569,052967,21.4246,-1.75,21
84078,1570,052931,1.75,24.7169,21
84087,1571,052937,1.75,27.2556,21
84093,1572,052989,1.75,39.3345,21
84153,1573,052976,-33.1159,1.75,51
84176,1574,053041,29.808,-5.25,21
84400,1575,053190,5.25,29.5243,21
84491,1576,052993,-5.25,-18.8408,21
84840,1577,053393,17.2386,-1.75,21
84868,1578,053461,-34.514,1.75,51
84896,1579,053462,20.9089,-1.75,21
85077,1580,053591,1.75,29.1606,21
85079,1581,053596,1.75,47.8445,21
85098,1582,053612,1.75,94.1833,21
85128,1583,053581,-27.9746,5.25,51
85146,1584,053572,27.3143,-1.75,21
85193,1585,053617,5.25,21.76,21
85229,1586,053680,-1.75,-28.0502,21
85246,1587,053625,1.75,17.6429,21
85331,1588,053696,-1.75,-18.7102,21
85334,1589,053698,-5.25,-29.9841,21
85369,1590,053762,5.25,28.8624,21
85371,1591,053765,5.25,29.3631,21
85372,1592,053766,1.75,28.5894,21
85485,1593,053786,1.75,29.4936,21
85517,1594,053852,5.25,29.967,21
85554,1595,053748,27.4732,-1.75,21
85566,1596,053882,29.0139,-5.25,21
85611,1597,053862,1.75,19.1997,21
85615,1598,053756,-5.25,-22.5421,21
85688,1599,053907,19.2971,-1.75,21
85730,1600,053979,33.1692,-1.75,21
85775,1601,054007,-1.75,-28.5677,21
85900,1602,053954,1.75,26.6455,21
85907,1603,054043,-5.25,-29.0289,21
85920,1604,054046,-1.75,-21.8129,21
85942,1605,054110,-1.75,-28.7913,21
86036,1606,054109,5.25,23.6431,21
86080,1607,054207,-1.75,-29.399,21
86136,1608,054244,24.7016,-5.25,21
86140,1609,054248,26.0843,-5.25,21
86185,1610,054222,-5.25,-28.2887,21
