0,100,44,13,0,
0,200,100,15,0,
0,300,154,17,0,
0,400,223,18,0,
0,500,281,20,0,
0,600,321,42,0,
0,700,369,54,0,
0,800,426,60,0,
0,900,463,86,0,
0,1000,524,89,0,
0,1100,591,90,0,
0,1200,626,123,0,
0,1300,687,127,0,
0,1400,750,129,0,
0,1500,782,161,0,
0,1600,816,191,0,
0,1700,873,196,0,
0,1800,937,198,0,
0,1900,994,202,0,
0,2000,1053,208,0,
0,2100,1112,209,0,
0,2200,1140,243,0,
0,2300,1196,245,0,
0,2400,1250,247,0,
0,2500,1322,248,0,
0,2600,1355,272,0,
0,2700,1409,275,0,
0,2800,1468,276,0,
0,2900,1502,305,0,
0,3000,1538,336,0,
0,3100,1603,342,0,
0,3200,1677,345,0,
0,3300,1696,377,0,
0,3400,1743,400,0,
0,3500,1792,409,0,
0,3600,1853,417,0,
0,3700,1888,445,0,
0,3800,1936,453,0,
0,3900,1983,478,0,
0,4000,2011,507,2,
0,4100,2051,530,2,
0,4200,2095,539,4,
0,4300,2161,543,4,
0,4400,2221,546,4,
0,4500,2268,555,6,
0,4600,2324,564,6,
0,4700,2348,592,8,
0,4800,2415,602,8,
0,4900,2473,603,8,
0,5000,2517,632,8,
0,5100,2553,663,8,
0,5200,2610,672,8,
0,5300,2649,693,8,
0,5400,2705,698,8,
0,5500,2783,702,8,
0,5600,2841,703,8,
0,5700,2874,732,8,
0,5800,2937,733,8,
0,5900,2983,746,8,
0,6000,3040,748,8,
0,6100,3072,782,10,
0,6200,3134,787,12,
0,6300,3194,788,12,
0,6400,3260,793,12,
0,6500,3286,827,12,
0,6600,3336,837,12,
0,6700,3392,845,12,
0,6800,3420,873,12,
0,6900,3477,896,12,
0,7000,3527,905,12,
0,7100,3561,940,14,
0,7200,3624,947,14,
0,7300,3679,948,14,
0,7400,3752,953,14,
0,7500,3773,983,14,
0,7600,3817,1004,14,
0,7700,3868,1017,16,
0,7800,3899,1053,16,
0,7900,3962,1059,16,
0,8000,4014,1063,16,
0,8100,4079,1064,16,
0,8200,4101,1093,18,
0,8300,4164,1094,18,
0,8400,4226,1095,18,
0,8500,4255,1127,18,
0,8600,4288,1159,18,
0,8700,4334,1168,18,
0,8800,4369,1194,18,
0,8900,4405,1225,18,
0,9000,4447,1248,18,
0,9100,4498,1257,20,
0,9200,4531,1284,20,
0,9300,4595,1286,20,
0,9400,4648,1292,22,
0,9500,4724,1293,22,
0,9600,4783,1297,22,
0,9700,4843,1300,22,
0,9800,4894,1301,22,
0,9900,4930,1333,22,
0,10000,4994,1339,22,
0,10100,5054,1340,22,
0,10200,5122,1341,22,
0,10300,5186,1345,22,
0,10400,5251,1348,22,
0,10500,5301,1349,22,
0,10600,5329,1386,22,
0,10700,5390,1394,22,
0,10800,5439,1401,22,
0,10900,5490,1420,22,
0,11000,5511,1455,22,
0,11100,5568,1457,22,
0,11200,5629,1458,22,
0,11300,5682,1468,24,
0,11400,5713,1505,24,
0,11500,5766,1513,24,
0,11600,5809,1535,24,
0,11700,5835,1563,24,
0,11800,5895,1568,24,
0,11900,5955,1569,24,
0,12000,6024,1571,24,
0,12100,6057,1605,24,
0,12200,6106,1612,24,
0,12300,6143,1636,24,
0,12400,6175,1669,24,
0,12500,6245,1672,24,
0,12600,6299,1673,24,
0,12700,6355,1690,24,
0,12800,6390,1720,24,
0,12900,6442,1727,24,
0,13000,6512,1729,24,
0,13100,6564,1732,24,
0,13200,6615,1747,24,
0,13300,6667,1759,24,
0,13400,6728,1765,24,
0,13500,6791,1770,24,
0,13600,6847,1778,24,
0,13700,6914,1779,24,
0,13800,6976,1787,24,
0,13900,7041,1788,24,
0,14000,7104,1789,24,
0,14100,7143,1818,24,
0,14200,7197,1822,24,
0,14300,7257,1827,24,
0,14400,7320,1831,24,
0,14500,7348,1862,24,
0,14600,7384,1887,24,
0,14700,7432,1898,24,
0,14800,7473,1919,24,
0,14900,7508,1956,26,
0,15000,7559,1964,26,
0,15100,7593,1985,26,
0,15200,7642,1988,26,
0,15300,7680,2009,28,
0,15400,7729,2019,30,
0,15500,7790,2023,30,
0,15600,7818,2053,30,
0,15700,7865,2064,30,
0,15800,7922,2074,30,
0,15900,7947,2101,30,
0,16000,8009,2106,30,
0,16100,8069,2107,30,
0,16200,8096,2133,30,
0,16300,8131,2170,30,
0,16400,8182,2175,30,
0,16500,8241,2177,30,
0,16600,8295,2179,30,
0,16700,8339,2202,30,
0,16800,8390,2213,30,
0,16900,8417,2245,30,
0,17000,8474,2251,30,
0,17100,8527,2253,30,
0,17200,8585,2254,30,
0,17300,8632,2260,30,
0,17400,8697,2266,30,
0,17500,8741,2278,30,
0,17600,8771,2308,30,
0,17700,8809,2334,30,
0,17800,8863,2338,30,
0,17900,8934,2344,30,
0,18000,8986,2347,32,
0,18100,9044,2354,32,
0,18200,9101,2355,32,
0,18300,9137,2387,32,
0,18400,9165,2418,34,
0,18500,9216,2422,34,
0,18600,9273,2423,34,
0,18700,9295,2453,34,
0,18800,9356,2464,34,
0,18900,9420,2465,34,
0,19000,9477,2478,34,
0,19100,9536,2483,34,
0,19200,9584,2493,34,
0,19300,9627,2514,34,
0,19400,9647,2546,36,
0,19500,9713,2557,36,
0,19600,9766,2558,36,
0,19700,9803,2590,36,
0,19800,9836,2623,38,
0,19900,9896,2626,38,
0,20000,9963,2627,38,
0,20100,9991,2659,38,
0,20200,10057,2663,38,
0,20300,10115,2664,38,
0,20400,10178,2671,38,
0,20500,10205,2707,38,
0,20600,10254,2717,38,
0,20700,10293,2740,38,
0,20800,10346,2746,38,
0,20900,10393,2763,38,
0,21000,10451,2768,38,
0,21100,10514,2770,38,
0,21200,10545,2801,38,
0,21300,10594,2813,38,
0,21400,10638,2835,38,
0,21500,10657,2864,38,
0,21600,10720,2871,38,
0,21700,10778,2877,38,
0,21800,10846,2879,38,
0,21900,10908,2890,38,
0,22000,10947,2901,38,
0,22100,10980,2920,38,
0,22200,11032,2925,38,
0,22300,11094,2944,38,
0,22400,11143,2955,38,
0,22500,11169,2986,38,
0,22600,11223,2991,38,
0,22700,11268,3001,38,
0,22800,11313,3026,38,
0,22900,11334,3061,40,
0,23000,11389,3075,40,
0,23100,11435,3080,40,
0,23200,11473,3115,40,
0,23300,11498,3146,42,
0,23400,11536,3157,42,
0,23500,11577,3178,42,
0,23600,11632,3182,42,
0,23700,11676,3197,42,
0,23800,11726,3204,44,
0,23900,11754,3237,44,
0,24000,11809,3242,44,
0,24100,11858,3251,44,
0,24200,11894,3275,44,
0,24300,11924,3304,44,
0,24400,11969,3324,44,
0,24500,12011,3332,44,
0,24600,12041,3360,44,
0,24700,12100,3363,44,
0,24800,12147,3374,44,
0,24900,12188,3394,44,
0,25000,12236,3404,44,
0,25100,12298,3405,44,
0,25200,12358,3406,44,
0,25300,12388,3438,44,
0,25400,12419,3468,48,
0,25500,12462,3480,48,
0,25600,12498,3504,48,
0,25700,12530,3534,48,
0,25800,12573,3553,48,
0,25900,12627,3562,50,
0,26000,12685,3567,50,
0,26100,12715,3599,50,
0,26200,12760,3609,52,
0,26300,12794,3629,52,
0,26400,12820,3658,52,
0,26500,12856,3681,52,
0,26600,12906,3692,52,
0,26700,12943,3723,52,
0,26800,12980,3752,52,
0,26900,13027,3763,52,
0,27000,13064,3783,52,
0,27100,13119,3790,52,
0,27200,13180,3794,52,
0,27300,13234,3795,52,
0,27400,13269,3825,54,
0,27500,13292,3857,54,
0,27600,13345,3858,54,
0,27700,13410,3859,54,
0,27800,13463,3861,54,
0,27900,13503,3880,54,
0,28000,13547,3890,54,
0,28100,13579,3924,54,
0,28200,13608,3953,54,
0,28300,13669,3954,54,
0,28400,13737,3955,54,
0,28500,13775,3971,54,
0,28600,13819,3994,54,
0,28700,13866,3997,56,
0,28800,13903,4028,56,
0,28900,13955,4037,56,
0,29000,14011,4041,58,
0,29100,14074,4042,58,
0,29200,14094,4074,58,
0,29300,14144,4099,60,
0,29400,14204,4100,60,
0,29500,14271,4103,60,
0,29600,14334,4110,60,
0,29700,14390,4114,60,
0,29800,14457,4115,60,
0,29900,14505,4122,60,
0,30000,14555,4141,60,
0,30100,14602,4150,60,
0,30200,14633,4175,60,
0,30300,14694,4184,60,
0,30400,14751,4192,60,
0,30500,14812,4199,60,
0,30600,14863,4203,60,
0,30700,14924,4205,60,
0,30800,14983,4206,60,
0,30900,15040,4215,60,
0,31000,15095,4230,60,
0,31100,15144,4240,60,
0,31200,15179,4262,60,
0,31300,15219,4283,62,
0,31400,15265,4306,62,
0,31500,15315,4317,62,
0,31600,15379,4328,62,
0,31700,15407,4361,62,
0,31800,15459,4366,62,
0,31900,15503,4383,62,
0,32000,15527,4420,64,
0,32100,15567,4444,64,
0,32200,15627,4447,64,
0,32300,15679,4452,64,
0,32400,15710,4486,64,
0,32500,15759,4495,64,
0,32600,15799,4515,64,
0,32700,15828,4549,64,
0,32800,15870,4570,64,
0,32900,15928,4574,64,
0,33000,15957,4609,64,
0,33100,15991,4635,64,
0,33200,16049,4640,64,
0,33300,16114,4641,64,
0,33400,16172,4643,64,
0,33500,16227,4662,64,
0,33600,16279,4673,64,
0,33700,16311,4702,64,
0,33800,16352,4734,64,
0,33900,16397,4745,64,
0,34000,16435,4763,64,
0,34100,16484,4768,64,
0,34200,16523,4787,64,
0,34300,16574,4798,66,
0,34400,16630,4806,66,
0,34500,16661,4835,68,
0,34600,16709,4846,68,
0,34700,16753,4870,68,
0,34800,16787,4899,68,
0,34900,16847,4902,68,
0,35000,16903,4903,68,
0,35100,16965,4908,68,
0,35200,16997,4932,70,
0,35300,17053,4937,70,
0,35400,17117,4938,70,
0,35500,17144,4963,70,
0,35600,17201,4968,70,
0,35700,17258,4970,70,
0,35800,17319,4972,70,
0,35900,17372,4981,72,
0,36000,17423,4989,74,
0,36100,17474,5002,74,
0,36200,17527,5014,78,
0,36300,17585,5018,78,
0,36400,17643,5020,80,
0,36500,17682,5050,80,
0,36600,17737,5053,80,
0,36700,17789,5061,80,
0,36800,17854,5078,80,
0,36900,17908,5080,82,
0,37000,17972,5081,82,
0,37100,18024,5082,82,
0,37200,18054,5113,82,
0,37300,18086,5149,84,
0,37400,18131,5160,84,
0,37500,18170,5186,86,
0,37600,18226,5188,86,
0,37700,18289,5195,86,
0,37800,18334,5203,86,
0,37900,18395,5206,86,
0,38000,18453,5208,88,
0,38100,18509,5217,88,
0,38200,18572,5229,88,
0,38300,18632,5233,88,
0,38400,18693,5238,88,
0,38500,18752,5242,90,
0,38600,18815,5253,90,
0,38700,18864,5266,90,
0,38800,18910,5277,90,
0,38900,18956,5300,90,
0,39000,19013,5304,90,
0,39100,19073,5307,90,
0,39200,19123,5308,90,
0,39300,19184,5315,90,
0,39400,19244,5318,92,
0,39500,19291,5332,92,
0,39600,19322,5355,94,
0,39700,19376,5365,94,
0,39800,19443,5365,94,
0,39900,19502,5366,94,
0,40000,19528,5398,94,
0,40100,19582,5413,94,
0,40200,19644,5418,94,
0,40300,19705,5423,94,
0,40400,19757,5431,94,
0,40500,19812,5441,94,
0,40600,19862,5442,94,
0,40700,19927,5445,94,
0,40800,19957,5478,94,
0,40900,20009,5488,94,
0,41000,20056,5509,94,
0,41100,20092,5532,94,
0,41200,20139,5554,94,
0,41300,20186,5565,94,
0,41400,20247,5567,94,
0,41500,20302,5580,94,
0,41600,20359,5584,96,
0,41700,20417,5585,96,
0,41800,20474,5594,96,
0,41900,20522,5613,96,
0,42000,20564,5626,96,
0,42100,20602,5656,96,
0,42200,20633,5686,96,
0,42300,20692,5694,96,
0,42400,20736,5714,96,
0,42500,20758,5741,98,
0,42600,20812,5746,98,
0,42700,20869,5748,98,
0,42800,20927,5752,98,
0,42900,20957,5779,98,
0,43000,21008,5785,98,
0,43100,21046,5802,100,
0,43200,21095,5809,100,
0,43300,21133,5829,102,
0,43400,21181,5838,102,
0,43500,21246,5841,102,
0,43600,21276,5875,102,
0,43700,21329,5886,102,
0,43800,21372,5909,102,
0,43900,21389,5940,104,
0,44000,21432,5957,104,
0,44100,21482,5967,104,
0,44200,21517,6001,104,
0,44300,21553,6033,104,
0,44400,21607,6040,104,
0,44500,21661,6042,104,
0,44600,21691,6072,104,
0,44700,21743,6098,104,
0,44800,21791,6104,104,
0,44900,21819,6135,104,
0,45000,21862,6153,104,
0,45100,21913,6165,104,
0,45200,21957,6184,104,
0,45300,22005,6186,104,
0,45400,22077,6189,104,
0,45500,22135,6190,104,
0,45600,22162,6218,104,
0,45700,22215,6224,104,
0,45800,22270,6225,104,
0,45900,22335,6226,104,
0,46000,22361,6258,104,
0,46100,22421,6260,104,
0,46200,22478,6261,104,
0,46300,22537,6271,104,
0,46400,22600,6274,104,
0,46500,22652,6282,104,
0,46600,22695,6303,104,
0,46700,22749,6316,106,
0,46800,22796,6337,106,
0,46900,22845,6348,106,
0,47000,22890,6368,106,
0,47100,22917,6400,106,
0,47200,22969,6408,106,
0,47300,23012,6430,106,
0,47400,23032,6460,106,
0,47500,23097,6469,106,
0,47600,23141,6477,106,
0,47700,23170,6510,106,
0,47800,23231,6515,106,
0,47900,23291,6521,106,
0,48000,23354,6523,106,
0,48100,23411,6525,106,
0,48200,23446,6546,108,
0,48300,23490,6555,108,
0,48400,23515,6590,110,
0,48500,23541,6624,110,
0,48600,23593,6630,110,
0,48700,23648,6631,110,
0,48800,23667,6666,112,
0,48900,23704,6687,112,
0,49000,23744,6698,114,
0,49100,23794,6716,114,
0,49200,23830,6751,114,
0,49300,23878,6758,114,
0,49400,23927,6771,116,
0,49500,23958,6797,116,
0,49600,24031,6802,116,
0,49700,24090,6804,116,
0,49800,24157,6810,116,
0,49900,24213,6816,116,
0,50000,24268,6823,116,
0,50100,24313,6843,116,
0,50200,24339,6875,116,
0,50300,24392,6894,116,
0,50400,24439,6904,118,
0,50500,24474,6932,118,
0,50600,24525,6940,120,
0,50700,24576,6945,120,
0,50800,24645,6946,120,
0,50900,24661,6979,122,
0,51000,24702,7000,122,
0,51100,24744,7012,124,
0,51200,24794,7026,124,
0,51300,24837,7056,124,
0,51400,24887,7064,124,
0,51500,24929,7086,124,
0,51600,24957,7119,124,
0,51700,24999,7140,124,
0,51800,25043,7149,124,
0,51900,25107,7154,124,
0,52000,25131,7185,124,
0,52100,25199,7193,124,
0,52200,25264,7194,124,
0,52300,25289,7224,124,
0,52400,25329,7245,124,
0,52500,25375,7257,124,
0,52600,25439,7258,124,
0,52700,25492,7265,126,
0,52800,25541,7273,126,
0,52900,25586,7293,126,
0,53000,25638,7298,126,
0,53100,25685,7311,128,
0,53200,25730,7326,128,
0,53300,25759,7360,128,
0,53400,25787,7387,128,
0,53500,25844,7393,128,
0,53600,25910,7397,128,
0,53700,25932,7431,128,
0,53800,25974,7452,128,
0,53900,26018,7462,128,
0,54000,26039,7492,128,
0,54100,26106,7497,128,
0,54200,26168,7507,128,
0,54300,26211,7525,128,
0,54400,26232,7566,128,
0,54500,26279,7585,128,
0,54600,26322,7594,128,
0,54700,26372,7616,128,
0,54800,26435,7620,128,
0,54900,26491,7623,128,
0,55000,26562,7624,128,
0,55100,26583,7655,128,
0,55200,26646,7658,128,
0,55300,26702,7662,130,
0,55400,26738,7694,130,
0,55500,26801,7698,130,
0,55600,26850,7709,130,
0,55700,26897,7729,130,
0,55800,26956,7735,130,
0,55900,27020,7740,130,
0,56000,27071,7742,130,
0,56100,27103,7770,130,
0,56200,27136,7802,130,
0,56300,27190,7806,130,
0,56400,27257,7807,130,
0,56500,27308,7817,130,
0,56600,27358,7839,132,
0,56700,27404,7850,132,
0,56800,27436,7882,132,
0,56900,27494,7891,132,
0,57000,27557,7896,132,
0,57100,27621,7897,132,
0,57200,27677,7902,132,
0,57300,27738,7903,132,
0,57400,27797,7904,132,
0,57500,27830,7938,132,
0,57600,27878,7958,132,
0,57700,27942,7961,132,
0,57800,28004,7963,132,
0,57900,28029,7992,132,
0,58000,28095,8000,132,
0,58100,28154,8002,132,
0,58200,28214,8015,132,
0,58300,28247,8044,132,
0,58400,28307,8048,132,
0,58500,28370,8049,132,
0,58600,28424,8064,132,
0,58700,28474,8087,132,
0,58800,28523,8090,132,
0,58900,28553,8120,134,
0,59000,28585,8155,134,
0,59100,28634,8166,134,
0,59200,28673,8186,134,
0,59300,28696,8218,134,
0,59400,28755,8221,134,
0,59500,28812,8222,134,
0,59600,28853,8249,134,
0,59700,28884,8279,134,
0,59800,28938,8285,134,
0,59900,29007,8286,134,
0,60000,29031,8317,134,
0,60100,29090,8319,134,
0,60200,29148,8320,134,
0,60300,29207,8327,134,
0,60400,29245,8351,134,
0,60500,29296,8358,134,
0,60600,29357,8360,134,
0,60700,29378,8391,134,
0,60800,29421,8412,134,
0,60900,29466,8422,134,
0,61000,29524,8435,134,
0,61100,29554,8466,136,
0,61200,29608,8476,136,
0,61300,29680,8481,136,
0,61400,29736,8486,136,
0,61500,29783,8506,136,
0,61600,29822,8514,136,
0,61700,29861,8549,136,
0,61800,29926,8563,136,
0,61900,29975,8572,136,
0,62000,30023,8590,136,
0,62100,30054,8620,136,
0,62200,30118,8624,136,
0,62300,30172,8625,138,
0,62400,30208,8645,138,
0,62500,30270,8649,138,
0,62600,30324,8651,138,
0,62700,30394,8652,138,
0,62800,30420,8685,138,
0,62900,30480,8694,138,
0,63000,30538,8695,138,
0,63100,30598,8697,138,
0,63200,30628,8729,138,
0,63300,30676,8741,140,
0,63400,30711,8764,142,
0,63500,30765,8770,142,
0,63600,30826,8774,142,
0,63700,30886,8775,144,
0,63800,30947,8783,144,
0,63900,30991,8801,144,
0,64000,31045,8803,144,
0,64100,31108,8804,144,
0,64200,31138,8833,146,
0,64300,31186,8854,146,
0,64400,31225,8864,148,
0,64500,31253,8896,148,
0,64600,31290,8921,148,
0,64700,31345,8930,148,
0,64800,31411,8932,148,
0,64900,31465,8940,148,
0,65000,31503,8961,148,
0,65100,31554,8973,148,
0,65200,31578,9013,148,
0,65300,31637,9017,148,
0,65400,31685,9028,148,
0,65500,31724,9050,148,
0,65600,31750,9083,148,
0,65700,31797,9103,148,
0,65800,31850,9113,148,
0,65900,31885,9142,148,
0,66000,31921,9168,148,
0,66100,31973,9171,148,
0,66200,32034,9172,148,
0,66300,32084,9176,148,
0,66400,32132,9190,148,
0,66500,32181,9200,148,
0,66600,32246,9206,148,
0,66700,32307,9216,148,
0,66800,32362,9219,148,
0,66900,32432,9220,148,
0,67000,32470,9237,148,
0,67100,32533,9238,148,
0,67200,32588,9239,148,
0,67300,32619,9270,148,
0,67400,32645,9306,148,
0,67500,32706,9310,148,
0,67600,32768,9311,148,
0,67700,32787,9346,148,
0,67800,32845,9350,148,
0,67900,32893,9351,148,
0,68000,32927,9373,148,
0,68100,32957,9403,148,
0,68200,33015,9412,148,
0,68300,33072,9428,148,
0,68400,33123,9439,148,
0,68500,33167,9462,150,
0,68600,33212,9474,150,
0,68700,33278,9482,150,
0,68800,33337,9485,150,
0,68900,33386,9495,152,
0,69000,33428,9515,152,
0,69100,33459,9551,152,
0,69200,33504,9573,152,
0,69300,33549,9583,154,
0,69400,33575,9611,154,
0,69500,33641,9615,154,
0,69600,33691,9625,154,
0,69700,33748,9636,154,
0,69800,33801,9642,156,
0,69900,33846,9666,156,
0,70000,33903,9671,156,
0,70100,33932,9703,156,
0,70200,33969,9730,156,
0,70300,34009,9740,156,
0,70400,34048,9761,156,
0,70500,34071,9788,156,
0,70600,34122,9812,156,
0,70700,34181,9822,156,
0,70800,34241,9830,156,
0,70900,34300,9841,156,
0,71000,34355,9852,156,
0,71100,34397,9871,156,
0,71200,34419,9897,156,
0,71300,34461,9922,158,
0,71400,34511,9932,158,
0,71500,34565,9942,158,
0,71600,34599,9975,158,
0,71700,34644,9982,158,
0,71800,34680,10015,158,
0,71900,34724,10031,158,
0,72000,34773,10051,158,
0,72100,34823,10066,158,
0,72200,34857,10102,158,
0,72300,34912,10108,158,
0,72400,34964,10110,158,
0,72500,35024,10112,158,
0,72600,35043,10145,158,
0,72700,35082,10169,158,
0,72800,35126,10180,158,
0,72900,35154,10209,158,
0,73000,35215,10213,158,
0,73100,35260,10223,158,
0,73200,35304,10249,158,
0,73300,35328,10283,158,
0,73400,35372,10302,158,
0,73500,35418,10315,158,
0,73600,35449,10345,158,
0,73700,35507,10348,158,
0,73800,35568,10352,158,
0,73900,35635,10353,158,
0,74000,35662,10382,158,
0,74100,35707,10402,158,
0,74200,35757,10412,158,
0,74300,35803,10439,158,
0,74400,35843,10466,158,
0,74500,35904,10470,158,
0,74600,35969,10471,158,
0,74700,35989,10504,158,
0,74800,36029,10523,158,
0,74900,36073,10535,158,
0,75000,36138,10537,158,
0,75100,36209,10543,158,
0,75200,36273,10547,158,
0,75300,36342,10549,158,
0,75400,36398,10557,158,
0,75500,36454,10572,158,
0,75600,36497,10582,160,
0,75700,36557,10594,160,
0,75800,36618,10596,160,
0,75900,36670,10599,162,
0,76000,36728,10602,162,
0,76100,36754,10635,162,
0,76200,36806,10655,162,
0,76300,36843,10667,164,
0,76400,36904,10670,164,
0,76500,36968,10672,164,
0,76600,37021,10681,164,
0,76700,37067,10703,164,
0,76800,37098,10737,164,
0,76900,37139,10756,164,
0,77000,37183,10771,166,
0,77100,37216,10798,166,
0,77200,37247,10832,166,
0,77300,37295,10842,166,
0,77400,37339,10858,166,
0,77500,37390,10863,166,
0,77600,37452,10868,166,
0,77700,37504,10869,166,
0,77800,37562,10878,166,
0,77900,37598,10916,166,
0,78000,37660,10922,166,
0,78100,37721,10934,168,
0,78200,37772,10939,168,
0,78300,37817,10957,168,
0,78400,37857,10966,170,
0,78500,37901,10986,170,
0,78600,37959,10993,170,
0,78700,38005,11005,170,
0,78800,38045,11023,170,
0,78900,38101,11030,170,
0,79000,38163,11031,172,
0,79100,38215,11032,172,
0,79200,38237,11061,172,
0,79300,38298,11064,172,
0,79400,38353,11074,172,
0,79500,38399,11088,172,
0,79600,38424,11122,172,
0,79700,38490,11129,172,
0,79800,38552,11133,172,
0,79900,38611,11141,172,
0,80000,38662,11157,172,
0,80100,38717,11164,172,
0,80200,38778,11169,172,
0,80300,38800,11197,172,
0,80400,38837,11217,172,
0,80500,38877,11229,172,
0,80600,38905,11261,172,
0,80700,38964,11268,172,
0,80800,39013,11276,172,
0,80900,39070,11280,172,
0,81000,39101,11304,174,
0,81100,39140,11322,174,
0,81200,39188,11333,174,
0,81300,39255,11336,174,
0,81400,39293,11359,174,
0,81500,39347,11362,174,
0,81600,39417,11367,174,
0,81700,39465,11371,174,
0,81800,39517,11389,176,
0,81900,39569,11398,176,
0,82000,39628,11402,176,
0,82100,39658,11438,176,
0,82200,39711,11441,176,
0,82300,39773,11443,176,
0,82400,39797,11473,178,
0,82500,39857,11479,180,
0,82600,39915,11483,180,
0,82700,39944,11515,180,
0,82800,39975,11546,180,
0,82900,40032,11552,182,
0,83000,40069,11575,182,
0,83100,40119,11584,182,
0,83200,40179,11585,182,
0,83300,40234,11586,182,
0,83400,40270,11622,182,
0,83500,40302,11654,182,
0,83600,40354,11664,182,
0,83700,40390,11687,182,
0,83800,40446,11694,182,
0,83900,40514,11697,182,
0,84000,40566,11699,182,
0,84100,40595,11729,182,
0,84200,40646,11746,184,
0,84300,40702,11750,184,
0,84400,40773,11753,184,
0,84500,40830,11757,184,
0,84600,40893,11758,184,
0,84700,40954,11759,184,
0,84800,40981,11790,184,
0,84900,41046,11793,184,
0,85000,41102,11803,184,
0,85100,41141,11826,184,
0,85200,41166,11857,184,
0,85300,41209,11876,184,
0,85400,41252,11885,186,
0,85500,41310,11893,186,
0,85600,41366,11902,186,
0,85700,41417,11911,186,
0,85800,41462,11929,186,
0,85900,41493,11956,188,
0,86000,41559,11962,188,
0,86100,41617,11963,188,
0,86200,41674,11968,188,
0,86300,41728,11972,188,
0,86400,41777,11978,188,
