0,100,28,9,0,
0,200,53,42,0,
0,300,103,50,0,
0,400,152,66,0,
0,500,204,73,0,
0,600,264,75,0,
0,700,318,77,0,
0,800,370,89,0,
0,900,428,95,0,
0,1000,482,98,0,
0,1100,555,103,0,
0,1200,587,133,2,
0,1300,633,147,2,
0,1400,685,158,2,
0,1500,724,197,2,
0,1600,748,235,2,
0,1700,795,245,2,
0,1800,847,267,2,
0,1900,906,274,2,
0,2000,968,275,2,
0,2100,1029,276,2,
0,2200,1059,303,2,
0,2300,1099,335,2,
0,2400,1157,337,2,
0,2500,1227,339,2,
0,2600,1252,366,2,
0,2700,1296,387,2,
0,2800,1345,396,2,
0,2900,1403,400,2,
0,3000,1464,404,2,
0,3100,1505,415,2,
0,3200,1542,436,2,
0,3300,1565,466,2,
0,3400,1629,470,2,
0,3500,1684,471,2,
0,3600,1716,501,2,
0,3700,1747,531,2,
0,3800,1807,535,2,
0,3900,1863,536,2,
0,4000,1917,543,2,
0,4100,1967,563,2,
0,4200,2014,575,2,
0,4300,2073,579,2,
0,4400,2134,584,2,
0,4500,2193,591,2,
0,4600,2256,592,2,
0,4700,2292,613,2,
0,4800,2334,637,2,
0,4900,2378,646,2,
0,5000,2441,651,2,
0,5100,2477,684,2,
0,5200,2519,695,2,
0,5300,2560,722,2,
0,5400,2588,754,4,
0,5500,2653,761,4,
0,5600,2708,762,4,
0,5700,2738,792,4,
0,5800,2762,823,4,
0,5900,2818,826,4,
0,6000,2879,827,4,
0,6100,2933,830,4,
0,6200,2972,854,4,
0,6300,3016,867,4,
0,6400,3050,897,4,
0,6500,3078,929,6,
0,6600,3129,937,6,
0,6700,3172,957,6,
0,6800,3198,990,6,
0,6900,3257,994,6,
0,7000,3316,995,6,
0,7100,3359,1023,6,
0,7200,3393,1053,8,
0,7300,3449,1064,8,
0,7400,3501,1085,8,
0,7500,3558,1090,8,
0,7600,3604,1109,8,
0,7700,3648,1118,8,
0,7800,3681,1147,8,
0,7900,3714,1181,8,
0,8000,3772,1183,8,
0,8100,3839,1184,8,
0,8200,3891,1197,8,
0,8300,3955,1198,8,
0,8400,4016,1199,8,
0,8500,4070,1205,8,
0,8600,4127,1216,8,
0,8700,4187,1220,8,
0,8800,4252,1221,8,
0,8900,4299,1228,8,
0,9000,4342,1247,8,
0,9100,4393,1256,8,
0,9200,4419,1287,8,
0,9300,4475,1298,8,
0,9400,4530,1304,8,
0,9500,4592,1307,8,
0,9600,4655,1314,8,
0,9700,4701,1335,8,
0,9800,4744,1347,8,
0,9900,4804,1351,8,
0,10000,4863,1354,8,
0,10100,4908,1362,8,
0,10200,4951,1384,8,
0,10300,4986,1419,8,
0,10400,5052,1425,8,
0,10500,5107,1426,8,
0,10600,5136,1459,8,
0,10700,5190,1464,8,
0,10800,5240,1475,8,
0,10900,5282,1499,8,
0,11000,5328,1511,8,
0,11100,5369,1529,8,
0,11200,5411,1540,8,
0,11300,5455,1570,8,
0,11400,5516,1573,8,
0,11500,5559,1583,8,
0,11600,5595,1606,8,
0,11700,5646,1620,8,
0,11800,5682,1642,8,
0,11900,5725,1650,8,
0,12000,5784,1655,8,
0,12100,5847,1659,8,
0,12200,5899,1661,8,
0,12300,5969,1663,8,
0,12400,5989,1693,8,
0,12500,6038,1712,8,
0,12600,6077,1719,8,
0,12700,6142,1729,8,
0,12800,6176,1762,8,
0,12900,6229,1770,8,
0,13000,6287,1771,8,
0,13100,6337,1777,8,
0,13200,6399,1786,8,
0,13300,6461,1790,8,
0,13400,6522,1798,8,
0,13500,6572,1822,8,
0,13600,6634,1830,8,
0,13700,6699,1834,8,
0,13800,6755,1838,8,
0,13900,6822,1843,8,
0,14000,6880,1846,10,
0,14100,6936,1857,10,
0,14200,7000,1859,10,
0,14300,7052,1870,10,
0,14400,7093,1890,10,
0,14500,7118,1915,10,
0,14600,7159,1940,10,
0,14700,7223,1945,10,
0,14800,7276,1962,10,
0,14900,7303,1997,12,
0,15000,7352,2001,12,
0,15100,7418,2002,12,
0,15200,7473,2005,12,
0,15300,7516,2024,12,
0,15400,7561,2033,12,
0,15500,7629,2040,12,
0,15600,7656,2068,12,
0,15700,7703,2073,12,
0,15800,7775,2074,12,
0,15900,7836,2088,12,
0,16000,7886,2107,12,
0,16100,7942,2116,12,
0,16200,8004,2118,12,
0,16300,8035,2149,14,
0,16400,8089,2154,14,
0,16500,8152,2155,14,
0,16600,8205,2157,14,
0,16700,8248,2178,14,
0,16800,8292,2188,14,
0,16900,8347,2196,14,
0,17000,8414,2200,14,
0,17100,8472,2210,14,
0,17200,8514,2234,14,
0,17300,8561,2249,14,
0,17400,8603,2270,14,
0,17500,8654,2278,14,
0,17600,8716,2284,14,
0,17700,8771,2289,14,
0,17800,8824,2292,14,
0,17900,8890,2293,14,
0,18000,8923,2320,14,
0,18100,8966,2341,14,
0,18200,9011,2351,14,
0,18300,9064,2364,14,
0,18400,9094,2395,14,
0,18500,9154,2406,14,
0,18600,9200,2428,14,
0,18700,9228,2461,14,
0,18800,9270,2484,14,
0,18900,9319,2493,14,
0,19000,9351,2528,14,
0,19100,9379,2561,14,
0,19200,9434,2566,14,
0,19300,9498,2570,14,
0,19400,9531,2600,14,
0,19500,9601,2602,14,
0,19600,9653,2603,14,
0,19700,9684,2634,14,
0,19800,9712,2666,14,
0,19900,9758,2678,16,
0,20000,9798,2698,16,
0,20100,9822,2728,16,
0,20200,9881,2731,16,
0,20300,9938,2732,16,
0,20400,9977,2758,16,
0,20500,10011,2789,16,
0,20600,10070,2797,16,
0,20700,10144,2799,16,
0,20800,10196,2801,16,
0,20900,10255,2821,16,
0,21000,10302,2830,16,
0,21100,10332,2862,16,
0,21200,10391,2869,16,
0,21300,10441,2874,16,
0,21400,10506,2875,16,
0,21500,10560,2883,16,
0,21600,10606,2906,16,
0,21700,10651,2915,16,
0,21800,10686,2945,16,
0,21900,10716,2976,16,
0,22000,10771,2982,18,
0,22100,10833,2985,18,
0,22200,10886,2989,18,
0,22300,10925,3009,18,
0,22400,10972,3019,18,
0,22500,11008,3047,18,
0,22600,11041,3075,20,
0,22700,11085,3085,20,
0,22800,11123,3108,20,
0,22900,11139,3140,22,
0,23000,11199,3145,22,
0,23100,11257,3147,22,
0,23200,11309,3152,22,
0,23300,11371,3154,22,
0,23400,11419,3164,22,
0,23500,11467,3183,22,
0,23600,11523,3187,22,
0,23700,11588,3191,22,
0,23800,11649,3193,22,
0,23900,11713,3197,22,
0,24000,11742,3224,22,
0,24100,11796,3232,22,
0,24200,11860,3233,22,
0,24300,11881,3263,22,
0,24400,11936,3280,22,
0,24500,11981,3290,22,
0,24600,12039,3297,22,
0,24700,12072,3326,22,
0,24800,12129,3329,22,
0,24900,12188,3330,22,
0,25000,12246,3334,22,
0,25100,12310,3344,22,
0,25200,12359,3347,22,
0,25300,12422,3349,22,
0,25400,12481,3351,22,
0,25500,12530,3360,24,
0,25600,12569,3381,24,
0,25700,12594,3415,26,
0,25800,12627,3435,26,
0,25900,12676,3446,26,
0,26000,12710,3477,26,
0,26100,12765,3478,26,
0,26200,12820,3487,26,
0,26300,12861,3514,26,
0,26400,12889,3546,26,
0,26500,12940,3565,26,
0,26600,12988,3575,26,
0,26700,13042,3590,26,
0,26800,13069,3617,26,
0,26900,13121,3628,26,
0,27000,13165,3647,26,
0,27100,13216,3653,26,
0,27200,13265,3671,26,
0,27300,13322,3680,26,
0,27400,13370,3695,26,
0,27500,13430,3698,26,
0,27600,13473,3708,26,
0,27700,13526,3731,26,
0,27800,13547,3765,26,
0,27900,13600,3774,26,
0,28000,13660,3776,26,
0,28100,13693,3809,26,
0,28200,13721,3841,26,
0,28300,13791,3847,26,
0,28400,13833,3866,26,
0,28500,13887,3870,28,
0,28600,13933,3888,28,
0,28700,13978,3898,28,
0,28800,14003,3930,28,
0,28900,14064,3938,28,
0,29000,14139,3944,28,
0,29100,14205,3945,28,
0,29200,14258,3956,28,
0,29300,14312,3970,28,
0,29400,14361,3980,28,
0,29500,14406,4009,28,
0,29600,14436,4042,28,
0,29700,14496,4046,28,
0,29800,14563,4047,28,
0,29900,14594,4066,28,
0,30000,14631,4083,28,
0,30100,14686,4093,28,
0,30200,14725,4124,28,
0,30300,14761,4152,28,
0,30400,14815,4153,28,
0,30500,14877,4154,28,
0,30600,14901,4189,28,
0,30700,14957,4211,28,
0,30800,15004,4223,28,
0,30900,15037,4252,28,
0,31000,15068,4291,28,
0,31100,15123,4300,28,
0,31200,15161,4320,30,
0,31300,15190,4352,30,
0,31400,15236,4373,30,
0,31500,15286,4382,30,
0,31600,15346,4389,30,
0,31700,15375,4421,30,
0,31800,15422,4431,30,
0,31900,15488,4440,30,
0,32000,15544,4442,30,
0,32100,15603,4443,30,
0,32200,15661,4444,30,
0,32300,15691,4476,30,
0,32400,15721,4511,30,
0,32500,15767,4521,30,
0,32600,15814,4542,30,
0,32700,15846,4565,30,
0,32800,15910,4567,30,
0,32900,15970,4568,30,
0,33000,16027,4576,30,
0,33100,16056,4603,30,
0,33200,16115,4605,30,
0,33300,16175,4607,30,
0,33400,16229,4615,30,
0,33500,16272,4635,30,
0,33600,16316,4646,30,
0,33700,16350,4677,30,
0,33800,16382,4705,30,
0,33900,16436,4708,30,
0,34000,16506,4709,30,
0,34100,16535,4744,30,
0,34200,16584,4762,30,
0,34300,16632,4776,30,
0,34400,16697,4777,30,
0,34500,16729,4807,30,
0,34600,16786,4814,30,
0,34700,16824,4832,30,
0,34800,16851,4861,30,
0,34900,16894,4878,30,
0,35000,16942,4893,30,
0,35100,17003,4900,30,
0,35200,17064,4905,32,
0,35300,17118,4915,32,
0,35400,17162,4943,32,
0,35500,17209,4946,32,
0,35600,17271,4950,34,
0,35700,17330,4954,34,
0,35800,17371,4979,34,
0,35900,17432,4981,34,
0,36000,17477,4990,34,
0,36100,17521,5019,34,
0,36200,17572,5034,34,
0,36300,17615,5055,36,
0,36400,17670,5064,36,
0,36500,17698,5093,36,
0,36600,17756,5096,36,
0,36700,17816,5104,36,
0,36800,17881,5108,36,
0,36900,17907,5137,36,
0,37000,17971,5141,36,
0,37100,18027,5143,36,
0,37200,18086,5151,36,
0,37300,18146,5156,36,
0,37400,18200,5163,36,
0,37500,18264,5172,36,
0,37600,18316,5179,36,
0,37700,18364,5197,36,
0,37800,18420,5209,36,
0,37900,18480,5215,36,
0,38000,18503,5247,36,
0,38100,18554,5250,36,
0,38200,18622,5254,36,
0,38300,18641,5287,38,
0,38400,18709,5290,38,
0,38500,18768,5291,38,
0,38600,18823,5309,38,
0,38700,18855,5339,40,
0,38800,18911,5344,40,
0,38900,18966,5345,40,
0,39000,18997,5372,42,
0,39100,19042,5396,42,
0,39200,19087,5406,42,
0,39300,19116,5437,42,
0,39400,19178,5442,42,
0,39500,19224,5451,42,
0,39600,19262,5469,42,
0,39700,19289,5497,44,
0,39800,19350,5508,44,
0,39900,19417,5509,44,
0,40000,19456,5542,44,
0,40100,19484,5568,46,
0,40200,19544,5576,46,
0,40300,19601,5577,46,
0,40400,19625,5609,46,
0,40500,19688,5614,46,
0,40600,19741,5615,46,
0,40700,19800,5621,46,
0,40800,19834,5652,46,
0,40900,19893,5661,46,
0,41000,19956,5667,46,
0,41100,19980,5693,48,
0,41200,20027,5707,48,
0,41300,20072,5719,48,
0,41400,20106,5750,48,
0,41500,20150,5768,48,
0,41600,20208,5772,48,
0,41700,20275,5773,48,
0,41800,20299,5806,48,
0,41900,20360,5810,48,
0,42000,20413,5811,48,
0,42100,20470,5820,50,
0,42200,20498,5851,50,
0,42300,20552,5860,50,
0,42400,20594,5879,50,
0,42500,20622,5908,50,
0,42600,20667,5924,50,
0,42700,20719,5936,50,
0,42800,20768,5952,50,
0,42900,20804,5982,52,
0,43000,20852,5992,52,
0,43100,20891,6013,54,
0,43200,20947,6016,54,
0,43300,20987,6036,54,
0,43400,21026,6049,57,
0,43500,21079,6054,57,
0,43600,21115,6089,57,
0,43700,21165,6099,57,
0,43800,21208,6124,57,
0,43900,21235,6159,57,
0,44000,21275,6174,59,
0,44100,21321,6183,59,
0,44200,21382,6185,59,
0,44300,21446,6187,59,
0,44400,21490,6195,59,
0,44500,21534,6219,59,
0,44600,21581,6235,59,
0,44700,21640,6236,59,
0,44800,21700,6237,59,
0,44900,21753,6257,61,
0,45000,21782,6289,61,
0,45100,21835,6296,61,
0,45200,21879,6316,61,
0,45300,21929,6319,61,
0,45400,21975,6338,61,
0,45500,22019,6348,61,
0,45600,22078,6355,61,
0,45700,22101,6387,65,
0,45800,22154,6390,65,
0,45900,22216,6392,65,
0,46000,22239,6423,65,
0,46100,22277,6446,67,
0,46200,22326,6456,67,
0,46300,22357,6487,67,
0,46400,22406,6498,69,
0,46500,22461,6506,69,
0,46600,22501,6527,69,
0,46700,22531,6554,69,
0,46800,22578,6577,71,
0,46900,22621,6587,73,
0,47000,22643,6620,73,
0,47100,22670,6653,75,
0,47200,22725,6655,75,
0,47300,22790,6656,75,
0,47400,22847,6664,75,
0,47500,22906,6669,75,
0,47600,22969,6670,75,
0,47700,23008,6696,75,
0,47800,23037,6733,75,
0,47900,23090,6737,75,
0,48000,23153,6738,75,
0,48100,23185,6765,75,
0,48200,23243,6772,75,
0,48300,23301,6774,75,
0,48400,23358,6784,75,
0,48500,23385,6815,75,
0,48600,23438,6825,75,
0,48700,23478,6846,75,
0,48800,23531,6851,75,
0,48900,23595,6856,75,
0,49000,23652,6857,75,
0,49100,23685,6887,75,
0,49200,23716,6917,77,
0,49300,23767,6920,77,
0,49400,23830,6921,77,
0,49500,23861,6954,77,
0,49600,23926,6960,77,
0,49700,23986,6963,77,
0,49800,24032,6994,77,
0,49900,24068,7027,77,
0,50000,24121,7035,77,
0,50100,24159,7060,77,
0,50200,24209,7066,77,
0,50300,24268,7074,77,
0,50400,24325,7076,79,
0,50500,24356,7111,79,
0,50600,24391,7141,79,
0,50700,24454,7144,79,
0,50800,24514,7146,79,
0,50900,24568,7153,79,
0,51000,24613,7173,79,
0,51100,24659,7185,79,
0,51200,24704,7208,79,
0,51300,24747,7224,81,
0,51400,24799,7229,81,
0,51500,24868,7230,81,
0,51600,24910,7248,83,
0,51700,24967,7254,83,
0,51800,25020,7255,83,
0,51900,25052,7287,83,
0,52000,25077,7317,83,
0,52100,25129,7326,83,
0,52200,25173,7347,83,
0,52300,25224,7351,83,
0,52400,25280,7352,83,
0,52500,25348,7353,83,
0,52600,25406,7356,83,
0,52700,25465,7360,83,
0,52800,25517,7363,85,
0,52900,25586,7364,85,
0,53000,25644,7368,85,
0,53100,25704,7371,85,
0,53200,25758,7377,87,
0,53300,25792,7404,87,
0,53400,25843,7424,87,
0,53500,25904,7428,89,
0,53600,25963,7430,89,
0,53700,26015,7435,89,
0,53800,26087,7439,89,
0,53900,26145,7440,89,
0,54000,26211,7446,89,
0,54100,26240,7477,89,
0,54200,26295,7481,91,
0,54300,26360,7482,91,
0,54400,26409,7484,91,
0,54500,26452,7504,91,
0,54600,26500,7512,91,
0,54700,26557,7524,91,
0,54800,26624,7528,91,
0,54900,26683,7533,91,
0,55000,26757,7535,91,
0,55100,26816,7545,91,
0,55200,26874,7562,93,
0,55300,26916,7571,93,
0,55400,26955,7594,93,
0,55500,26991,7618,93,
0,55600,27046,7622,93,
0,55700,27114,7623,93,
0,55800,27169,7628,93,
0,55900,27227,7632,93,
0,56000,27286,7634,93,
0,56100,27347,7640,93,
0,56200,27408,7646,93,
0,56300,27467,7648,93,
0,56400,27531,7649,93,
0,56500,27586,7652,93,
0,56600,27646,7659,93,
0,56700,27699,7662,93,
0,56800,27735,7692,93,
0,56900,27788,7697,95,
0,57000,27841,7709,95,
0,57100,27880,7735,95,
0,57200,27901,7768,95,
0,57300,27947,7791,95,
0,57400,27992,7799,95,
0,57500,28046,7803,95,
0,57600,28082,7832,95,
0,57700,28136,7841,95,
0,57800,28171,7866,95,
0,57900,28230,7870,95,
0,58000,28290,7874,95,
0,58100,28359,7875,95,
0,58200,28428,7886,95,
0,58300,28461,7915,95,
0,58400,28515,7924,95,
0,58500,28557,7947,95,
0,58600,28593,7971,97,
0,58700,28641,7990,97,
0,58800,28687,7998,97,
0,58900,28745,8005,97,
0,59000,28807,8008,99,
0,59100,28868,8017,99,
0,59200,28906,8039,99,
0,59300,28930,8075,99,
0,59400,28972,8097,99,
0,59500,29018,8107,99,
0,59600,29074,8116,99,
0,59700,29107,8147,99,
0,59800,29154,8158,99,
0,59900,29196,8181,99,
0,60000,29244,8184,99,
0,60100,29290,8204,99,
0,60200,29329,8215,101,
0,60300,29393,8221,101,
0,60400,29459,8226,101,
0,60500,29515,8234,101,
0,60600,29564,8254,101,
0,60700,29620,8264,101,
0,60800,29662,8285,101,
0,60900,29702,8297,101,
0,61000,29732,8330,101,
0,61100,29793,8340,101,
0,61200,29850,8351,101,
0,61300,29907,8374,101,
0,61400,29926,8401,101,
0,61500,29967,8421,101,
0,61600,30007,8430,101,
0,61700,30051,8461,101,
0,61800,30081,8493,101,
0,61900,30131,8501,101,
0,62000,30188,8514,101,
0,62100,30239,8518,101,
0,62200,30276,8536,103,
0,62300,30332,8543,105,
0,62400,30367,8578,105,
0,62500,30411,8598,105,
0,62600,30452,8608,107,
0,62700,30491,8630,107,
0,62800,30542,8637,107,
0,62900,30595,8657,107,
0,63000,30647,8666,107,
0,63100,30675,8701,107,
0,63200,30736,8709,107,
0,63300,30783,8718,107,
0,63400,30819,8739,107,
0,63500,30871,8741,107,
0,63600,30914,8763,107,
0,63700,30960,8773,107,
0,63800,30982,8807,107,
0,63900,31014,8836,107,
0,64000,31067,8842,107,
0,64100,31129,8843,107,
0,64200,31178,8848,109,
0,64300,31218,8869,109,
0,64400,31267,8881,109,
0,64500,31286,8919,109,
0,64600,31351,8925,109,
0,64700,31404,8936,109,
0,64800,31440,8953,109,
0,64900,31496,8957,109,
0,65000,31542,8969,111,
0,65100,31603,8970,111,
0,65200,31661,8976,111,
0,65300,31689,9005,111,
0,65400,31747,9016,111,
0,65500,31783,9035,111,
0,65600,31833,9041,111,
0,65700,31874,9065,111,
0,65800,31921,9077,111,
0,65900,31950,9113,111,
0,66000,31979,9146,111,
0,66100,32039,9154,111,
0,66200,32098,9157,111,
0,66300,32151,9163,111,
0,66400,32196,9175,111,
0,66500,32253,9182,111,
0,66600,32308,9194,111,
0,66700,32374,9205,111,
0,66800,32427,9209,111,
0,66900,32487,9210,111,
0,67000,32510,9238,111,
0,67100,32578,9244,111,
0,67200,32636,9245,111,
0,67300,32675,9266,113,
0,67400,32718,9292,113,
0,67500,32771,9297,113,
0,67600,32832,9298,113,
0,67700,32859,9333,113,
0,67800,32905,9354,113,
0,67900,32945,9364,113,
0,68000,33005,9369,113,
0,68100,33045,9399,113,
0,68200,33105,9409,113,
0,68300,33145,9428,113,
0,68400,33165,9457,113,
0,68500,33224,9467,113,
0,68600,33276,9468,113,
0,68700,33309,9498,113,
0,68800,33337,9529,116,
0,68900,33398,9533,116,
0,69000,33461,9534,116,
0,69100,33482,9568,116,
0,69200,33539,9579,116,
0,69300,33578,9589,118,
0,69400,33606,9620,118,
0,69500,33640,9648,120,
0,69600,33695,9655,120,
0,69700,33737,9681,120,
0,69800,33767,9714,120,
0,69900,33803,9735,120,
0,70000,33853,9744,122,
0,70100,33894,9773,122,
0,70200,33953,9780,122,
0,70300,33998,9790,122,
0,70400,34044,9816,122,
0,70500,34068,9848,122,
0,70600,34125,9849,122,
0,70700,34186,9850,122,
0,70800,34247,9860,122,
0,70900,34280,9888,122,
0,71000,34317,9902,122,
0,71100,34368,9914,122,
0,71200,34396,9945,122,
0,71300,34440,9966,122,
0,71400,34495,9973,122,
0,71500,34526,10003,122,
0,71600,34554,10036,122,
0,71700,34612,10038,122,
0,71800,34681,10039,122,
0,71900,34730,10049,122,
0,72000,34793,10054,122,
0,72100,34851,10057,122,
0,72200,34912,10059,122,
0,72300,34978,10061,122,
0,72400,35027,10073,122,
0,72500,35067,10099,122,
0,72600,35118,10105,122,
0,72700,35161,10125,122,
0,72800,35206,10136,122,
0,72900,35263,10142,122,
0,73000,35291,10173,122,
0,73100,35345,10181,122,
0,73200,35392,10203,122,
0,73300,35452,10209,122,
0,73400,35512,10210,122,
0,73500,35563,10211,122,
0,73600,35626,10213,122,
0,73700,35670,10239,124,
0,73800,35710,10249,124,
0,73900,35746,10275,124,
0,74000,35768,10303,124,
0,74100,35821,10316,124,
0,74200,35862,10327,124,
0,74300,35929,10334,124,
0,74400,35974,10354,124,
0,74500,36035,10357,124,
0,74600,36095,10362,124,
0,74700,36120,10390,124,
0,74800,36160,10410,124,
0,74900,36206,10418,126,
0,75000,36257,10433,126,
0,75100,36287,10467,126,
0,75200,36356,10469,126,
0,75300,36416,10470,126,
0,75400,36468,10478,126,
0,75500,36534,10479,126,
0,75600,36595,10480,126,
0,75700,36652,10486,126,
0,75800,36678,10521,126,
0,75900,36740,10526,126,
0,76000,36809,10529,126,
0,76100,36859,10530,126,
0,76200,36916,10535,128,
0,76300,36980,10536,128,
0,76400,37038,10541,128,
0,76500,37070,10569,128,
0,76600,37137,10570,128,
0,76700,37207,10571,128,
0,76800,37263,10574,128,
0,76900,37324,10586,128,
0,77000,37379,10588,130,
0,77100,37415,10617,130,
0,77200,37472,10627,132,
0,77300,37520,10640,132,
0,77400,37556,10661,132,
0,77500,37586,10692,132,
0,77600,37629,10711,132,
0,77700,37673,10720,132,
0,77800,37731,10726,132,
0,77900,37791,10727,132,
0,78000,37842,10735,132,
0,78100,37881,10763,132,
0,78200,37907,10792,134,
0,78300,37958,10811,134,
0,78400,38002,10817,134,
0,78500,38060,10825,134,
0,78600,38090,10855,136,
0,78700,38146,10858,136,
0,78800,38206,10859,136,
0,78900,38239,10885,138,
0,79000,38287,10906,138,
0,79100,38330,10918,138,
0,79200,38394,10924,138,
0,79300,38423,10959,138,
0,79400,38474,10970,138,
0,79500,38532,10975,138,
0,79600,38583,10980,138,
0,79700,38641,10983,138,
0,79800,38696,10984,138,
0,79900,38754,10987,138,
0,80000,38812,10990,138,
0,80100,38859,10999,138,
0,80200,38893,11022,138,
0,80300,38916,11054,138,
0,80400,38980,11070,138,
0,80500,39038,11071,138,
0,80600,39065,11103,138,
0,80700,39093,11135,138,
0,80800,39148,11145,138,
0,80900,39200,11160,138,
0,81000,39225,11193,140,
0,81100,39280,11195,140,
0,81200,39334,11196,142,
0,81300,39365,11222,142,
0,81400,39395,11257,142,
0,81500,39458,11261,142,
0,81600,39517,11265,142,
0,81700,39575,11270,142,
0,81800,39626,11280,142,
0,81900,39675,11281,142,
0,82000,39736,11286,142,
0,82100,39794,11291,142,
0,82200,39861,11300,142,
0,82300,39929,11301,142,
0,82400,39985,11307,142,
0,82500,40042,11308,142,
0,82600,40101,11309,142,
0,82700,40160,11316,142,
0,82800,40221,11329,142,
0,82900,40275,11340,142,
0,83000,40315,11365,142,
0,83100,40339,11398,142,
0,83200,40408,11417,142,
0,83300,40453,11431,142,
0,83400,40511,11433,142,
0,83500,40568,11435,142,
0,83600,40624,11436,142,
0,83700,40680,11437,142,
0,83800,40733,11442,142,
0,83900,40771,11458,142,
0,84000,40818,11469,144,
0,84100,40870,11482,144,
0,84200,40932,11484,144,
0,84300,40977,11495,144,
0,84400,41017,11517,144,
0,84500,41064,11523,144,
0,84600,41110,11544,144,
0,84700,41161,11553,144,
0,84800,41225,11556,144,
0,84900,41266,11573,148,
0,85000,41322,11578,148,
0,85100,41376,11579,148,
0,85200,41401,11608,148,
0,85300,41443,11627,148,
0,85400,41491,11637,148,
0,85500,41516,11665,148,
0,85600,41575,11670,150,
0,85700,41632,11670,150,
0,85800,41696,11671,150,
0,85900,41722,11700,150,
0,86000,41767,11717,150,
0,86100,41813,11726,152,
0,86200,41880,11737,152,
0,86300,41945,11742,152,
0,86400,42001,11751,152,
