0,100,43,7,0,
0,200,70,37,0,
0,300,120,39,0,
0,400,189,40,0,
0,500,244,42,0,
0,600,317,45,0,
0,700,385,46,0,
0,800,445,52,0,
0,900,507,55,0,
0,1000,559,66,0,
0,1100,622,89,0,
0,1200,653,120,0,
0,1300,706,136,2,
0,1400,746,148,2,
0,1500,797,150,2,
0,1600,823,183,2,
0,1700,879,188,2,
0,1800,919,210,2,
0,1900,940,245,2,
0,2000,976,267,2,
0,2100,1028,274,2,
0,2200,1090,277,2,
0,2300,1132,301,2,
0,2400,1190,312,2,
0,2500,1228,331,2,
0,2600,1282,344,2,
0,2700,1346,362,2,
0,2800,1401,370,2,
0,2900,1459,372,2,
0,3000,1489,403,2,
0,3100,1536,413,2,
0,3200,1573,434,2,
0,3300,1594,465,4,
0,3400,1644,488,4,
0,3500,1686,500,4,
0,3600,1745,517,4,
0,3700,1780,541,6,
0,3800,1832,550,6,
0,3900,1870,571,8,
0,4000,1889,607,8,
0,4100,1934,628,10,
0,4200,1984,641,10,
0,4300,2012,672,10,
0,4400,2046,694,10,
0,4500,2099,702,10,
0,4600,2153,724,10,
0,4700,2173,759,10,
0,4800,2212,776,10,
0,4900,2271,780,10,
0,5000,2335,782,10,
0,5100,2392,784,12,
0,5200,2438,787,12,
0,5300,2504,788,12,
0,5400,2526,815,14,
0,5500,2581,828,14,
0,5600,2640,829,14,
0,5700,2706,836,14,
0,5800,2765,846,16,
0,5900,2820,852,16,
0,6000,2885,853,16,
0,6100,2938,857,16,
0,6200,2998,870,16,
0,6300,3050,882,16,
0,6400,3084,914,16,
0,6500,3144,919,16,
0,6600,3193,929,16,
0,6700,3249,941,16,
0,6800,3304,946,16,
0,6900,3348,968,16,
0,7000,3393,978,16,
0,7100,3458,987,16,
0,7200,3520,988,16,
0,7300,3581,993,16,
0,7400,3643,998,16,
0,7500,3692,1008,18,
0,7600,3738,1027,20,
0,7700,3781,1040,22,
0,7800,3804,1071,22,
0,7900,3849,1093,22,
0,8000,3903,1106,22,
0,8100,3949,1127,22,
0,8200,3998,1134,22,
0,8300,4044,1152,22,
0,8400,4093,1165,22,
0,8500,4152,1173,22,
0,8600,4208,1177,24,
0,8700,4256,1186,26,
0,8800,4292,1211,26,
0,8900,4343,1225,26,
0,9000,4402,1228,26,
0,9100,4457,1229,26,
0,9200,4498,1255,26,
0,9300,4565,1261,26,
0,9400,4611,1270,26,
0,9500,4652,1291,26,
0,9600,4682,1312,26,
0,9700,4738,1333,26,
0,9800,4785,1343,26,
0,9900,4813,1371,26,
0,10000,4852,1403,26,
0,10100,4910,1409,26,
0,10200,4973,1410,26,
0,10300,5025,1413,28,
0,10400,5081,1413,28,
0,10500,5142,1414,28,
0,10600,5201,1423,28,
0,10700,5231,1454,30,
0,10800,5282,1455,30,
0,10900,5353,1456,30,
0,11000,5403,1460,32,
0,11100,5452,1483,32,
0,11200,5501,1496,32,
0,11300,5566,1502,32,
0,11400,5617,1521,32,
0,11500,5663,1530,32,
0,11600,5702,1549,32,
0,11700,5724,1584,32,
0,11800,5773,1604,32,
0,11900,5828,1617,32,
0,12000,5888,1624,32,
0,12100,5922,1656,32,
0,12200,5979,1662,32,
0,12300,6023,1680,32,
0,12400,6042,1717,34,
0,12500,6086,1738,34,
0,12600,6142,1740,34,
0,12700,6183,1772,34,
0,12800,6242,1777,36,
0,12900,6288,1787,36,
0,13000,6327,1810,36,
0,13100,6370,1836,36,
0,13200,6411,1855,36,
0,13300,6474,1864,36,
0,13400,6512,1893,36,
0,13500,6572,1895,36,
0,13600,6627,1901,36,
0,13700,6696,1903,36,
0,13800,6723,1934,36,
0,13900,6768,1954,38,
0,14000,6807,1967,38,
0,14100,6835,2000,38,
0,14200,6858,2034,38,
0,14300,6902,2040,38,
0,14400,6943,2061,38,
0,14500,6961,2089,40,
0,14600,6997,2113,42,
0,14700,7036,2122,46,
0,14800,7060,2155,46,
0,14900,7096,2186,46,
0,15000,7149,2195,46,
0,15100,7217,2199,46,
0,15200,7244,2230,46,
0,15300,7289,2249,46,
0,15400,7330,2262,46,
0,15500,7371,2290,46,
0,15600,7413,2310,46,
0,15700,7466,2320,46,
0,15800,7511,2340,46,
0,15900,7563,2342,46,
0,16000,7606,2364,46,
0,16100,7657,2372,46,
0,16200,7679,2405,46,
0,16300,7714,2435,46,
0,16400,7768,2439,46,
0,16500,7836,2440,46,
0,16600,7856,2473,46,
0,16700,7916,2487,46,
0,16800,7971,2490,46,
0,16900,8032,2498,46,
0,17000,8091,2503,46,
0,17100,8140,2510,46,
0,17200,8189,2533,46,
0,17300,8240,2535,46,
0,17400,8282,2559,46,
0,17500,8331,2570,46,
0,17600,8396,2577,46,
0,17700,8458,2580,46,
0,17800,8510,2588,46,
0,17900,8575,2593,46,
0,18000,8615,2624,46,
0,18100,8663,2644,46,
0,18200,8712,2655,46,
0,18300,8746,2685,46,
0,18400,8779,2720,46,
0,18500,8838,2732,46,
0,18600,8888,2755,46,
0,18700,8942,2761,46,
0,18800,9006,2763,46,
0,18900,9059,2764,46,
0,19000,9085,2790,46,
0,19100,9108,2824,46,
0,19200,9157,2833,46,
0,19300,9192,2853,46,
0,19400,9230,2869,46,
0,19500,9288,2876,46,
0,19600,9342,2877,46,
0,19700,9367,2912,46,
0,19800,9427,2916,46,
0,19900,9481,2920,46,
0,20000,9546,2922,46,
0,20100,9605,2935,46,
0,20200,9651,2955,46,
0,20300,9702,2965,46,
0,20400,9729,2993,46,
0,20500,9754,3030,46,
0,20600,9811,3036,46,
0,20700,9874,3037,46,
0,20800,9929,3043,46,
0,20900,9993,3048,46,
0,21000,10054,3049,46,
0,21100,10115,3052,46,
0,21200,10149,3082,46,
0,21300,10205,3084,46,
0,21400,10261,3096,46,
0,21500,10294,3120,46,
0,21600,10342,3140,46,
0,21700,10389,3151,46,
0,21800,10440,3169,46,
0,21900,10474,3192,46,
0,22000,10519,3202,46,
0,22100,10574,3225,46,
0,22200,10604,3256,46,
0,22300,10649,3278,46,
0,22400,10699,3287,46,
0,22500,10756,3301,46,
0,22600,10785,3332,46,
0,22700,10832,3342,46,
0,22800,10880,3363,46,
0,22900,10930,3367,46,
0,23000,10970,3389,46,
0,23100,11017,3401,46,
0,23200,11081,3405,46,
0,23300,11140,3413,48,
0,23400,11189,3415,48,
0,23500,11259,3416,48,
0,23600,11310,3421,50,
0,23700,11351,3444,50,
0,23800,11400,3456,50,
0,23900,11438,3486,50,
0,24000,11465,3521,50,
0,24100,11528,3524,50,
0,24200,11588,3525,50,
0,24300,11623,3545,50,
0,24400,11665,3563,50,
0,24500,11708,3573,50,
0,24600,11738,3602,52,
0,24700,11795,3604,52,
0,24800,11852,3610,52,
0,24900,11911,3612,52,
0,25000,11971,3620,52,
0,25100,12040,3626,52,
0,25200,12100,3627,52,
0,25300,12135,3656,52,
0,25400,12192,3676,52,
0,25500,12239,3688,52,
0,25600,12281,3708,52,
0,25700,12329,3721,54,
0,25800,12376,3745,54,
0,25900,12423,3754,54,
0,26000,12485,3759,54,
0,26100,12511,3791,54,
0,26200,12576,3793,54,
0,26300,12635,3794,54,
0,26400,12671,3815,54,
0,26500,12731,3822,54,
0,26600,12790,3823,54,
0,26700,12855,3828,54,
0,26800,12919,3835,54,
0,26900,12977,3838,54,
0,27000,13033,3841,54,
0,27100,13073,3857,54,
0,27200,13133,3858,54,
0,27300,13187,3859,54,
0,27400,13244,3866,54,
0,27500,13311,3879,54,
0,27600,13358,3883,54,
0,27700,13424,3884,54,
0,27800,13474,3890,54,
0,27900,13522,3911,54,
0,28000,13567,3921,54,
0,28100,13630,3925,54,
0,28200,13688,3930,54,
0,28300,13742,3933,54,
0,28400,13809,3940,54,
0,28500,13858,3944,54,
0,28600,13917,3947,54,
0,28700,13975,3948,54,
0,28800,14028,3957,54,
0,28900,14083,3970,56,
0,29000,14132,3983,56,
0,29100,14175,4002,56,
0,29200,14217,4017,56,
0,29300,14263,4041,56,
0,29400,14324,4046,56,
0,29500,14346,4084,56,
0,29600,14405,4096,56,
0,29700,14460,4104,56,
0,29800,14508,4127,56,
0,29900,14559,4131,58,
0,30000,14623,4133,58,
0,30100,14678,4134,60,
0,30200,14719,4156,60,
0,30300,14788,4160,60,
0,30400,14839,4165,60,
0,30500,14910,4166,60,
0,30600,14963,4175,60,
0,30700,15042,4182,60,
0,30800,15102,4183,60,
0,30900,15135,4211,62,
0,31000,15176,4232,62,
0,31100,15229,4233,62,
0,31200,15307,4234,62,
0,31300,15333,4265,62,
0,31400,15374,4284,62,
0,31500,15414,4295,62,
0,31600,15481,4300,62,
0,31700,15535,4314,64,
0,31800,15582,4322,64,
0,31900,15642,4329,64,
0,32000,15696,4332,64,
0,32100,15760,4334,64,
0,32200,15816,4336,64,
0,32300,15881,4343,64,
0,32400,15921,4371,64,
0,32500,15977,4376,64,
0,32600,16017,4397,64,
0,32700,16063,4408,64,
0,32800,16105,4436,66,
0,32900,16148,4447,66,
0,33000,16182,4475,66,
0,33100,16243,4490,66,
0,33200,16296,4495,66,
0,33300,16361,4502,66,
0,33400,16385,4535,66,
0,33500,16448,4542,66,
0,33600,16508,4543,66,
0,33700,16548,4572,66,
0,33800,16606,4580,66,
0,33900,16656,4592,66,
0,34000,16699,4612,66,
0,34100,16733,4647,66,
0,34200,16792,4648,66,
0,34300,16856,4649,66,
0,34400,16921,4653,66,
0,34500,16975,4658,68,
0,34600,17020,4668,68,
0,34700,17058,4693,68,
0,34800,17101,4699,68,
0,34900,17140,4720,70,
0,35000,17197,4721,70,
0,35100,17253,4734,70,
0,35200,17285,4766,70,
0,35300,17344,4775,70,
0,35400,17384,4793,70,
0,35500,17437,4807,70,
0,35600,17482,4827,72,
0,35700,17537,4840,72,
0,35800,17568,4875,72,
0,35900,17622,4877,74,
0,36000,17672,4878,74,
0,36100,17736,4879,74,
0,36200,17786,4886,74,
0,36300,17827,4903,76,
0,36400,17877,4913,76,
0,36500,17910,4944,76,
0,36600,17939,4980,76,
0,36700,18001,4982,76,
0,36800,18057,4983,76,
0,36900,18107,4988,76,
0,37000,18150,5009,76,
0,37100,18202,5020,76,
0,37200,18266,5024,76,
0,37300,18295,5057,78,
0,37400,18343,5069,78,
0,37500,18385,5088,78,
0,37600,18440,5094,80,
0,37700,18485,5112,80,
0,37800,18528,5122,82,
0,37900,18594,5124,82,
0,38000,18650,5127,82,
0,38100,18704,5136,82,
0,38200,18742,5159,84,
0,38300,18794,5163,84,
0,38400,18840,5184,84,
0,38500,18896,5193,84,
0,38600,18955,5198,84,
0,38700,18993,5229,84,
0,38800,19045,5241,84,
0,38900,19091,5262,84,
0,39000,19115,5292,84,
0,39100,19177,5297,84,
0,39200,19238,5299,84,
0,39300,19317,5307,84,
0,39400,19371,5317,84,
0,39500,19420,5323,84,
0,39600,19471,5336,84,
0,39700,19534,5350,84,
0,39800,19583,5370,84,
0,39900,19628,5380,84,
0,40000,19657,5414,84,
0,40100,19715,5422,84,
0,40200,19779,5428,84,
0,40300,19838,5429,84,
0,40400,19866,5460,84,
0,40500,19929,5464,84,
0,40600,19986,5466,84,
0,40700,20020,5497,84,
0,40800,20048,5522,84,
0,40900,20111,5534,84,
0,41000,20179,5536,84,
0,41100,20232,5538,84,
0,41200,20285,5560,84,
0,41300,20327,5571,86,
0,41400,20358,5603,86,
0,41500,20409,5624,86,
0,41600,20462,5627,86,
0,41700,20529,5628,86,
0,41800,20586,5633,86,
0,41900,20630,5651,86,
0,42000,20679,5664,86,
0,42100,20714,5699,86,
0,42200,20776,5702,86,
0,42300,20818,5714,86,
0,42400,20875,5738,86,
0,42500,20896,5768,86,
0,42600,20964,5774,86,
0,42700,21021,5777,86,
0,42800,21052,5810,86,
0,42900,21111,5811,86,
0,43000,21166,5814,86,
0,43100,21225,5815,86,
0,43200,21277,5821,86,
0,43300,21336,5822,88,
0,43400,21396,5824,88,
0,43500,21428,5856,88,
0,43600,21469,5878,88,
0,43700,21526,5879,88,
0,43800,21590,5880,88,
0,43900,21615,5910,88,
0,44000,21676,5914,88,
0,44100,21729,5915,88,
0,44200,21784,5923,88,
0,44300,21826,5944,88,
0,44400,21879,5948,88,
0,44500,21942,5949,88,
0,44600,21993,5958,88,
0,44700,22062,5967,88,
0,44800,22110,5970,88,
0,44900,22174,5979,88,
0,45000,22225,5988,90,
0,45100,22287,5991,90,
0,45200,22355,5993,90,
0,45300,22410,5997,90,
0,45400,22453,6019,92,
0,45500,22496,6030,92,
0,45600,22553,6036,92,
0,45700,22586,6064,92,
0,45800,22639,6072,92,
0,45900,22677,6093,92,
0,46000,22724,6098,92,
0,46100,22768,6120,92,
0,46200,22828,6128,92,
0,46300,22867,6156,92,
0,46400,22899,6191,92,
0,46500,22956,6197,92,
0,46600,23021,6198,92,
0,46700,23049,6229,92,
0,46800,23114,6231,92,
0,46900,23173,6232,92,
0,47000,23220,6258,92,
0,47100,23270,6261,92,
0,47200,23325,6271,92,
0,47300,23371,6286,92,
0,47400,23406,6316,92,
0,47500,23457,6338,92,
0,47600,23508,6347,92,
0,47700,23565,6350,92,
0,47800,23622,6364,94,
0,47900,23675,6373,94,
0,48000,23717,6395,94,
0,48100,23768,6404,94,
0,48200,23805,6429,96,
0,48300,23847,6437,100,
0,48400,23904,6449,100,
0,48500,23964,6452,100,
0,48600,24016,6457,100,
0,48700,24079,6459,100,
0,48800,24121,6480,100,
0,48900,24180,6483,102,
0,49000,24231,6485,102,
0,49100,24261,6514,102,
0,49200,24289,6544,102,
0,49300,24338,6552,102,
0,49400,24379,6573,102,
0,49500,24405,6611,102,
0,49600,24450,6637,102,
0,49700,24499,6645,104,
0,49800,24536,6675,104,
0,49900,24579,6703,104,
0,50000,24632,6711,104,
0,50100,24665,6732,104,
0,50200,24714,6746,104,
0,50300,24755,6775,104,
0,50400,24803,6785,106,
0,50500,24847,6808,106,
0,50600,24876,6841,106,
0,50700,24919,6852,106,
0,50800,24965,6864,108,
0,50900,25019,6867,108,
0,51000,25080,6872,108,
0,51100,25145,6873,110,
0,51200,25205,6876,110,
0,51300,25266,6881,110,
0,51400,25325,6890,110,
0,51500,25366,6919,110,
0,51600,25395,6956,110,
0,51700,25464,6962,110,
0,51800,25534,6963,110,
0,51900,25569,6994,110,
0,52000,25628,7002,110,
0,52100,25683,7013,110,
0,52200,25722,7038,110,
0,52300,25773,7044,110,
0,52400,25817,7063,110,
0,52500,25864,7076,110,
0,52600,25925,7080,110,
0,52700,25958,7116,110,
0,52800,26009,7125,110,
0,52900,26055,7144,110,
0,53000,26110,7147,110,
0,53100,26183,7149,110,
0,53200,26234,7150,110,
0,53300,26268,7179,110,
0,53400,26330,7186,110,
0,53500,26375,7198,112,
0,53600,26420,7219,112,
0,53700,26447,7247,112,
0,53800,26501,7249,112,
0,53900,26564,7250,112,
0,54000,26595,7284,112,
0,54100,26632,7309,112,
0,54200,26692,7312,112,
0,54300,26756,7313,112,
0,54400,26781,7345,112,
0,54500,26825,7364,112,
0,54600,26875,7372,112,
0,54700,26925,7389,112,
0,54800,26958,7420,112,
0,54900,27012,7429,112,
0,55000,27052,7452,112,
0,55100,27078,7480,112,
0,55200,27118,7503,112,
0,55300,27167,7514,112,
0,55400,27225,7520,112,
0,55500,27259,7554,112,
0,55600,27307,7566,112,
0,55700,27353,7585,112,
0,55800,27381,7613,112,
0,55900,27441,7626,112,
0,56000,27503,7631,114,
0,56100,27530,7665,114,
0,56200,27564,7695,114,
0,56300,27615,7705,114,
0,56400,27655,7726,114,
0,56500,27675,7758,114,
0,56600,27740,7760,114,
0,56700,27802,7761,114,
0,56800,27835,7789,114,
0,56900,27875,7822,114,
0,57000,27929,7832,114,
0,57100,27963,7856,114,
0,57200,28015,7862,114,
0,57300,28057,7883,116,
0,57400,28099,7890,116,
0,57500,28163,7896,116,
0,57600,28195,7925,116,
0,57700,28240,7937,116,
0,57800,28286,7959,116,
0,57900,28328,7977,116,
0,58000,28393,7978,116,
0,58100,28455,7979,116,
0,58200,28519,7983,116,
0,58300,28577,7985,116,
0,58400,28618,7996,116,
0,58500,28658,8024,116,
0,58600,28697,8049,116,
0,58700,28737,8070,116,
0,58800,28784,8078,116,
0,58900,28838,8081,116,
0,59000,28867,8114,116,
0,59100,28919,8117,116,
0,59200,28978,8118,116,
0,59300,29015,8142,116,
0,59400,29073,8146,116,
0,59500,29128,8147,118,
0,59600,29185,8153,118,
0,59700,29212,8185,118,
0,59800,29270,8193,118,
0,59900,29334,8196,118,
0,60000,29384,8198,120,
0,60100,29448,8199,120,
0,60200,29502,8200,122,
0,60300,29564,8208,122,
0,60400,29600,8243,122,
0,60500,29665,8252,122,
0,60600,29731,8257,122,
0,60700,29756,8290,124,
0,60800,29825,8293,124,
0,60900,29878,8295,124,
0,61000,29907,8325,124,
0,61100,29940,8358,124,
0,61200,29988,8371,124,
0,61300,30036,8397,124,
0,61400,30085,8399,124,
0,61500,30134,8414,124,
0,61600,30187,8426,124,
0,61700,30218,8455,124,
0,61800,30248,8485,124,
0,61900,30302,8486,124,
0,62000,30359,8487,124,
0,62100,30402,8500,124,
0,62200,30454,8522,124,
0,62300,30496,8535,124,
0,62400,30547,8541,124,
0,62500,30592,8560,124,
0,62600,30649,8561,124,
0,62700,30716,8562,124,
0,62800,30775,8567,124,
0,62900,30809,8588,124,
0,63000,30860,8594,124,
0,63100,30897,8627,124,
0,63200,30919,8659,126,
0,63300,30973,8670,126,
0,63400,31022,8691,126,
0,63500,31042,8721,126,
0,63600,31091,8744,126,
0,63700,31138,8754,126,
0,63800,31172,8789,126,
0,63900,31234,8792,126,
0,64000,31287,8795,126,
0,64100,31359,8796,126,
0,64200,31411,8800,126,
0,64300,31474,8801,126,
0,64400,31529,8802,126,
0,64500,31584,8809,126,
0,64600,31641,8814,126,
0,64700,31696,8819,126,
0,64800,31762,8820,126,
0,64900,31788,8851,126,
0,65000,31828,8871,126,
0,65100,31880,8884,126,
0,65200,31909,8913,126,
0,65300,31968,8920,126,
0,65400,32027,8922,126,
0,65500,32085,8924,126,
0,65600,32108,8951,126,
0,65700,32164,8956,126,
0,65800,32223,8957,128,
0,65900,32286,8965,128,
0,66000,32350,8970,128,
0,66100,32402,8980,128,
0,66200,32446,9004,128,
0,66300,32482,9034,128,
0,66400,32523,9052,130,
0,66500,32567,9064,130,
0,66600,32594,9095,130,
0,66700,32649,9101,130,
0,66800,32702,9104,130,
0,66900,32766,9105,130,
0,67000,32788,9142,130,
0,67100,32829,9160,130,
0,67200,32877,9171,130,
0,67300,32915,9199,130,
0,67400,32945,9234,130,
0,67500,32997,9239,130,
0,67600,33060,9241,130,
0,67700,33111,9243,130,
0,67800,33180,9248,130,
0,67900,33237,9249,130,
0,68000,33291,9258,130,
0,68100,33350,9259,130,
0,68200,33409,9262,130,
0,68300,33473,9263,130,
0,68400,33496,9291,130,
0,68500,33564,9293,130,
0,68600,33622,9294,130,
0,68700,33660,9323,130,
0,68800,33722,9327,130,
0,68900,33775,9334,130,
0,69000,33843,9335,130,
0,69100,33885,9364,130,
0,69200,33946,9365,132,
0,69300,34001,9366,132,
0,69400,34061,9369,132,
0,69500,34125,9375,132,
0,69600,34180,9384,132,
0,69700,34225,9402,132,
0,69800,34282,9405,134,
0,69900,34324,9424,134,
0,70000,34368,9434,134,
0,70100,34430,9439,134,
0,70200,34459,9473,134,
0,70300,34514,9479,134,
0,70400,34579,9480,134,
0,70500,34610,9506,134,
0,70600,34658,9527,134,
0,70700,34717,9535,134,
0,70800,34775,9543,134,
0,70900,34811,9572,134,
0,71000,34875,9577,134,
0,71100,34943,9578,134,
0,71200,34994,9580,134,
0,71300,35062,9582,134,
0,71400,35117,9583,136,
0,71500,35182,9591,136,
0,71600,35218,9619,136,
0,71700,35272,9630,136,
0,71800,35317,9654,136,
0,71900,35335,9689,136,
0,72000,35385,9705,136,
0,72100,35432,9716,136,
0,72200,35459,9747,136,
0,72300,35489,9780,138,
0,72400,35536,9792,138,
0,72500,35579,9815,138,
0,72600,35601,9846,138,
0,72700,35651,9864,138,
0,72800,35701,9876,138,
0,72900,35763,9880,138,
0,73000,35816,9895,140,
0,73100,35875,9906,140,
0,73200,35935,9909,140,
0,73300,35963,9943,140,
0,73400,36000,9965,140,
0,73500,36055,9969,140,
0,73600,36102,9988,140,
0,73700,36132,10017,140,
0,73800,36184,10024,140,
0,73900,36225,10048,140,
0,74000,36243,10074,140,
0,74100,36306,10083,140,
0,74200,36364,10084,140,
0,74300,36406,10117,140,
0,74400,36469,10120,140,
0,74500,36514,10129,140,
0,74600,36559,10152,140,
0,74700,36584,10184,142,
0,74800,36660,10190,142,
0,74900,36724,10191,142,
0,75000,36782,10198,142,
0,75100,36841,10206,142,
0,75200,36894,10215,142,
0,75300,36932,10236,142,
0,75400,36952,10273,142,
0,75500,37010,10282,142,
0,75600,37056,10290,142,
0,75700,37085,10323,144,
0,75800,37147,10332,144,
0,75900,37202,10334,144,
0,76000,37268,10335,144,
0,76100,37327,10341,144,
0,76200,37389,10344,144,
0,76300,37443,10345,144,
0,76400,37472,10377,144,
0,76500,37528,10384,144,
0,76600,37578,10394,144,
0,76700,37620,10413,144,
0,76800,37648,10439,144,
0,76900,37696,10457,144,
0,77000,37743,10467,144,
0,77100,37805,10470,144,
0,77200,37861,10475,146,
0,77300,37915,10481,146,
0,77400,37978,10482,146,
0,77500,38035,10487,146,
0,77600,38098,10488,146,
0,77700,38158,10490,146,
0,77800,38193,10513,148,
0,77900,38259,10516,148,
0,78000,38318,10526,148,
0,78100,38363,10550,148,
0,78200,38386,10584,148,
0,78300,38444,10590,148,
0,78400,38498,10591,148,
0,78500,38534,10626,148,
0,78600,38570,10655,148,
0,78700,38629,10662,148,
0,78800,38691,10663,148,
0,78900,38709,10695,148,
0,79000,38777,10699,148,
0,79100,38842,10701,148,
0,79200,38876,10732,148,
0,79300,38933,10737,148,
0,79400,38987,10741,148,
0,79500,39049,10742,148,
0,79600,39108,10754,148,
0,79700,39153,10777,148,
0,79800,39198,10793,148,
0,79900,39225,10827,148,
0,80000,39282,10833,150,
0,80100,39332,10842,150,
0,80200,39377,10864,150,
0,80300,39404,10891,150,
0,80400,39470,10894,150,
0,80500,39526,10898,150,
0,80600,39579,10904,150,
0,80700,39608,10941,150,
0,80800,39652,10951,152,
0,80900,39690,10974,152,
0,81000,39713,11003,152,
0,81100,39771,11006,152,
0,81200,39827,11007,152,
0,81300,39888,11013,152,
0,81400,39944,11019,152,
0,81500,39995,11028,152,
0,81600,40059,11030,152,
0,81700,40110,11039,152,
0,81800,40162,11049,152,
0,81900,40217,11050,154,
0,82000,40253,11081,154,
0,82100,40310,11082,154,
0,82200,40361,11089,154,
0,82300,40404,11112,154,
0,82400,40460,11122,154,
0,82500,40509,11144,154,
0,82600,40563,11152,154,
0,82700,40595,11182,154,
0,82800,40649,11194,154,
0,82900,40709,11197,154,
0,83000,40767,11198,154,
0,83100,40817,11206,154,
0,83200,40878,11214,154,
0,83300,40931,11216,156,
0,83400,40991,11218,156,
0,83500,41049,11220,156,
0,83600,41097,11230,156,
0,83700,41139,11253,156,
0,83800,41162,11284,156,
0,83900,41232,11293,156,
0,84000,41284,11298,156,
0,84100,41316,11329,156,
0,84200,41375,11336,158,
0,84300,41423,11349,158,
0,84400,41470,11369,158,
0,84500,41518,11394,158,
0,84600,41560,11411,158,
0,84700,41603,11421,158,
0,84800,41659,11431,158,
0,84900,41728,11438,158,
0,85000,41787,11449,158,
0,85100,41847,11450,158,
0,85200,41868,11482,158,
0,85300,41919,11502,158,
0,85400,41969,11505,158,
0,85500,42003,11534,158,
0,85600,42039,11561,160,
0,85700,42092,11570,160,
0,85800,42143,11590,160,
0,85900,42168,11616,160,
0,86000,42232,11626,160,
0,86100,42292,11629,160,
0,86200,42358,11638,160,
0,86300,42409,11654,160,
0,86400,42464,11662,160,
