0,100,39,15,0,
0,200,93,19,2,
0,300,150,22,2,
0,400,208,23,2,
0,500,251,35,2,
0,600,310,36,2,
0,700,370,37,2,
0,800,399,70,5,
0,900,429,102,5,
0,1000,473,111,5,
0,1100,523,121,7,
0,1200,576,128,7,
0,1300,617,151,7,
0,1400,663,161,7,
0,1500,702,190,7,
0,1600,758,199,7,
0,1700,817,208,7,
0,1800,857,230,7,
0,1900,886,261,7,
0,2000,925,281,9,
0,2100,971,290,11,
0,2200,1029,297,13,
0,2300,1065,322,15,
0,2400,1114,333,15,
0,2500,1157,355,15,
0,2600,1195,382,15,
0,2700,1256,390,15,
0,2800,1310,391,15,
0,2900,1368,402,15,
0,3000,1431,407,15,
0,3100,1482,411,15,
0,3200,1544,412,15,
0,3300,1569,440,17,
0,3400,1611,457,17,
0,3500,1665,459,17,
0,3600,1701,488,17,
0,3700,1758,497,17,
0,3800,1808,504,19,
0,3900,1871,505,19,
0,4000,1900,535,19,
0,4100,1962,539,19,
0,4200,2018,540,21,
0,4300,2056,570,21,
0,4400,2114,573,21,
0,4500,2164,586,21,
0,4600,2231,590,21,
0,4700,2255,621,21,
0,4800,2293,642,21,
0,4900,2340,658,21,
0,5000,2381,688,21,
0,5100,2398,726,21,
0,5200,2449,737,23,
0,5300,2492,759,23,
0,5400,2516,795,23,
0,5500,2580,799,23,
0,5600,2639,800,23,
0,5700,2695,810,23,
0,5800,2746,827,23,
0,5900,2800,830,23,
0,6000,2873,831,23,
0,6100,2907,867,23,
0,6200,2966,872,23,
0,6300,3025,873,23,
0,6400,3050,906,25,
0,6500,3079,935,25,
0,6600,3137,944,27,
0,6700,3177,962,27,
0,6800,3211,986,29,
0,6900,3269,997,29,
0,7000,3329,998,31,
0,7100,3388,1006,31,
0,7200,3448,1007,33,
0,7300,3491,1017,33,
0,7400,3530,1039,35,
0,7500,3557,1062,37,
0,7600,3617,1064,37,
0,7700,3671,1070,37,
0,7800,3702,1106,37,
0,7900,3736,1138,37,
0,8000,3790,1148,37,
0,8100,3831,1173,37,
0,8200,3863,1202,37,
0,8300,3912,1220,37,
0,8400,3961,1232,37,
0,8500,3996,1261,37,
0,8600,4028,1294,37,
0,8700,4083,1300,37,
0,8800,4152,1301,37,
0,8900,4211,1311,37,
0,9000,4278,1312,37,
0,9100,4334,1313,37,
0,9200,4405,1316,37,
0,9300,4462,1321,39,
0,9400,4522,1330,39,
0,9500,4585,1332,39,
0,9600,4636,1336,39,
0,9700,4673,1355,39,
0,9800,4722,1366,39,
0,9900,4757,1394,39,
0,10000,4816,1405,39,
0,10100,4871,1412,39,
0,10200,4913,1432,39,
0,10300,4965,1441,39,
0,10400,5027,1445,39,
0,10500,5089,1446,39,
0,10600,5127,1471,39,
0,10700,5153,1502,41,
0,10800,5211,1508,41,
0,10900,5280,1509,41,
0,11000,5297,1542,41,
0,11100,5355,1551,41,
0,11200,5415,1553,41,
0,11300,5440,1589,41,
0,11400,5492,1613,41,
0,11500,5553,1618,41,
0,11600,5611,1619,41,
0,11700,5637,1653,41,
0,11800,5699,1657,41,
0,11900,5761,1658,41,
0,12000,5790,1688,43,
0,12100,5846,1689,43,
0,12200,5905,1694,43,
0,12300,5971,1695,43,
0,12400,6004,1718,43,
0,12500,6064,1724,43,
0,12600,6123,1727,43,
0,12700,6184,1731,43,
0,12800,6243,1734,43,
0,12900,6300,1739,43,
0,13000,6362,1749,43,
0,13100,6406,1753,45,
0,13200,6466,1756,45,
0,13300,6521,1758,45,
0,13400,6552,1785,47,
0,13500,6582,1814,47,
0,13600,6629,1823,47,
0,13700,6690,1830,47,
0,13800,6745,1833,47,
0,13900,6804,1836,47,
0,14000,6864,1837,47,
0,14100,6929,1844,47,
0,14200,6960,1878,47,
0,14300,7010,1882,47,
0,14400,7069,1883,47,
0,14500,7121,1885,47,
0,14600,7183,1887,47,
0,14700,7240,1888,49,
0,14800,7270,1925,49,
0,14900,7295,1954,49,
0,15000,7350,1955,49,
0,15100,7411,1956,49,
0,15200,7437,1988,49,
0,15300,7500,1992,49,
0,15400,7558,1993,49,
0,15500,7602,2023,49,
0,15600,7667,2025,49,
0,15700,7715,2033,49,
0,15800,7756,2059,49,
0,15900,7775,2092,51,
0,16000,7824,2111,51,
0,16100,7866,2123,51,
0,16200,7902,2155,51,
0,16300,7933,2189,51,
0,16400,7992,2190,53,
0,16500,8053,2191,53,
0,16600,8080,2219,53,
0,16700,8124,2241,53,
0,16800,8168,2254,53,
0,16900,8224,2261,53,
0,17000,8288,2267,53,
0,17100,8339,2275,53,
0,17200,8407,2277,53,
0,17300,8455,2279,53,
0,17400,8496,2300,53,
0,17500,8543,2307,55,
0,17600,8601,2311,55,
0,17700,8636,2341,55,
0,17800,8680,2353,55,
0,17900,8723,2377,55,
0,18000,8757,2410,55,
0,18100,8818,2414,55,
0,18200,8877,2420,55,
0,18300,8932,2424,55,
0,18400,8994,2429,55,
0,18500,9051,2435,55,
0,18600,9117,2436,55,
0,18700,9149,2467,55,
0,18800,9185,2487,55,
0,18900,9227,2500,55,
0,19000,9251,2534,55,
0,19100,9286,2560,55,
0,19200,9336,2565,57,
0,19300,9393,2566,59,
0,19400,9421,2596,59,
0,19500,9493,2598,59,
0,19600,9552,2599,59,
0,19700,9617,2603,59,
0,19800,9654,2630,59,
0,19900,9710,2635,59,
0,20000,9776,2636,59,
0,20100,9799,2671,61,
0,20200,9841,2693,61,
0,20300,9886,2703,61,
0,20400,9948,2708,61,
0,20500,10006,2711,63,
0,20600,10050,2719,63,
0,20700,10093,2745,63,
0,20800,10142,2748,65,
0,20900,10206,2749,65,
0,21000,10261,2753,67,
0,21100,10325,2760,67,
0,21200,10356,2787,67,
0,21300,10408,2791,67,
0,21400,10461,2796,67,
0,21500,10514,2800,67,
0,21600,10557,2825,67,
0,21700,10608,2832,67,
0,21800,10642,2868,67,
0,21900,10669,2903,67,
0,22000,10726,2913,69,
0,22100,10788,2920,69,
0,22200,10816,2949,69,
0,22300,10855,2974,69,
0,22400,10900,2986,69,
0,22500,10944,3017,69,
0,22600,11000,3022,69,
0,22700,11061,3026,69,
0,22800,11121,3027,69,
0,22900,11180,3036,69,
0,23000,11233,3053,69,
0,23100,11295,3059,69,
0,23200,11337,3092,69,
0,23300,11366,3120,69,
0,23400,11416,3129,69,
0,23500,11463,3153,71,
0,23600,11510,3162,73,
0,23700,11552,3187,73,
0,23800,11609,3197,73,
0,23900,11669,3206,73,
0,24000,11696,3235,73,
0,24100,11763,3237,73,
0,24200,11828,3239,73,
0,24300,11854,3271,73,
0,24400,11891,3291,73,
0,24500,11944,3299,73,
0,24600,11981,3337,73,
0,24700,12014,3365,73,
0,24800,12067,3374,73,
0,24900,12136,3375,73,
0,25000,12191,3379,73,
0,25100,12256,3382,73,
0,25200,12316,3383,73,
0,25300,12350,3412,73,
0,25400,12411,3419,73,
0,25500,12475,3423,73,
0,25600,12547,3425,73,
0,25700,12596,3433,73,
0,25800,12651,3445,73,
0,25900,12711,3446,73,
0,26000,12744,3478,73,
0,26100,12814,3481,73,
0,26200,12874,3490,73,
0,26300,12912,3511,73,
0,26400,12934,3539,75,
0,26500,12993,3547,75,
0,26600,13044,3549,75,
0,26700,13078,3577,75,
0,26800,13106,3608,75,
0,26900,13160,3614,75,
0,27000,13228,3616,75,
0,27100,13255,3649,75,
0,27200,13312,3661,75,
0,27300,13363,3667,75,
0,27400,13416,3673,75,
0,27500,13454,3702,77,
0,27600,13506,3713,77,
0,27700,13546,3736,77,
0,27800,13601,3738,77,
0,27900,13640,3762,77,
0,28000,13681,3770,77,
0,28100,13718,3800,77,
0,28200,13778,3802,77,
0,28300,13828,3812,77,
0,28400,13886,3814,77,
0,28500,13937,3824,79,
0,28600,13985,3844,79,
0,28700,14029,3853,79,
0,28800,14086,3857,79,
0,28900,14108,3887,79,
0,29000,14166,3896,79,
0,29100,14206,3917,79,
0,29200,14253,3921,81,
0,29300,14314,3933,81,
0,29400,14374,3934,81,
0,29500,14405,3965,81,
0,29600,14467,3969,81,
0,29700,14520,3971,81,
0,29800,14580,3972,81,
0,29900,14620,3995,81,
0,30000,14666,4015,81,
0,30100,14712,4027,81,
0,30200,14744,4059,81,
0,30300,14782,4091,81,
0,30400,14834,4102,81,
0,30500,14877,4123,81,
0,30600,14902,4154,81,
0,30700,14946,4182,81,
0,30800,14989,4191,81,
0,30900,15017,4225,81,
0,31000,15075,4232,81,
0,31100,15125,4237,81,
0,31200,15187,4239,81,
0,31300,15212,4275,81,
0,31400,15272,4282,81,
0,31500,15326,4283,81,
0,31600,15384,4290,81,
0,31700,15447,4292,81,
0,31800,15506,4296,83,
0,31900,15578,4297,83,
0,32000,15600,4326,83,
0,32100,15640,4349,83,
0,32200,15688,4361,83,
0,32300,15720,4391,83,
0,32400,15746,4421,83,
0,32500,15800,4429,83,
0,32600,15842,4450,83,
0,32700,15873,4484,83,
0,32800,15930,4495,83,
0,32900,15993,4496,83,
0,33000,16026,4530,83,
0,33100,16073,4552,83,
0,33200,16130,4561,83,
0,33300,16171,4581,83,
0,33400,16226,4584,83,
0,33500,16262,4606,85,
0,33600,16306,4614,85,
0,33700,16372,4619,85,
0,33800,16408,4647,85,
0,33900,16468,4649,85,
0,34000,16528,4650,85,
0,34100,16584,4654,85,
0,34200,16622,4676,85,
0,34300,16678,4683,85,
0,34400,16733,4690,85,
0,34500,16792,4695,85,
0,34600,16835,4704,85,
0,34700,16882,4726,85,
0,34800,16934,4738,85,
0,34900,16998,4741,85,
0,35000,17051,4742,85,
0,35100,17083,4771,87,
0,35200,17112,4806,87,
0,35300,17155,4810,89,
0,35400,17224,4811,89,
0,35500,17278,4819,89,
0,35600,17336,4820,89,
0,35700,17391,4823,89,
0,35800,17426,4850,89,
0,35900,17453,4882,89,
0,36000,17502,4892,89,
0,36100,17562,4894,89,
0,36200,17583,4930,89,
0,36300,17648,4931,89,
0,36400,17703,4932,89,
0,36500,17766,4937,89,
0,36600,17831,4942,89,
0,36700,17890,4950,89,
0,36800,17951,4953,89,
0,36900,18015,4955,89,
0,37000,18063,4977,89,
0,37100,18116,4979,89,
0,37200,18176,4985,89,
0,37300,18229,4999,89,
0,37400,18280,5002,89,
0,37500,18349,5003,89,
0,37600,18407,5007,89,
0,37700,18466,5014,89,
0,37800,18531,5015,89,
0,37900,18560,5045,89,
0,38000,18616,5048,89,
0,38100,18669,5058,89,
0,38200,18712,5079,89,
0,38300,18735,5109,89,
0,38400,18796,5113,89,
0,38500,18855,5114,89,
0,38600,18890,5145,89,
0,38700,18918,5173,89,
0,38800,18962,5183,89,
0,38900,18997,5205,89,
0,39000,19045,5220,89,
0,39100,19096,5240,89,
0,39200,19145,5251,89,
0,39300,19172,5287,89,
0,39400,19206,5318,89,
0,39500,19257,5322,89,
0,39600,19296,5344,89,
0,39700,19352,5345,89,
0,39800,19400,5363,91,
0,39900,19442,5373,91,
0,40000,19505,5379,91,
0,40100,19565,5385,91,
0,40200,19615,5388,91,
0,40300,19672,5389,91,
0,40400,19698,5421,91,
0,40500,19757,5429,91,
0,40600,19816,5430,91,
0,40700,19858,5462,91,
0,40800,19889,5493,91,
0,40900,19946,5497,91,
0,41000,19994,5520,91,
0,41100,20040,5532,91,
0,41200,20096,5536,93,
0,41300,20159,5537,93,
0,41400,20215,5547,93,
0,41500,20238,5583,93,
0,41600,20289,5592,93,
0,41700,20329,5614,93,
0,41800,20349,5650,93,
0,41900,20399,5674,93,
0,42000,20445,5686,93,
0,42100,20506,5700,93,
0,42200,20539,5731,93,
0,42300,20581,5740,93,
0,42400,20620,5759,95,
0,42500,20669,5767,95,
0,42600,20723,5787,95,
0,42700,20774,5789,95,
0,42800,20811,5820,95,
0,42900,20848,5850,95,
0,43000,20904,5857,95,
0,43100,20948,5879,95,
0,43200,20990,5889,95,
0,43300,21044,5905,95,
0,43400,21095,5909,97,
0,43500,21149,5911,97,
0,43600,21180,5945,97,
0,43700,21240,5954,97,
0,43800,21291,5961,97,
0,43900,21318,5989,97,
0,44000,21378,6007,97,
0,44100,21422,6013,97,
0,44200,21454,6042,97,
0,44300,21485,6070,97,
0,44400,21535,6075,97,
0,44500,21602,6076,97,
0,44600,21656,6080,97,
0,44700,21693,6102,99,
0,44800,21743,6113,99,
0,44900,21772,6146,99,
0,45000,21805,6174,99,
0,45100,21858,6186,99,
0,45200,21896,6208,99,
0,45300,21919,6245,99,
0,45400,21978,6260,99,
0,45500,22023,6269,99,
0,45600,22057,6308,99,
0,45700,22086,6336,99,
0,45800,22140,6348,99,
0,45900,22188,6371,99,
0,46000,22245,6374,99,
0,46100,22301,6380,99,
0,46200,22346,6389,99,
0,46300,22406,6392,99,
0,46400,22466,6396,99,
0,46500,22520,6408,99,
0,46600,22561,6430,99,
0,46700,22594,6462,99,
0,46800,22637,6483,99,
0,46900,22685,6490,99,
0,47000,22749,6501,99,
0,47100,22809,6505,99,
0,47200,22865,6510,99,
0,47300,22936,6520,99,
0,47400,22990,6524,99,
0,47500,23034,6547,99,
0,47600,23081,6558,99,
0,47700,23143,6564,99,
0,47800,23173,6597,103,
0,47900,23226,6603,103,
0,48000,23297,6605,103,
0,48100,23346,6626,103,
0,48200,23406,6633,103,
0,48300,23461,6634,103,
0,48400,23518,6637,103,
0,48500,23552,6666,103,
0,48600,23603,6674,103,
0,48700,23678,6677,103,
0,48800,23700,6707,103,
0,48900,23761,6713,103,
0,49000,23817,6714,103,
0,49100,23869,6722,103,
0,49200,23905,6750,105,
0,49300,23959,6761,105,
0,49400,23999,6785,105,
0,49500,24035,6812,105,
0,49600,24093,6817,105,
0,49700,24147,6818,105,
0,49800,24187,6852,105,
0,49900,24218,6882,105,
0,50000,24265,6894,105,
0,50100,24308,6911,105,
0,50200,24326,6938,107,
0,50300,24370,6959,107,
0,50400,24409,6973,109,
0,50500,24443,7007,109,
0,50600,24475,7035,109,
0,50700,24525,7041,109,
0,50800,24568,7067,109,
0,50900,24592,7097,109,
0,51000,24632,7118,109,
0,51100,24674,7130,109,
0,51200,24707,7161,109,
0,51300,24768,7164,109,
0,51400,24818,7177,109,
0,51500,24865,7198,109,
0,51600,24918,7203,109,
0,51700,24960,7224,109,
0,51800,25003,7235,109,
0,51900,25043,7257,109,
0,52000,25101,7267,109,
0,52100,25157,7270,109,
0,52200,25223,7273,109,
0,52300,25274,7283,109,
0,52400,25322,7307,109,
0,52500,25365,7316,109,
0,52600,25409,7344,109,
0,52700,25461,7353,109,
0,52800,25508,7366,109,
0,52900,25562,7373,109,
0,53000,25611,7384,109,
0,53100,25660,7406,109,
0,53200,25711,7414,109,
0,53300,25772,7421,109,
0,53400,25804,7457,109,
0,53500,25852,7468,109,
0,53600,25896,7487,109,
0,53700,25917,7517,111,
0,53800,25961,7536,113,
0,53900,26009,7538,113,
0,54000,26040,7573,113,
0,54100,26067,7610,113,
0,54200,26115,7616,113,
0,54300,26177,7617,113,
0,54400,26234,7625,113,
0,54500,26292,7647,115,
0,54600,26330,7655,117,
0,54700,26394,7659,117,
0,54800,26455,7668,117,
0,54900,26502,7676,117,
0,55000,26545,7704,117,
0,55100,26593,7716,117,
0,55200,26634,7741,117,
0,55300,26680,7750,117,
0,55400,26717,7781,117,
0,55500,26749,7812,117,
0,55600,26805,7815,119,
0,55700,26865,7818,119,
0,55800,26915,7820,119,
0,55900,26953,7839,119,
0,56000,27001,7845,119,
0,56100,27031,7874,119,
0,56200,27059,7904,119,
0,56300,27117,7907,119,
0,56400,27188,7908,119,
0,56500,27230,7923,119,
0,56600,27278,7944,119,
0,56700,27317,7955,119,
0,56800,27357,7989,119,
0,56900,27392,8015,119,
0,57000,27446,8018,119,
0,57100,27505,8020,119,
0,57200,27559,8027,119,
0,57300,27603,8052,121,
0,57400,27650,8059,121,
0,57500,27709,8070,121,
0,57600,27771,8070,121,
0,57700,27829,8074,121,
0,57800,27894,8075,121,
0,57900,27912,8108,121,
0,58000,27958,8132,121,
0,58100,28009,8142,121,
0,58200,28048,8171,121,
0,58300,28107,8179,121,
0,58400,28166,8183,121,
0,58500,28231,8185,121,
0,58600,28280,8191,123,
0,58700,28321,8210,123,
0,58800,28363,8223,123,
0,58900,28422,8229,123,
0,59000,28477,8235,123,
0,59100,28540,8244,123,
0,59200,28579,8266,123,
0,59300,28637,8271,123,
0,59400,28684,8292,123,
0,59500,28726,8303,123,
0,59600,28790,8311,123,
0,59700,28821,8347,123,
0,59800,28874,8357,125,
0,59900,28934,8367,125,
0,60000,28990,8376,125,
0,60100,29033,8398,125,
0,60200,29080,8410,125,
0,60300,29141,8417,125,
0,60400,29205,8420,125,
0,60500,29267,8424,125,
0,60600,29336,8426,125,
0,60700,29364,8461,125,
0,60800,29417,8473,125,
0,60900,29475,8474,125,
0,61000,29509,8504,125,
0,61100,29544,8538,125,
0,61200,29599,8548,125,
0,61300,29643,8570,125,
0,61400,29693,8581,125,
0,61500,29756,8583,125,
0,61600,29810,8584,125,
0,61700,29838,8615,125,
0,61800,29882,8634,125,
0,61900,29937,8637,125,
0,62000,30001,8638,125,
0,62100,30052,8645,125,
0,62200,30125,8647,125,
0,62300,30187,8648,125,
0,62400,30218,8677,125,
0,62500,30276,8687,125,
0,62600,30324,8698,125,
0,62700,30362,8720,125,
0,62800,30393,8745,125,
0,62900,30439,8765,125,
0,63000,30491,8777,125,
0,63100,30556,8785,125,
0,63200,30586,8815,125,
0,63300,30633,8823,125,
0,63400,30695,8829,125,
0,63500,30716,8856,127,
0,63600,30763,8878,127,
0,63700,30812,8889,129,
0,63800,30842,8922,129,
0,63900,30874,8958,129,
0,64000,30934,8962,129,
0,64100,30995,8968,129,
0,64200,31051,8977,129,
0,64300,31114,8982,131,
0,64400,31171,8985,131,
0,64500,31207,9016,131,
0,64600,31266,9017,131,
0,64700,31320,9028,133,
0,64800,31368,9054,133,
0,64900,31420,9057,133,
0,65000,31466,9078,133,
0,65100,31516,9088,133,
0,65200,31570,9094,133,
0,65300,31631,9099,133,
0,65400,31689,9102,133,
0,65500,31732,9125,133,
0,65600,31779,9140,135,
0,65700,31821,9161,135,
0,65800,31864,9170,135,
0,65900,31904,9201,135,
0,66000,31940,9228,135,
0,66100,31992,9231,135,
0,66200,32060,9232,135,
0,66300,32111,9242,135,
0,66400,32160,9262,135,
0,66500,32212,9272,135,
0,66600,32239,9303,135,
0,66700,32295,9313,135,
0,66800,32346,9321,135,
0,66900,32407,9323,135,
0,67000,32460,9329,135,
0,67100,32500,9347,135,
0,67200,32555,9357,135,
0,67300,32613,9362,135,
0,67400,32669,9366,137,
0,67500,32718,9372,137,
0,67600,32777,9375,137,
0,67700,32799,9409,137,
0,67800,32859,9420,137,
0,67900,32911,9428,137,
0,68000,32941,9457,137,
0,68100,33000,9460,137,
0,68200,33060,9469,137,
0,68300,33100,9497,137,
0,68400,33127,9533,139,
0,68500,33183,9544,141,
0,68600,33230,9545,141,
0,68700,33260,9575,141,
0,68800,33329,9577,141,
0,68900,33394,9581,141,
0,69000,33453,9587,141,
0,69100,33504,9589,143,
0,69200,33565,9595,143,
0,69300,33610,9605,143,
0,69400,33668,9609,143,
0,69500,33731,9615,143,
0,69600,33779,9623,143,
0,69700,33845,9629,143,
0,69800,33875,9657,143,
0,69900,33919,9675,145,
0,70000,33956,9686,145,
0,70100,34016,9692,145,
0,70200,34076,9696,147,
0,70300,34138,9703,147,
0,70400,34195,9706,147,
0,70500,34250,9709,147,
0,70600,34294,9730,147,
0,70700,34334,9743,149,
0,70800,34362,9778,149,
0,70900,34425,9785,149,
0,71000,34483,9788,149,
0,71100,34543,9789,149,
0,71200,34581,9809,149,
0,71300,34621,9833,149,
0,71400,34661,9842,149,
0,71500,34703,9872,149,
0,71600,34732,9899,149,
0,71700,34784,9907,149,
0,71800,34824,9929,149,
0,71900,34851,9962,149,
0,72000,34913,9968,149,
0,72100,34969,9971,151,
0,72200,34995,9998,151,
0,72300,35053,10000,151,
0,72400,35104,10004,151,
0,72500,35167,10005,151,
0,72600,35217,10010,151,
0,72700,35276,10015,151,
0,72800,35332,10016,151,
0,72900,35391,10018,151,
0,73000,35424,10050,153,
0,73100,35468,10058,153,
0,73200,35511,10080,153,
0,73300,35561,10083,153,
0,73400,35604,10103,153,
0,73500,35643,10113,153,
0,73600,35703,10125,153,
0,73700,35733,10154,153,
0,73800,35788,10159,153,
0,73900,35842,10174,153,
0,74000,35877,10205,153,
0,74100,35929,10224,153,
0,74200,35977,10236,153,
0,74300,36022,10259,155,
0,74400,36050,10289,155,
0,74500,36103,10299,155,
0,74600,36154,10323,155,
0,74700,36204,10327,155,
0,74800,36243,10348,155,
0,74900,36290,10358,155,
0,75000,36350,10363,155,
0,75100,36409,10381,155,
0,75200,36466,10386,155,
0,75300,36518,10405,155,
0,75400,36538,10437,155,
0,75500,36581,10458,155,
0,75600,36631,10466,155,
0,75700,36694,10468,155,
0,75800,36752,10470,155,
0,75900,36799,10481,155,
0,76000,36853,10497,155,
0,76100,36910,10499,155,
0,76200,36953,10520,155,
0,76300,36998,10528,155,
0,76400,37057,10531,155,
0,76500,37084,10561,155,
0,76600,37131,10571,155,
0,76700,37171,10591,155,
0,76800,37201,10616,157,
0,76900,37247,10637,157,
0,77000,37297,10644,157,
0,77100,37333,10674,157,
0,77200,37362,10712,159,
0,77300,37413,10723,159,
0,77400,37460,10745,159,
0,77500,37482,10774,159,
0,77600,37520,10796,159,
0,77700,37578,10805,159,
0,77800,37616,10835,159,
0,77900,37679,10842,159,
0,78000,37740,10845,159,
0,78100,37803,10846,159,
0,78200,37858,10851,159,
0,78300,37920,10855,159,
0,78400,37975,10856,159,
0,78500,38011,10884,159,
0,78600,38033,10917,159,
0,78700,38077,10927,159,
0,78800,38120,10949,159,
0,78900,38148,10978,159,
0,79000,38190,10998,159,
0,79100,38237,11010,159,
0,79200,38278,11042,159,
0,79300,38343,11048,159,
0,79400,38393,11058,159,
0,79500,38436,11076,159,
0,79600,38458,11112,159,
0,79700,38526,11120,159,
0,79800,38588,11121,159,
0,79900,38650,11125,159,
0,80000,38675,11159,159,
0,80100,38721,11168,159,
0,80200,38771,11186,159,
0,80300,38800,11212,159,
0,80400,38839,11231,159,
0,80500,38884,11241,159,
0,80600,38909,11276,159,
0,80700,38936,11312,159,
0,80800,38982,11322,159,
0,80900,39020,11347,159,
0,81000,39047,11380,159,
0,81100,39084,11404,159,
0,81200,39133,11414,159,
0,81300,39194,11425,159,
0,81400,39226,11458,159,
0,81500,39281,11468,159,
0,81600,39320,11489,159,
0,81700,39357,11519,159,
0,81800,39413,11539,159,
0,81900,39458,11548,159,
0,82000,39517,11556,159,
0,82100,39551,11587,159,
0,82200,39595,11598,159,
0,82300,39638,11619,159,
0,82400,39665,11653,159,
0,82500,39706,11676,159,
0,82600,39770,11685,161,
0,82700,39831,11689,161,
0,82800,39891,11692,161,
0,82900,39934,11703,161,
0,83000,39977,11727,161,
0,83100,40028,11737,161,
0,83200,40088,11741,163,
0,83300,40147,11742,163,
0,83400,40179,11768,163,
0,83500,40241,11772,163,
0,83600,40303,11783,163,
0,83700,40350,11802,163,
0,83800,40381,11830,163,
0,83900,40444,11831,163,
0,84000,40498,11833,163,
0,84100,40558,11840,163,
0,84200,40587,11869,165,
0,84300,40640,11875,165,
0,84400,40710,11876,165,
0,84500,40763,11881,165,
0,84600,40808,11897,165,
0,84700,40863,11908,165,
0,84800,40903,11938,165,
0,84900,40936,11972,165,
0,85000,40987,11981,165,
0,85100,41028,12005,165,
0,85200,41077,12027,165,
0,85300,41114,12050,165,
0,85400,41157,12058,165,
0,85500,41219,12064,165,
0,85600,41246,12099,165,
0,85700,41303,12103,165,
0,85800,41372,12104,165,
0,85900,41426,12107,165,
0,86000,41468,12128,165,
0,86100,41512,12140,167,
0,86200,41571,12146,167,
0,86300,41630,12147,169,
0,86400,41700,12147,169,
