0,100,34,9,0,
0,200,66,35,0,
0,300,110,44,0,
0,400,158,66,0,
0,500,184,100,0,
0,600,244,103,0,
0,700,304,104,0,
0,800,339,131,0,
0,900,375,161,0,
0,1000,421,171,0,
0,1100,459,194,0,
0,1200,517,204,0,
0,1300,575,211,0,
0,1400,630,212,0,
0,1500,663,243,0,
0,1600,692,270,0,
0,1700,737,277,0,
0,1800,773,296,0,
0,1900,801,322,2,
0,2000,840,345,2,
0,2100,886,359,2,
0,2200,932,390,2,
0,2300,987,394,2,
0,2400,1027,403,4,
0,2500,1064,427,4,
0,2600,1094,458,4,
0,2700,1135,476,4,
0,2800,1187,491,4,
0,2900,1219,524,4,
0,3000,1246,562,4,
0,3100,1288,571,6,
0,3200,1330,595,6,
0,3300,1349,627,6,
0,3400,1389,650,6,
0,3500,1433,660,6,
0,3600,1468,694,6,
0,3700,1509,725,6,
0,3800,1557,734,6,
0,3900,1599,754,6,
0,4000,1642,783,6,
0,4100,1705,789,6,
0,4200,1758,791,6,
0,4300,1789,822,6,
0,4400,1851,828,6,
0,4500,1903,838,6,
0,4600,1941,857,6,
0,4700,1992,859,6,
0,4800,2051,860,6,
0,4900,2109,861,6,
0,5000,2177,869,6,
0,5100,2217,899,6,
0,5200,2275,908,6,
0,5300,2322,931,6,
0,5400,2378,936,6,
0,5500,2441,940,8,
0,5600,2490,941,8,
0,5700,2512,972,8,
0,5800,2566,976,8,
0,5900,2624,983,8,
0,6000,2661,1006,8,
0,6100,2686,1036,8,
0,6200,2746,1038,8,
0,6300,2796,1039,10,
0,6400,2826,1068,12,
0,6500,2884,1079,12,
0,6600,2941,1086,12,
0,6700,2981,1107,12,
0,6800,2997,1142,12,
0,6900,3037,1162,12,
0,7000,3084,1172,12,
0,7100,3118,1205,12,
0,7200,3172,1213,12,
0,7300,3229,1220,12,
0,7400,3298,1221,12,
0,7500,3361,1224,12,
0,7600,3402,1244,12,
0,7700,3444,1254,12,
0,7800,3484,1286,14,
0,7900,3539,1290,16,
0,8000,3602,1298,16,
0,8100,3639,1323,16,
0,8200,3662,1353,16,
0,8300,3722,1369,16,
0,8400,3768,1381,16,
0,8500,3804,1410,16,
0,8600,3838,1440,16,
0,8700,3890,1445,16,
0,8800,3958,1446,16,
0,8900,3984,1481,16,
0,9000,4030,1501,16,
0,9100,4076,1510,16,
0,9200,4115,1545,16,
0,9300,4147,1575,16,
0,9400,4198,1580,16,
0,9500,4256,1582,16,
0,9600,4276,1615,16,
0,9700,4319,1639,16,
0,9800,4363,1651,16,
0,9900,4415,1685,16,
0,10000,4467,1691,16,
0,10100,4523,1699,18,
0,10200,4578,1706,18,
0,10300,4608,1733,18,
0,10400,4658,1753,18,
0,10500,4703,1764,20,
0,10600,4737,1800,20,
0,10700,4783,1825,20,
0,10800,4839,1834,20,
0,10900,4899,1836,20,
0,11000,4951,1838,20,
0,11100,5012,1839,20,
0,11200,5069,1845,20,
0,11300,5129,1848,20,
0,11400,5164,1882,20,
0,11500,5213,1891,20,
0,11600,5258,1910,20,
0,11700,5288,1942,20,
0,11800,5335,1961,20,
0,11900,5386,1975,20,
0,12000,5418,2007,20,
0,12100,5442,2038,20,
0,12200,5501,2040,20,
0,12300,5567,2041,20,
0,12400,5601,2069,20,
0,12500,5665,2074,20,
0,12600,5720,2077,20,
0,12700,5787,2082,20,
0,12800,5839,2094,20,
0,12900,5888,2103,20,
0,13000,5936,2127,20,
0,13100,5984,2132,20,
0,13200,6019,2154,20,
0,13300,6066,2165,20,
0,13400,6099,2198,20,
0,13500,6159,2204,20,
0,13600,6208,2213,20,
0,13700,6245,2232,20,
0,13800,6265,2266,20,
0,13900,6330,2269,20,
0,14000,6385,2271,20,
0,14100,6408,2302,20,
0,14200,6469,2303,20,
0,14300,6513,2315,20,
0,14400,6561,2343,20,
0,14500,6583,2375,20,
0,14600,6647,2377,20,
0,14700,6715,2378,20,
0,14800,6755,2407,20,
0,14900,6817,2415,20,
0,15000,6873,2420,22,
0,15100,6940,2421,22,
0,15200,6964,2449,22,
0,15300,7021,2468,22,
0,15400,7069,2479,22,
0,15500,7130,2488,22,
0,15600,7155,2521,22,
0,15700,7204,2528,22,
0,15800,7269,2529,22,
0,15900,7289,2561,22,
0,16000,7336,2586,22,
0,16100,7377,2594,22,
0,16200,7438,2598,22,
0,16300,7482,2622,25,
0,16400,7532,2632,25,
0,16500,7573,2657,25,
0,16600,7597,2688,27,
0,16700,7641,2709,27,
0,16800,7685,2718,27,
0,16900,7743,2727,27,
0,17000,7808,2732,27,
0,17100,7866,2735,27,
0,17200,7925,2736,27,
0,17300,7944,2769,27,
0,17400,8006,2775,27,
0,17500,8062,2777,27,
0,17600,8098,2804,27,
0,17700,8137,2832,27,
0,17800,8193,2840,27,
0,17900,8239,2862,27,
0,18000,8269,2891,29,
0,18100,8311,2910,29,
0,18200,8360,2922,29,
0,18300,8400,2952,29,
0,18400,8431,2982,31,
0,18500,8490,2989,31,
0,18600,8557,2990,31,
0,18700,8582,3018,31,
0,18800,8631,3032,31,
0,18900,8685,3042,31,
0,19000,8719,3073,31,
0,19100,8748,3103,31,
0,19200,8798,3112,31,
0,19300,8840,3135,31,
0,19400,8880,3163,31,
0,19500,8923,3180,31,
0,19600,8968,3189,31,
0,19700,9008,3214,31,
0,19800,9070,3222,31,
0,19900,9131,3225,31,
0,20000,9194,3226,31,
0,20100,9231,3257,33,
0,20200,9284,3277,33,
0,20300,9350,3288,33,
0,20400,9389,3318,33,
0,20500,9421,3348,37,
0,20600,9472,3359,37,
0,20700,9509,3380,39,
0,20800,9536,3408,39,
0,20900,9570,3431,39,
0,21000,9621,3440,39,
0,21100,9680,3462,39,
0,21200,9734,3483,41,
0,21300,9787,3486,41,
0,21400,9849,3487,41,
0,21500,9883,3518,41,
0,21600,9925,3536,41,
0,21700,9970,3548,41,
0,21800,10034,3553,41,
0,21900,10060,3586,41,
0,22000,10112,3590,41,
0,22100,10185,3591,41,
0,22200,10215,3622,41,
0,22300,10278,3627,41,
0,22400,10333,3635,41,
0,22500,10369,3661,41,
0,22600,10405,3687,43,
0,22700,10463,3691,43,
0,22800,10528,3692,43,
0,22900,10558,3724,43,
0,23000,10614,3734,45,
0,23100,10667,3741,49,
0,23200,10696,3771,49,
0,23300,10735,3796,49,
0,23400,10782,3805,49,
0,23500,10827,3820,49,
0,23600,10849,3855,49,
0,23700,10908,3872,49,
0,23800,10959,3881,49,
0,23900,11019,3885,49,
0,24000,11049,3920,49,
0,24100,11095,3932,49,
0,24200,11142,3948,51,
0,24300,11191,3958,51,
0,24400,11250,3960,51,
0,24500,11303,3962,51,
0,24600,11332,3994,51,
0,24700,11389,3998,51,
0,24800,11444,4003,51,
0,24900,11520,4005,51,
0,25000,11565,4016,51,
0,25100,11627,4025,51,
0,25200,11691,4028,51,
0,25300,11743,4038,51,
0,25400,11798,4043,51,
0,25500,11840,4052,51,
0,25600,11874,4077,51,
0,25700,11929,4082,51,
0,25800,11988,4084,51,
0,25900,12036,4085,51,
0,26000,12100,4088,51,
0,26100,12161,4091,51,
0,26200,12209,4100,51,
0,26300,12269,4101,51,
0,26400,12326,4114,51,
0,26500,12386,4117,51,
0,26600,12446,4118,51,
0,26700,12508,4122,51,
0,26800,12539,4151,54,
0,26900,12592,4157,54,
0,27000,12649,4159,54,
0,27100,12667,4192,56,
0,27200,12725,4195,56,
0,27300,12787,4197,56,
0,27400,12823,4225,56,
0,27500,12885,4236,56,
0,27600,12949,4246,56,
0,27700,12988,4268,56,
0,27800,13008,4299,56,
0,27900,13042,4320,56,
0,28000,13092,4323,58,
0,28100,13122,4353,58,
0,28200,13154,4382,58,
0,28300,13212,4390,58,
0,28400,13246,4413,58,
0,28500,13291,4421,58,
0,28600,13336,4438,58,
0,28700,13384,4450,58,
0,28800,13415,4479,58,
0,28900,13449,4507,60,
0,29000,13507,4508,60,
0,29100,13575,4509,60,
0,29200,13626,4513,60,
0,29300,13685,4517,60,
0,29400,13745,4519,60,
0,29500,13806,4521,60,
0,29600,13853,4540,60,
0,29700,13904,4549,60,
0,29800,13967,4552,60,
0,29900,14010,4568,60,
0,30000,14064,4589,60,
0,30100,14110,4597,62,
0,30200,14171,4606,62,
0,30300,14205,4636,62,
0,30400,14263,4642,62,
0,30500,14320,4649,62,
0,30600,14378,4656,62,
0,30700,14451,4664,62,
0,30800,14512,4666,64,
0,30900,14568,4672,64,
0,31000,14631,4674,64,
0,31100,14677,4681,64,
0,31200,14722,4701,64,
0,31300,14766,4725,64,
0,31400,14838,4728,64,
0,31500,14900,4729,64,
0,31600,14932,4760,64,
0,31700,14963,4789,64,
0,31800,15023,4791,64,
0,31900,15089,4792,64,
0,32000,15109,4824,64,
0,32100,15171,4832,64,
0,32200,15229,4833,64,
0,32300,15257,4862,64,
0,32400,15295,4882,64,
0,32500,15357,4893,64,
0,32600,15397,4910,64,
0,32700,15459,4913,64,
0,32800,15526,4917,64,
0,32900,15584,4918,64,
0,33000,15612,4949,64,
0,33100,15670,4957,64,
0,33200,15733,4958,64,
0,33300,15799,4959,64,
0,33400,15846,4970,64,
0,33500,15886,4985,64,
0,33600,15930,4995,64,
0,33700,15965,5025,64,
0,33800,16027,5036,66,
0,33900,16072,5048,66,
0,34000,16116,5065,66,
0,34100,16131,5097,70,
0,34200,16175,5120,70,
0,34300,16224,5133,70,
0,34400,16287,5139,70,
0,34500,16349,5142,70,
0,34600,16400,5148,70,
0,34700,16438,5168,70,
0,34800,16494,5171,70,
0,34900,16539,5192,70,
0,35000,16598,5203,70,
0,35100,16653,5209,70,
0,35200,16708,5210,70,
0,35300,16768,5212,70,
0,35400,16826,5213,70,
0,35500,16855,5244,70,
0,35600,16920,5246,70,
0,35700,16980,5247,70,
0,35800,17026,5261,70,
0,35900,17091,5268,70,
0,36000,17146,5278,70,
0,36100,17191,5301,70,
0,36200,17236,5318,70,
0,36300,17281,5337,70,
0,36400,17327,5349,70,
0,36500,17356,5377,70,
0,36600,17389,5410,70,
0,36700,17440,5420,70,
0,36800,17480,5443,70,
0,36900,17505,5477,70,
0,37000,17547,5499,72,
0,37100,17585,5513,72,
0,37200,17618,5535,72,
0,37300,17652,5559,74,
0,37400,17702,5564,74,
0,37500,17761,5572,74,
0,37600,17781,5602,74,
0,37700,17822,5623,74,
0,37800,17862,5634,74,
0,37900,17899,5661,74,
0,38000,17959,5664,74,
0,38100,18013,5673,74,
0,38200,18052,5695,74,
0,38300,18072,5724,74,
0,38400,18125,5737,74,
0,38500,18171,5748,76,
0,38600,18226,5759,76,
0,38700,18259,5787,76,
0,38800,18312,5794,76,
0,38900,18348,5815,76,
0,39000,18371,5847,78,
0,39100,18417,5866,78,
0,39200,18463,5875,78,
0,39300,18521,5877,78,
0,39400,18579,5880,78,
0,39500,18633,5887,78,
0,39600,18679,5910,78,
0,39700,18733,5918,78,
0,39800,18776,5940,78,
0,39900,18822,5948,78,
0,40000,18851,5980,78,
0,40100,18884,6014,78,
0,40200,18944,6018,78,
0,40300,19010,6019,78,
0,40400,19046,6046,78,
0,40500,19104,6049,78,
0,40600,19166,6050,78,
0,40700,19206,6073,78,
0,40800,19252,6097,78,
0,40900,19305,6104,78,
0,41000,19349,6130,78,
0,41100,19403,6132,78,
0,41200,19441,6152,78,
0,41300,19488,6161,78,
0,41400,19523,6192,78,
0,41500,19554,6227,78,
0,41600,19607,6235,78,
0,41700,19672,6237,78,
0,41800,19729,6243,78,
0,41900,19794,6244,78,
0,42000,19853,6245,78,
0,42100,19887,6275,78,
0,42200,19914,6308,78,
0,42300,19965,6319,78,
0,42400,20010,6336,78,
0,42500,20066,6343,78,
0,42600,20128,6351,80,
0,42700,20180,6352,80,
0,42800,20231,6369,80,
0,42900,20270,6399,80,
0,43000,20322,6405,80,
0,43100,20380,6408,80,
0,43200,20436,6412,80,
0,43300,20507,6417,80,
0,43400,20559,6418,80,
0,43500,20593,6442,82,
0,43600,20634,6476,82,
0,43700,20673,6486,84,
0,43800,20716,6512,84,
0,43900,20777,6518,86,
0,44000,20846,6525,86,
0,44100,20902,6526,86,
0,44200,20934,6561,86,
0,44300,20996,6563,86,
0,44400,21049,6566,86,
0,44500,21114,6567,86,
0,44600,21141,6593,86,
0,44700,21180,6615,86,
0,44800,21226,6628,86,
0,44900,21270,6659,86,
0,45000,21297,6691,86,
0,45100,21337,6700,86,
0,45200,21376,6720,86,
0,45300,21430,6723,86,
0,45400,21486,6729,86,
0,45500,21544,6730,86,
0,45600,21604,6734,86,
0,45700,21637,6763,86,
0,45800,21686,6771,86,
0,45900,21727,6794,86,
0,46000,21752,6823,88,
0,46100,21798,6844,88,
0,46200,21857,6853,88,
0,46300,21888,6883,88,
0,46400,21933,6913,88,
0,46500,21993,6918,88,
0,46600,22054,6920,88,
0,46700,22073,6951,88,
0,46800,22118,6967,90,
0,46900,22185,6971,90,
0,47000,22223,7004,90,
0,47100,22255,7034,90,
0,47200,22308,7042,90,
0,47300,22370,7043,90,
0,47400,22411,7066,90,
0,47500,22445,7084,90,
0,47600,22489,7095,90,
0,47700,22548,7098,90,
0,47800,22614,7101,90,
0,47900,22658,7112,90,
0,48000,22695,7136,90,
0,48100,22714,7168,90,
0,48200,22773,7189,90,
0,48300,22819,7203,90,
0,48400,22852,7233,90,
0,48500,22891,7259,90,
0,48600,22953,7262,90,
0,48700,23019,7263,90,
0,48800,23071,7266,90,
0,48900,23131,7275,90,
0,49000,23185,7276,90,
0,49100,23220,7305,90,
0,49200,23281,7312,90,
0,49300,23337,7318,90,
0,49400,23382,7339,90,
0,49500,23433,7346,90,
0,49600,23496,7349,90,
0,49700,23554,7351,90,
0,49800,23580,7381,90,
0,49900,23607,7412,90,
0,50000,23658,7422,90,
0,50100,23703,7443,90,
0,50200,23752,7447,90,
0,50300,23800,7468,90,
0,50400,23843,7479,90,
0,50500,23902,7488,90,
0,50600,23953,7499,90,
0,50700,24007,7503,90,
0,50800,24075,7504,90,
0,50900,24097,7535,92,
0,51000,24157,7538,92,
0,51100,24217,7539,92,
0,51200,24258,7565,92,
0,51300,24298,7596,92,
0,51400,24356,7605,92,
0,51500,24416,7612,92,
0,51600,24471,7621,94,
0,51700,24516,7645,94,
0,51800,24564,7656,94,
0,51900,24607,7683,96,
0,52000,24645,7718,96,
0,52100,24700,7721,96,
0,52200,24764,7722,96,
0,52300,24815,7751,96,
0,52400,24877,7755,96,
0,52500,24934,7756,96,
0,52600,24994,7762,96,
0,52700,25026,7795,96,
0,52800,25074,7803,96,
0,52900,25120,7822,96,
0,53000,25140,7851,96,
0,53100,25201,7858,96,
0,53200,25248,7864,96,
0,53300,25283,7896,98,
0,53400,25342,7901,98,
0,53500,25382,7912,100,
0,53600,25423,7933,100,
0,53700,25478,7937,100,
0,53800,25539,7945,100,
0,53900,25605,7947,100,
0,54000,25636,7977,100,
0,54100,25663,8007,102,
0,54200,25719,8019,102,
0,54300,25757,8041,102,
0,54400,25784,8073,102,
0,54500,25835,8093,102,
0,54600,25894,8100,102,
0,54700,25956,8103,102,
0,54800,26019,8106,102,
0,54900,26068,8115,102,
0,55000,26104,8139,102,
0,55100,26136,8162,102,
0,55200,26196,8168,102,
0,55300,26248,8169,102,
0,55400,26302,8182,102,
0,55500,26364,8185,102,
0,55600,26416,8196,102,
0,55700,26453,8216,102,
0,55800,26505,8225,102,
0,55900,26550,8251,102,
0,56000,26594,8260,102,
0,56100,26627,8286,102,
0,56200,26657,8317,102,
0,56300,26716,8319,102,
0,56400,26783,8320,102,
0,56500,26817,8346,102,
0,56600,26860,8368,102,
0,56700,26916,8378,102,
0,56800,26977,8383,102,
0,56900,27015,8418,102,
0,57000,27071,8419,102,
0,57100,27133,8420,102,
0,57200,27166,8444,102,
0,57300,27233,8448,102,
0,57400,27293,8450,102,
0,57500,27325,8477,102,
0,57600,27387,8482,102,
0,57700,27438,8486,104,
0,57800,27505,8487,104,
0,57900,27557,8494,104,
0,58000,27617,8495,106,
0,58100,27671,8496,106,
0,58200,27728,8502,106,
0,58300,27786,8503,106,
0,58400,27834,8513,106,
0,58500,27877,8532,106,
0,58600,27895,8565,108,
0,58700,27956,8566,108,
0,58800,28019,8567,108,
0,58900,28058,8598,108,
0,59000,28122,8610,108,
0,59100,28175,8621,108,
0,59200,28243,8622,108,
0,59300,28275,8648,108,
0,59400,28329,8653,108,
0,59500,28384,8658,108,
0,59600,28431,8688,108,
0,59700,28494,8697,110,
0,59800,28539,8709,110,
0,59900,28598,8725,110,
0,60000,28620,8753,110,
0,60100,28661,8771,110,
0,60200,28704,8779,110,
0,60300,28739,8808,110,
0,60400,28774,8835,110,
0,60500,28815,8844,110,
0,60600,28862,8863,110,
0,60700,28880,8897,110,
0,60800,28935,8916,110,
0,60900,28976,8929,110,
0,61000,29011,8953,110,
0,61100,29066,8954,112,
0,61200,29111,8967,112,
0,61300,29155,8982,112,
0,61400,29206,8984,112,
0,61500,29250,9005,112,
0,61600,29298,9018,112,
0,61700,29359,9020,112,
0,61800,29389,9052,112,
0,61900,29441,9065,112,
0,62000,29485,9086,112,
0,62100,29510,9118,112,
0,62200,29556,9135,112,
0,62300,29605,9143,112,
0,62400,29641,9170,112,
0,62500,29674,9203,112,
0,62600,29727,9208,112,
0,62700,29800,9209,112,
0,62800,29861,9221,112,
0,62900,29917,9244,114,
0,63000,29968,9245,114,
0,63100,30000,9275,114,
0,63200,30059,9278,114,
0,63300,30124,9287,114,
0,63400,30191,9294,116,
0,63500,30221,9319,116,
0,63600,30284,9325,116,
0,63700,30343,9328,116,
0,63800,30370,9363,116,
0,63900,30431,9369,116,
0,64000,30486,9378,116,
0,64100,30521,9400,116,
0,64200,30548,9430,116,
0,64300,30592,9452,116,
0,64400,30652,9458,118,
0,64500,30698,9488,118,
0,64600,30757,9494,118,
0,64700,30809,9499,118,
0,64800,30875,9501,118,
0,64900,30898,9531,118,
0,65000,30935,9548,118,
0,65100,30981,9555,120,
0,65200,31019,9586,120,
0,65300,31046,9613,120,
0,65400,31096,9620,120,
0,65500,31133,9642,120,
0,65600,31187,9653,120,
0,65700,31259,9656,120,
0,65800,31322,9657,120,
0,65900,31378,9675,120,
0,66000,31438,9678,120,
0,66100,31503,9684,120,
0,66200,31568,9685,120,
0,66300,31587,9716,120,
0,66400,31651,9719,120,
0,66500,31702,9720,120,
0,66600,31731,9756,120,
0,66700,31761,9787,120,
0,66800,31823,9795,120,
0,66900,31859,9816,120,
0,67000,31883,9844,120,
0,67100,31943,9851,120,
0,67200,31999,9852,120,
0,67300,32033,9886,120,
0,67400,32087,9895,120,
0,67500,32153,9900,120,
0,67600,32213,9901,120,
0,67700,32232,9934,120,
0,67800,32281,9953,120,
0,67900,32330,9962,120,
0,68000,32362,9990,120,
0,68100,32412,10002,122,
0,68200,32470,10003,122,
0,68300,32538,10006,122,
0,68400,32582,10014,122,
0,68500,32638,10017,122,
0,68600,32691,10018,122,
0,68700,32752,10022,122,
0,68800,32816,10031,122,
0,68900,32879,10035,122,
0,69000,32943,10037,122,
0,69100,32995,10048,122,
0,69200,33056,10052,122,
0,69300,33109,10053,122,
0,69400,33137,10088,122,
0,69500,33196,10091,122,
0,69600,33258,10094,122,
0,69700,33326,10095,122,
0,69800,33357,10129,122,
0,69900,33421,10130,124,
0,70000,33483,10131,124,
0,70100,33510,10166,124,
0,70200,33539,10198,124,
0,70300,33588,10206,124,
0,70400,33631,10230,124,
0,70500,33657,10264,124,
0,70600,33702,10282,124,
0,70700,33747,10292,124,
0,70800,33806,10298,124,
0,70900,33871,10302,124,
0,71000,33924,10313,124,
0,71100,33969,10334,124,
0,71200,34022,10338,126,
0,71300,34086,10341,126,
0,71400,34146,10342,126,
0,71500,34180,10374,126,
0,71600,34243,10378,126,
0,71700,34296,10385,128,
0,71800,34365,10389,128,
0,71900,34383,10420,130,
0,72000,34429,10443,130,
0,72100,34484,10445,130,
0,72200,34543,10448,130,
0,72300,34603,10452,130,
0,72400,34657,10461,130,
0,72500,34696,10484,130,
0,72600,34722,10509,130,
0,72700,34768,10527,130,
0,72800,34819,10528,130,
0,72900,34849,10563,130,
0,73000,34911,10565,130,
0,73100,34971,10570,130,
0,73200,35042,10571,130,
0,73300,35094,10577,130,
0,73400,35139,10595,130,
0,73500,35190,10602,130,
0,73600,35220,10636,130,
0,73700,35252,10669,130,
0,73800,35306,10677,130,
0,73900,35342,10701,130,
0,74000,35362,10735,130,
0,74100,35410,10757,130,
0,74200,35460,10768,130,
0,74300,35522,10771,130,
0,74400,35582,10774,130,
0,74500,35640,10777,130,
0,74600,35699,10778,130,
0,74700,35743,10784,130,
0,74800,35786,10802,130,
0,74900,35841,10804,130,
0,75000,35875,10833,132,
0,75100,35943,10848,132,
0,75200,35999,10849,134,
0,75300,36062,10850,134,
0,75400,36114,10856,134,
0,75500,36148,10874,134,
0,75600,36197,10888,134,
0,75700,36223,10923,134,
0,75800,36255,10957,134,
0,75900,36304,10967,134,
0,76000,36347,10989,136,
0,76100,36373,11016,136,
0,76200,36409,11040,136,
0,76300,36456,11047,136,
0,76400,36511,11053,136,
0,76500,36573,11055,136,
0,76600,36621,11063,136,
0,76700,36663,11090,136,
0,76800,36692,11113,136,
0,76900,36754,11115,136,
0,77000,36819,11116,136,
0,77100,36853,11145,136,
0,77200,36880,11174,136,
0,77300,36930,11184,136,
0,77400,36975,11205,136,
0,77500,36998,11241,136,
0,77600,37064,11244,136,
0,77700,37135,11245,136,
0,77800,37202,11250,136,
0,77900,37260,11251,136,
0,78000,37314,11255,136,
0,78100,37376,11256,136,
0,78200,37398,11285,136,
0,78300,37447,11308,136,
0,78400,37491,11319,136,
0,78500,37556,11322,136,
0,78600,37593,11351,136,
0,78700,37652,11358,136,
0,78800,37727,11360,136,
0,78900,37776,11363,136,
0,79000,37841,11367,136,
0,79100,37898,11368,136,
0,79200,37954,11373,136,
0,79300,37988,11404,136,
0,79400,38044,11409,136,
0,79500,38100,11410,136,
0,79600,38119,11441,136,
0,79700,38182,11445,138,
0,79800,38239,11446,138,
0,79900,38300,11454,138,
0,80000,38356,11462,138,
0,80100,38405,11469,138,
0,80200,38451,11490,138,
0,80300,38499,11501,138,
0,80400,38544,11525,138,
0,80500,38590,11537,138,
0,80600,38617,11576,138,
0,80700,38679,11581,138,
0,80800,38736,11592,138,
0,80900,38796,11597,138,
0,81000,38849,11599,138,
0,81100,38899,11616,138,
0,81200,38940,11626,140,
0,81300,38999,11632,140,
0,81400,39042,11655,142,
0,81500,39095,11661,142,
0,81600,39149,11669,142,
0,81700,39173,11700,142,
0,81800,39215,11713,142,
0,81900,39277,11717,142,
0,82000,39339,11718,142,
0,82100,39396,11723,142,
0,82200,39456,11728,142,
0,82300,39519,11729,142,
0,82400,39566,11735,142,
0,82500,39607,11757,142,
0,82600,39658,11770,142,
0,82700,39685,11803,142,
0,82800,39724,11829,142,
0,82900,39770,11838,144,
0,83000,39835,11840,144,
0,83100,39858,11869,144,
0,83200,39902,11890,144,
0,83300,39956,11899,144,
0,83400,40017,11901,144,
0,83500,40077,11906,144,
0,83600,40136,11908,144,
0,83700,40200,11909,144,
0,83800,40258,11912,144,
0,83900,40315,11913,146,
0,84000,40376,11914,146,
0,84100,40420,11940,146,
0,84200,40446,11971,146,
0,84300,40496,11975,148,
0,84400,40564,11976,148,
0,84500,40593,12006,148,
0,84600,40647,12008,148,
0,84700,40701,12009,148,
0,84800,40742,12030,150,
0,84900,40810,12042,150,
0,85000,40862,12052,150,
0,85100,40914,12075,150,
0,85200,40938,12107,150,
0,85300,40982,12127,150,
0,85400,41024,12138,152,
0,85500,41054,12166,152,
0,85600,41110,12172,152,
0,85700,41172,12182,152,
0,85800,41213,12205,152,
0,85900,41261,12211,152,
0,86000,41300,12236,152,
0,86100,41349,12245,152,
0,86200,41385,12275,152,
0,86300,41446,12283,152,
0,86400,41501,12284,152,
