0,100,33,20,0,
0,200,64,43,0,
0,300,112,51,2,
0,400,153,68,4,
0,500,169,105,4,
0,600,227,108,4,
0,700,284,109,4,
0,800,310,139,4,
0,900,343,174,4,
0,1000,394,183,4,
0,1100,440,204,4,
0,1200,492,211,4,
0,1300,558,217,4,
0,1400,614,219,4,
0,1500,667,231,4,
0,1600,726,233,4,
0,1700,782,246,4,
0,1800,823,266,4,
0,1900,849,297,6,
0,2000,898,312,6,
0,2100,946,321,6,
0,2200,1001,329,6,
0,2300,1056,335,6,
0,2400,1112,344,6,
0,2500,1175,351,6,
0,2600,1219,356,6,
0,2700,1289,359,6,
0,2800,1347,360,6,
0,2900,1405,364,6,
0,3000,1444,393,6,
0,3100,1489,402,6,
0,3200,1527,427,6,
0,3300,1552,454,8,
0,3400,1615,469,8,
0,3500,1673,475,8,
0,3600,1726,483,8,
0,3700,1749,514,8,
0,3800,1806,519,8,
0,3900,1860,533,8,
0,4000,1908,539,8,
0,4100,1954,558,8,
0,4200,2001,566,8,
0,4300,2065,571,8,
0,4400,2106,592,8,
0,4500,2156,601,8,
0,4600,2196,625,8,
0,4700,2244,630,8,
0,4800,2327,639,8,
0,4900,2384,640,8,
0,5000,2421,665,8,
0,5100,2477,670,8,
0,5200,2530,680,8,
0,5300,2568,703,8,
0,5400,2590,732,8,
0,5500,2646,738,8,
0,5600,2704,739,8,
0,5700,2765,741,8,
0,5800,2828,743,8,
0,5900,2886,749,8,
0,6000,2943,761,8,
0,6100,2996,765,8,
0,6200,3038,788,8,
0,6300,3084,796,8,
0,6400,3143,802,8,
0,6500,3198,807,8,
0,6600,3248,816,8,
0,6700,3288,839,8,
0,6800,3352,843,8,
0,6900,3400,860,8,
0,7000,3447,870,8,
0,7100,3508,876,8,
0,7200,3540,904,8,
0,7300,3588,913,8,
0,7400,3628,938,8,
0,7500,3643,973,8,
0,7600,3701,973,8,
0,7700,3761,974,8,
0,7800,3827,978,8,
0,7900,3888,982,8,
0,8000,3937,991,8,
0,8100,3979,1012,8,
0,8200,3997,1047,8,
0,8300,4045,1071,8,
0,8400,4097,1082,8,
0,8500,4155,1089,8,
0,8600,4218,1091,8,
0,8700,4279,1099,8,
0,8800,4321,1124,8,
0,8900,4348,1150,8,
0,9000,4417,1158,8,
0,9100,4463,1161,10,
0,9200,4524,1167,10,
0,9300,4564,1193,12,
0,9400,4610,1203,12,
0,9500,4668,1216,12,
0,9600,4692,1246,12,
0,9700,4759,1251,12,
0,9800,4810,1252,12,
0,9900,4843,1286,12,
0,10000,4898,1292,12,
0,10100,4941,1302,12,
0,10200,4981,1326,12,
0,10300,5014,1356,12,
0,10400,5058,1375,12,
0,10500,5101,1385,12,
0,10600,5135,1417,12,
0,10700,5201,1423,12,
0,10800,5240,1433,14,
0,10900,5280,1454,16,
0,11000,5332,1460,16,
0,11100,5392,1468,16,
0,11200,5454,1469,16,
0,11300,5485,1499,16,
0,11400,5514,1536,16,
0,11500,5569,1546,16,
0,11600,5612,1565,16,
0,11700,5661,1571,16,
0,11800,5698,1593,16,
0,11900,5753,1602,16,
0,12000,5823,1611,16,
0,12100,5889,1612,16,
0,12200,5948,1615,16,
0,12300,6020,1616,16,
0,12400,6048,1648,16,
0,12500,6087,1668,16,
0,12600,6135,1678,18,
0,12700,6192,1688,18,
0,12800,6248,1690,18,
0,12900,6300,1700,18,
0,13000,6340,1726,18,
0,13100,6362,1765,18,
0,13200,6426,1783,18,
0,13300,6487,1785,18,
0,13400,6549,1787,18,
0,13500,6584,1815,18,
0,13600,6632,1825,18,
0,13700,6676,1850,18,
0,13800,6695,1882,18,
0,13900,6730,1905,18,
0,14000,6772,1916,18,
0,14100,6836,1921,18,
0,14200,6867,1954,18,
0,14300,6919,1963,18,
0,14400,6981,1966,18,
0,14500,7034,1976,18,
0,14600,7095,1980,18,
0,14700,7155,1982,18,
0,14800,7212,1997,18,
0,14900,7244,2026,18,
0,15000,7293,2037,18,
0,15100,7347,2052,18,
0,15200,7398,2054,18,
0,15300,7458,2062,18,
0,15400,7523,2064,18,
0,15500,7584,2066,18,
0,15600,7624,2085,18,
0,15700,7673,2096,18,
0,15800,7715,2118,18,
0,15900,7759,2134,18,
0,16000,7820,2137,18,
0,16100,7877,2138,18,
0,16200,7937,2144,18,
0,16300,7965,2176,18,
0,16400,8022,2180,18,
0,16500,8079,2181,18,
0,16600,8107,2213,18,
0,16700,8154,2235,18,
0,16800,8207,2239,18,
0,16900,8240,2272,18,
0,17000,8307,2276,18,
0,17100,8366,2280,18,
0,17200,8435,2284,18,
0,17300,8457,2311,18,
0,17400,8497,2336,18,
0,17500,8541,2344,18,
0,17600,8582,2376,18,
0,17700,8628,2394,18,
0,17800,8684,2398,18,
0,17900,8744,2404,18,
0,18000,8790,2410,18,
0,18100,8829,2431,18,
0,18200,8882,2439,18,
0,18300,8914,2466,18,
0,18400,8969,2473,18,
0,18500,9015,2478,18,
0,18600,9061,2496,20,
0,18700,9115,2501,20,
0,18800,9165,2518,20,
0,18900,9211,2528,20,
0,19000,9265,2542,20,
0,19100,9328,2544,20,
0,19200,9380,2555,20,
0,19300,9426,2578,20,
0,19400,9447,2609,22,
0,19500,9503,2611,24,
0,19600,9555,2612,24,
0,19700,9616,2615,24,
0,19800,9681,2619,24,
0,19900,9737,2630,24,
0,20000,9795,2641,24,
0,20100,9851,2647,24,
0,20200,9924,2650,24,
0,20300,9983,2651,24,
0,20400,10019,2684,24,
0,20500,10073,2694,24,
0,20600,10128,2698,24,
0,20700,10193,2700,24,
0,20800,10243,2708,26,
0,20900,10306,2711,26,
0,21000,10365,2712,26,
0,21100,10423,2727,26,
0,21200,10477,2728,28,
0,21300,10532,2730,28,
0,21400,10596,2731,28,
0,21500,10646,2733,28,
0,21600,10691,2756,28,
0,21700,10736,2768,30,
0,21800,10801,2777,30,
0,21900,10864,2777,30,
0,22000,10908,2788,30,
0,22100,10953,2808,30,
0,22200,11008,2811,30,
0,22300,11063,2831,30,
0,22400,11105,2843,30,
0,22500,11163,2851,30,
0,22600,11199,2886,30,
0,22700,11252,2887,30,
0,22800,11312,2888,30,
0,22900,11343,2920,30,
0,23000,11388,2937,30,
0,23100,11436,2945,30,
0,23200,11466,2976,30,
0,23300,11529,2983,30,
0,23400,11594,2987,30,
0,23500,11637,3007,30,
0,23600,11670,3034,30,
0,23700,11716,3056,30,
0,23800,11768,3066,30,
0,23900,11824,3071,30,
0,24000,11865,3090,30,
0,24100,11920,3096,30,
0,24200,11982,3100,30,
0,24300,12033,3104,30,
0,24400,12100,3105,30,
0,24500,12155,3106,30,
0,24600,12197,3128,30,
0,24700,12257,3134,30,
0,24800,12318,3140,30,
0,24900,12382,3141,30,
0,25000,12416,3171,30,
0,25100,12465,3194,30,
0,25200,12507,3207,30,
0,25300,12537,3242,30,
0,25400,12570,3274,30,
0,25500,12617,3287,30,
0,25600,12669,3299,30,
0,25700,12688,3330,30,
0,25800,12745,3344,30,
0,25900,12799,3345,30,
0,26000,12832,3375,30,
0,26100,12870,3397,30,
0,26200,12918,3405,30,
0,26300,12975,3420,30,
0,26400,13029,3426,32,
0,26500,13070,3445,32,
0,26600,13117,3454,32,
0,26700,13155,3472,32,
0,26800,13216,3477,32,
0,26900,13279,3485,32,
0,27000,13332,3500,32,
0,27100,13351,3532,32,
0,27200,13414,3535,32,
0,27300,13479,3536,32,
0,27400,13531,3542,32,
0,27500,13561,3569,32,
0,27600,13613,3578,32,
0,27700,13653,3601,34,
0,27800,13680,3634,34,
0,27900,13727,3653,34,
0,28000,13766,3662,34,
0,28100,13792,3693,34,
0,28200,13825,3720,34,
0,28300,13876,3729,34,
0,28400,13907,3753,34,
0,28500,13939,3782,34,
0,28600,13973,3805,34,
0,28700,14032,3816,34,
0,28800,14070,3850,34,
0,28900,14124,3855,34,
0,29000,14185,3860,36,
0,29100,14249,3861,36,
0,29200,14279,3891,36,
0,29300,14320,3912,36,
0,29400,14361,3922,36,
0,29500,14418,3928,36,
0,29600,14475,3929,36,
0,29700,14527,3939,38,
0,29800,14567,3960,38,
0,29900,14626,3970,38,
0,30000,14684,3980,38,
0,30100,14749,3981,38,
0,30200,14775,4012,38,
0,30300,14840,4014,38,
0,30400,14893,4023,40,
0,30500,14928,4047,40,
0,30600,14961,4077,40,
0,30700,15002,4099,40,
0,30800,15043,4108,40,
0,30900,15098,4134,40,
0,31000,15156,4140,40,
0,31100,15212,4143,40,
0,31200,15275,4144,40,
0,31300,15307,4173,40,
0,31400,15376,4179,40,
0,31500,15431,4180,40,
0,31600,15467,4207,40,
0,31700,15530,4220,40,
0,31800,15588,4231,40,
0,31900,15627,4247,40,
0,32000,15681,4252,40,
0,32100,15716,4275,40,
0,32200,15766,4284,40,
0,32300,15807,4317,40,
0,32400,15841,4346,42,
0,32500,15899,4352,42,
0,32600,15966,4353,42,
0,32700,16021,4361,44,
0,32800,16064,4379,44,
0,32900,16110,4392,44,
0,33000,16165,4397,44,
0,33100,16226,4399,44,
0,33200,16282,4408,44,
0,33300,16342,4419,44,
0,33400,16367,4448,44,
0,33500,16418,4468,44,
0,33600,16464,4477,44,
0,33700,16491,4510,44,
0,33800,16537,4528,46,
0,33900,16586,4537,46,
0,34000,16632,4557,46,
0,34100,16685,4563,46,
0,34200,16746,4566,46,
0,34300,16803,4567,48,
0,34400,16865,4570,48,
0,34500,16901,4602,48,
0,34600,16944,4609,48,
0,34700,16988,4628,48,
0,34800,17013,4656,48,
0,34900,17076,4662,48,
0,35000,17130,4663,48,
0,35100,17195,4671,48,
0,35200,17220,4704,48,
0,35300,17264,4716,48,
0,35400,17307,4742,48,
0,35500,17332,4767,48,
0,35600,17369,4787,48,
0,35700,17415,4798,48,
0,35800,17473,4801,48,
0,35900,17509,4833,48,
0,36000,17566,4839,50,
0,36100,17624,4840,50,
0,36200,17641,4871,50,
0,36300,17681,4894,50,
0,36400,17723,4904,50,
0,36500,17758,4935,50,
0,36600,17823,4942,50,
0,36700,17874,4952,50,
0,36800,17916,4971,50,
0,36900,17947,5005,52,
0,37000,17996,5020,52,
0,37100,18046,5021,54,
0,37200,18110,5026,54,
0,37300,18165,5029,54,
0,37400,18211,5038,54,
0,37500,18254,5056,54,
0,37600,18284,5085,54,
0,37700,18346,5106,54,
0,37800,18401,5111,54,
0,37900,18437,5142,54,
0,38000,18463,5174,54,
0,38100,18525,5178,54,
0,38200,18595,5179,54,
0,38300,18651,5181,54,
0,38400,18714,5203,54,
0,38500,18759,5214,56,
0,38600,18796,5241,56,
0,38700,18856,5245,56,
0,38800,18913,5249,56,
0,38900,18989,5257,56,
0,39000,19010,5291,56,
0,39100,19069,5297,56,
0,39200,19129,5298,56,
0,39300,19189,5303,56,
0,39400,19248,5305,58,
0,39500,19304,5311,58,
0,39600,19372,5313,58,
0,39700,19391,5343,58,
0,39800,19454,5353,58,
0,39900,19512,5354,58,
0,40000,19580,5360,58,
0,40100,19617,5390,58,
0,40200,19661,5399,58,
0,40300,19703,5417,58,
0,40400,19722,5457,60,
0,40500,19780,5463,60,
0,40600,19834,5464,60,
0,40700,19892,5473,60,
0,40800,19921,5511,60,
0,40900,19983,5513,60,
0,41000,20051,5514,60,
0,41100,20086,5531,60,
0,41200,20146,5537,60,
0,41300,20204,5538,60,
0,41400,20258,5540,60,
0,41500,20288,5576,60,
0,41600,20342,5578,60,
0,41700,20404,5579,60,
0,41800,20457,5584,60,
0,41900,20513,5587,60,
0,42000,20569,5588,60,
0,42100,20597,5620,60,
0,42200,20631,5649,60,
0,42300,20680,5658,60,
0,42400,20717,5682,60,
0,42500,20771,5687,60,
0,42600,20812,5705,62,
0,42700,20859,5714,62,
0,42800,20896,5741,62,
0,42900,20928,5772,62,
0,43000,20980,5780,62,
0,43100,21041,5788,62,
0,43200,21093,5794,62,
0,43300,21150,5804,62,
0,43400,21202,5806,62,
0,43500,21230,5840,62,
0,43600,21282,5848,62,
0,43700,21337,5852,62,
0,43800,21401,5855,62,
0,43900,21429,5885,62,
0,44000,21490,5896,62,
0,44100,21549,5897,62,
0,44200,21584,5926,62,
0,44300,21639,5932,62,
0,44400,21692,5945,62,
0,44500,21734,5969,62,
0,44600,21756,5998,64,
0,44700,21806,6019,64,
0,44800,21855,6029,64,
0,44900,21905,6056,66,
0,45000,21949,6082,66,
0,45100,22003,6085,66,
0,45200,22057,6092,66,
0,45300,22106,6096,66,
0,45400,22152,6111,66,
0,45500,22195,6118,68,
0,45600,22255,6123,68,
0,45700,22285,6156,68,
0,45800,22342,6168,68,
0,45900,22403,6172,68,
0,46000,22457,6176,68,
0,46100,22514,6181,68,
0,46200,22569,6182,68,
0,46300,22621,6214,68,
0,46400,22676,6225,68,
0,46500,22726,6228,70,
0,46600,22785,6229,70,
0,46700,22848,6232,70,
0,46800,22907,6244,72,
0,46900,22966,6245,72,
0,47000,23000,6275,72,
0,47100,23059,6285,72,
0,47200,23124,6293,72,
0,47300,23188,6294,72,
0,47400,23216,6325,72,
0,47500,23256,6346,72,
0,47600,23309,6358,72,
0,47700,23366,6370,72,
0,47800,23407,6398,72,
0,47900,23455,6409,72,
0,48000,23516,6418,72,
0,48100,23538,6451,72,
0,48200,23585,6475,72,
0,48300,23630,6484,72,
0,48400,23673,6507,72,
0,48500,23708,6535,72,
0,48600,23763,6537,72,
0,48700,23828,6538,72,
0,48800,23879,6543,72,
0,48900,23943,6550,72,
0,49000,24012,6553,72,
0,49100,24074,6555,72,
0,49200,24138,6559,72,
0,49300,24192,6570,72,
0,49400,24239,6592,72,
0,49500,24289,6596,72,
0,49600,24331,6618,74,
0,49700,24377,6629,74,
0,49800,24423,6641,74,
0,49900,24483,6646,74,
0,50000,24540,6652,74,
0,50100,24609,6653,74,
0,50200,24651,6680,74,
0,50300,24696,6700,74,
0,50400,24745,6711,74,
0,50500,24772,6739,74,
0,50600,24815,6772,74,
0,50700,24879,6779,74,
0,50800,24946,6784,74,
0,50900,25002,6787,74,
0,51000,25065,6794,74,
0,51100,25118,6795,74,
0,51200,25142,6826,74,
0,51300,25180,6856,74,
0,51400,25227,6869,74,
0,51500,25274,6891,74,
0,51600,25327,6895,74,
0,51700,25390,6898,76,
0,51800,25446,6899,76,
0,51900,25477,6929,76,
0,52000,25517,6957,78,
0,52100,25575,6962,78,
0,52200,25632,6965,78,
0,52300,25685,6967,78,
0,52400,25731,6986,78,
0,52500,25778,6998,78,
0,52600,25821,7022,78,
0,52700,25882,7026,78,
0,52800,25927,7035,78,
0,52900,25965,7057,80,
0,53000,25987,7089,80,
0,53100,26048,7094,80,
0,53200,26100,7095,80,
0,53300,26160,7100,80,
0,53400,26195,7132,80,
0,53500,26248,7139,80,
0,53600,26291,7163,80,
0,53700,26328,7189,80,
0,53800,26394,7191,80,
0,53900,26454,7193,80,
0,54000,26516,7201,80,
0,54100,26551,7233,80,
0,54200,26605,7243,80,
0,54300,26666,7248,80,
0,54400,26714,7257,80,
0,54500,26777,7261,80,
0,54600,26839,7262,80,
0,54700,26902,7265,80,
0,54800,26966,7272,80,
0,54900,27019,7279,80,
0,55000,27073,7293,80,
0,55100,27108,7324,80,
0,55200,27158,7344,80,
0,55300,27201,7356,82,
0,55400,27258,7360,82,
0,55500,27314,7363,82,
0,55600,27363,7372,82,
0,55700,27404,7392,82,
0,55800,27421,7423,82,
0,55900,27461,7443,82,
0,56000,27509,7452,82,
0,56100,27544,7479,82,
0,56200,27609,7482,82,
0,56300,27656,7494,82,
0,56400,27701,7516,82,
0,56500,27757,7520,82,
0,56600,27826,7521,82,
0,56700,27883,7522,82,
0,56800,27933,7552,82,
0,56900,27961,7581,82,
0,57000,28011,7591,82,
0,57100,28054,7614,82,
0,57200,28072,7645,82,
0,57300,28123,7651,82,
0,57400,28176,7662,82,
0,57500,28238,7669,82,
0,57600,28269,7699,82,
0,57700,28322,7701,82,
0,57800,28385,7703,82,
0,57900,28438,7707,82,
0,58000,28480,7727,82,
0,58100,28529,7738,82,
0,58200,28593,7743,82,
0,58300,28636,7771,82,
0,58400,28686,7780,82,
0,58500,28720,7805,82,
0,58600,28767,7816,82,
0,58700,28834,7818,82,
0,58800,28886,7822,82,
0,58900,28949,7825,82,
0,59000,29008,7835,82,
0,59100,29062,7842,82,
0,59200,29113,7860,84,
0,59300,29160,7865,84,
0,59400,29220,7869,84,
0,59500,29273,7870,84,
0,59600,29337,7872,84,
0,59700,29396,7874,84,
0,59800,29443,7884,84,
0,59900,29483,7904,84,
0,60000,29524,7920,84,
0,60100,29577,7930,84,
0,60200,29633,7932,84,
0,60300,29666,7966,84,
0,60400,29725,7972,86,
0,60500,29783,7980,86,
0,60600,29850,7981,86,
0,60700,29905,7987,86,
0,60800,29968,7990,86,
0,60900,30021,7992,86,
0,61000,30083,7996,86,
0,61100,30139,7997,86,
0,61200,30191,8007,86,
0,61300,30237,8029,86,
0,61400,30264,8062,86,
0,61500,30327,8066,86,
0,61600,30388,8067,86,
0,61700,30445,8070,86,
0,61800,30481,8099,88,
0,61900,30530,8108,88,
0,62000,30573,8133,88,
0,62100,30598,8168,88,
0,62200,30655,8173,88,
0,62300,30695,8185,88,
0,62400,30765,8192,88,
0,62500,30832,8196,88,
0,62600,30887,8203,88,
0,62700,30951,8208,88,
0,62800,30989,8235,88,
0,62900,31034,8256,88,
0,63000,31086,8264,88,
0,63100,31149,8269,88,
0,63200,31186,8301,88,
0,63300,31233,8311,88,
0,63400,31278,8334,88,
0,63500,31305,8365,88,
0,63600,31350,8384,88,
0,63700,31400,8394,88,
0,63800,31441,8425,88,
0,63900,31497,8429,88,
0,64000,31552,8435,88,
0,64100,31621,8437,90,
0,64200,31642,8473,90,
0,64300,31703,8476,90,
0,64400,31760,8477,90,
0,64500,31819,8479,90,
0,64600,31881,8481,90,
0,64700,31933,8492,90,
0,64800,31977,8510,92,
0,64900,31998,8543,92,
0,65000,32050,8559,92,
0,65100,32099,8568,92,
0,65200,32161,8574,92,
0,65300,32206,8601,92,
0,65400,32255,8609,92,
0,65500,32296,8630,92,
0,65600,32320,8664,92,
0,65700,32387,8667,92,
0,65800,32443,8668,92,
0,65900,32503,8670,92,
0,66000,32565,8676,92,
0,66100,32617,8681,92,
0,66200,32684,8686,92,
0,66300,32716,8714,92,
0,66400,32759,8736,92,
0,66500,32804,8747,92,
0,66600,32864,8752,92,
0,66700,32942,8758,92,
0,66800,33001,8768,92,
0,66900,33047,8791,92,
0,67000,33091,8801,92,
0,67100,33153,8808,92,
0,67200,33203,8809,94,
0,67300,33229,8842,94,
0,67400,33286,8848,94,
0,67500,33339,8854,94,
0,67600,33403,8857,94,
0,67700,33452,8863,96,
0,67800,33493,8886,96,
0,67900,33539,8896,98,
0,68000,33564,8929,98,
0,68100,33626,8932,98,
0,68200,33666,8940,98,
0,68300,33705,8964,98,
0,68400,33760,8974,98,
0,68500,33796,8992,98,
0,68600,33842,9003,98,
0,68700,33875,9038,98,
0,68800,33932,9045,98,
0,68900,33988,9047,98,
0,69000,34047,9048,98,
0,69100,34081,9083,98,
0,69200,34139,9089,98,
0,69300,34189,9090,98,
0,69400,34246,9094,98,
0,69500,34304,9099,98,
0,69600,34352,9108,98,
0,69700,34396,9130,98,
0,69800,34419,9160,98,
0,69900,34480,9166,98,
0,70000,34537,9167,98,
0,70100,34600,9173,98,
0,70200,34632,9203,98,
0,70300,34682,9214,98,
0,70400,34729,9239,98,
0,70500,34764,9264,98,
0,70600,34809,9284,98,
0,70700,34849,9294,100,
0,70800,34890,9323,100,
0,70900,34919,9350,100,
0,71000,34976,9362,100,
0,71100,35015,9387,100,
0,71200,35040,9413,100,
0,71300,35082,9436,100,
0,71400,35133,9445,100,
0,71500,35173,9466,100,
0,71600,35199,9497,100,
0,71700,35262,9507,100,
0,71800,35319,9528,100,
0,71900,35370,9535,102,
0,72000,35432,9539,102,
0,72100,35488,9541,102,
0,72200,35521,9573,102,
0,72300,35579,9579,102,
0,72400,35634,9584,104,
0,72500,35698,9585,104,
0,72600,35757,9588,104,
0,72700,35798,9611,104,
0,72800,35846,9622,104,
0,72900,35877,9652,104,
0,73000,35903,9681,104,
0,73100,35950,9689,104,
0,73200,35989,9708,104,
0,73300,36022,9738,104,
0,73400,36087,9743,104,
0,73500,36149,9744,104,
0,73600,36214,9752,104,
0,73700,36269,9771,104,
0,73800,36320,9779,104,
0,73900,36356,9802,104,
0,74000,36404,9809,104,
0,74100,36460,9817,104,
0,74200,36522,9819,104,
0,74300,36578,9828,104,
0,74400,36610,9857,104,
0,74500,36664,9860,104,
0,74600,36738,9865,104,
0,74700,36790,9876,104,
0,74800,36849,9883,106,
0,74900,36902,9885,106,
0,75000,36932,9915,106,
0,75100,36962,9945,106,
0,75200,37015,9954,106,
0,75300,37063,9977,106,
0,75400,37115,9979,106,
0,75500,37158,10001,106,
0,75600,37206,10010,106,
0,75700,37240,10042,106,
0,75800,37307,10044,106,
0,75900,37362,10049,106,
0,76000,37397,10071,106,
0,76100,37445,10078,106,
0,76200,37510,10079,106,
0,76300,37566,10080,106,
0,76400,37598,10117,106,
0,76500,37624,10148,106,
0,76600,37684,10151,106,
0,76700,37755,10153,106,
0,76800,37775,10180,108,
0,76900,37813,10203,108,
0,77000,37860,10217,108,
0,77100,37902,10244,108,
0,77200,37948,10267,108,
0,77300,38000,10278,108,
0,77400,38038,10297,108,
0,77500,38096,10300,108,
0,77600,38159,10302,108,
0,77700,38223,10303,108,
0,77800,38255,10334,108,
0,77900,38315,10344,108,
0,78000,38370,10353,108,
0,78100,38420,10364,108,
0,78200,38448,10391,108,
0,78300,38517,10394,108,
0,78400,38580,10395,108,
0,78500,38610,10426,108,
0,78600,38667,10432,108,
0,78700,38725,10441,108,
0,78800,38772,10463,108,
0,78900,38803,10489,108,
0,79000,38858,10505,108,
0,79100,38922,10506,108,
0,79200,38979,10510,108,
0,79300,39005,10541,108,
0,79400,39052,10551,108,
0,79500,39099,10574,108,
0,79600,39146,10578,108,
0,79700,39199,10586,108,
0,79800,39256,10587,108,
0,79900,39287,10618,108,
0,80000,39323,10646,108,
0,80100,39376,10656,108,
0,80200,39415,10680,108,
0,80300,39441,10706,108,
0,80400,39500,10711,108,
0,80500,39560,10712,108,
0,80600,39589,10745,108,
0,80700,39627,10769,108,
0,80800,39670,10778,108,
0,80900,39714,10800,110,
0,81000,39760,10807,110,
0,81100,39816,10813,112,
0,81200,39878,10815,112,
0,81300,39909,10849,112,
0,81400,39940,10882,112,
0,81500,39984,10895,112,
0,81600,40038,10917,112,
0,81700,40065,10949,112,
0,81800,40115,10968,112,
0,81900,40173,10978,112,
0,82000,40197,11011,112,
0,82100,40229,11038,112,
0,82200,40286,11040,112,
0,82300,40345,11040,114,
0,82400,40375,11070,114,
0,82500,40413,11092,114,
0,82600,40468,11103,114,
0,82700,40493,11136,114,
0,82800,40525,11165,114,
0,82900,40576,11175,114,
0,83000,40621,11198,114,
0,83100,40666,11212,114,
0,83200,40705,11238,114,
0,83300,40750,11251,114,
0,83400,40816,11256,114,
0,83500,40846,11290,116,
0,83600,40895,11301,116,
0,83700,40936,11324,116,
0,83800,40974,11353,116,
0,83900,41047,11362,116,
0,84000,41108,11363,116,
0,84100,41140,11392,116,
0,84200,41201,11393,116,
0,84300,41258,11400,116,
0,84400,41297,11423,116,
0,84500,41334,11448,116,
0,84600,41377,11469,116,
0,84700,41431,11478,116,
0,84800,41488,11481,116,
0,84900,41538,11498,116,
0,85000,41587,11511,116,
0,85100,41635,11533,116,
0,85200,41683,11537,118,
0,85300,41741,11542,118,
0,85400,41795,11544,118,
0,85500,41858,11546,118,
0,85600,41918,11553,118,
0,85700,41964,11564,118,
0,85800,42011,11587,118,
0,85900,42039,11613,118,
0,86000,42082,11635,118,
0,86100,42125,11647,120,
0,86200,42163,11678,120,
0,86300,42194,11706,120,
0,86400,42234,11718,120,
