0,100,43,6,0,
0,200,92,11,0,
0,300,143,19,0,
0,400,177,40,0,
0,500,204,68,0,
0,600,268,72,0,
0,700,326,73,0,
0,800,374,84,2,
0,900,425,99,2,
0,1000,476,110,2,
0,1100,512,132,2,
0,1200,560,139,2,
0,1300,622,140,2,
0,1400,678,141,2,
0,1500,738,148,2,
0,1600,766,179,2,
0,1700,820,189,2,
0,1800,861,211,2,
0,1900,909,221,2,
0,2000,966,228,4,
0,2100,1018,229,4,
0,2200,1073,234,4,
0,2300,1129,241,4,
0,2400,1178,246,4,
0,2500,1246,248,4,
0,2600,1278,266,6,
0,2700,1322,287,6,
0,2800,1370,300,6,
0,2900,1406,331,6,
0,3000,1465,337,8,
0,3100,1515,337,10,
0,3200,1577,342,10,
0,3300,1637,347,10,
0,3400,1678,363,12,
0,3500,1727,375,12,
0,3600,1765,395,12,
0,3700,1817,405,12,
0,3800,1870,408,12,
0,3900,1928,409,12,
0,4000,1951,441,12,
0,4100,1996,461,12,
0,4200,2055,475,12,
0,4300,2090,506,12,
0,4400,2120,539,12,
0,4500,2175,546,12,
0,4600,2238,555,12,
0,4700,2276,571,14,
0,4800,2328,590,18,
0,4900,2387,599,18,
0,5000,2451,604,18,
0,5100,2508,605,18,
0,5200,2565,612,18,
0,5300,2608,636,18,
0,5400,2625,669,18,
0,5500,2683,675,18,
0,5600,2733,676,18,
0,5700,2766,710,18,
0,5800,2792,743,18,
0,5900,2846,747,18,
0,6000,2913,748,18,
0,6100,2942,781,18,
0,6200,3002,786,18,
0,6300,3053,787,18,
0,6400,3095,818,18,
0,6500,3131,848,20,
0,6600,3180,858,20,
0,6700,3216,878,22,
0,6800,3238,909,22,
0,6900,3292,916,22,
0,7000,3348,917,22,
0,7100,3380,947,22,
0,7200,3441,951,22,
0,7300,3488,959,22,
0,7400,3527,983,22,
0,7500,3550,1017,22,
0,7600,3604,1019,22,
0,7700,3659,1020,22,
0,7800,3688,1055,22,
0,7900,3752,1061,22,
0,8000,3804,1071,22,
0,8100,3843,1093,22,
0,8200,3871,1125,22,
0,8300,3928,1128,22,
0,8400,3976,1129,22,
0,8500,4017,1150,22,
0,8600,4050,1183,22,
0,8700,4108,1185,22,
0,8800,4178,1186,22,
0,8900,4232,1189,22,
0,9000,4270,1208,22,
0,9100,4314,1219,22,
0,9200,4370,1230,22,
0,9300,4424,1234,22,
0,9400,4466,1244,22,
0,9500,4502,1268,22,
0,9600,4540,1293,22,
0,9700,4601,1294,22,
0,9800,4653,1298,22,
0,9900,4687,1326,22,
0,10000,4722,1360,22,
0,10100,4771,1370,22,
0,10200,4811,1393,22,
0,10300,4872,1394,22,
0,10400,4934,1399,22,
0,10500,4998,1401,24,
0,10600,5070,1403,24,
0,10700,5129,1410,24,
0,10800,5169,1422,24,
0,10900,5214,1435,24,
0,11000,5238,1469,24,
0,11100,5283,1487,24,
0,11200,5340,1499,24,
0,11300,5374,1531,24,
0,11400,5438,1537,24,
0,11500,5501,1547,24,
0,11600,5564,1550,24,
0,11700,5584,1583,24,
0,11800,5620,1607,24,
0,11900,5665,1613,24,
0,12000,5698,1642,24,
0,12100,5765,1645,24,
0,12200,5823,1648,24,
0,12300,5879,1649,24,
0,12400,5933,1654,24,
0,12500,5993,1667,24,
0,12600,6048,1672,24,
0,12700,6082,1702,24,
0,12800,6147,1707,24,
0,12900,6199,1709,24,
0,13000,6266,1714,24,
0,13100,6320,1716,26,
0,13200,6365,1737,26,
0,13300,6431,1742,26,
0,13400,6484,1769,26,
0,13500,6548,1776,26,
0,13600,6602,1783,26,
0,13700,6647,1805,26,
0,13800,6696,1809,26,
0,13900,6754,1812,26,
0,14000,6807,1813,26,
0,14100,6865,1823,26,
0,14200,6929,1825,26,
0,14300,6978,1834,26,
0,14400,7025,1849,26,
0,14500,7054,1875,26,
0,14600,7114,1884,26,
0,14700,7177,1886,26,
0,14800,7242,1892,26,
0,14900,7307,1900,26,
0,15000,7362,1904,26,
0,15100,7425,1905,26,
0,15200,7477,1908,26,
0,15300,7528,1924,26,
0,15400,7581,1931,26,
0,15500,7641,1937,26,
0,15600,7695,1939,26,
0,15700,7760,1946,26,
0,15800,7819,1952,26,
0,15900,7839,1983,26,
0,16000,7882,2003,26,
0,16100,7928,2012,26,
0,16200,7955,2047,26,
0,16300,7986,2080,26,
0,16400,8045,2085,26,
0,16500,8112,2086,26,
0,16600,8169,2088,26,
0,16700,8212,2108,26,
0,16800,8269,2120,26,
0,16900,8304,2149,26,
0,17000,8366,2155,26,
0,17100,8426,2163,26,
0,17200,8491,2166,26,
0,17300,8518,2198,26,
0,17400,8573,2217,26,
0,17500,8626,2225,26,
0,17600,8661,2254,26,
0,17700,8719,2259,26,
0,17800,8767,2266,26,
0,17900,8834,2270,26,
0,18000,8855,2307,28,
0,18100,8909,2314,28,
0,18200,8962,2315,28,
0,18300,9022,2319,28,
0,18400,9074,2322,30,
0,18500,9128,2324,30,
0,18600,9194,2324,32,
0,18700,9215,2360,32,
0,18800,9280,2362,32,
0,18900,9338,2363,34,
0,19000,9380,2395,34,
0,19100,9412,2424,34,
0,19200,9467,2428,34,
0,19300,9536,2429,34,
0,19400,9587,2432,36,
0,19500,9629,2453,36,
0,19600,9679,2463,36,
0,19700,9744,2465,36,
0,19800,9811,2472,36,
0,19900,9870,2480,36,
0,20000,9910,2503,36,
0,20100,9932,2537,36,
0,20200,9984,2547,36,
0,20300,10040,2548,36,
0,20400,10067,2583,36,
0,20500,10102,2612,38,
0,20600,10147,2622,38,
0,20700,10193,2643,38,
0,20800,10247,2646,38,
0,20900,10313,2647,40,
0,21000,10365,2648,40,
0,21100,10389,2681,40,
0,21200,10420,2713,40,
0,21300,10474,2721,40,
0,21400,10534,2724,40,
0,21500,10559,2763,40,
0,21600,10603,2783,40,
0,21700,10658,2787,40,
0,21800,10691,2818,42,
0,21900,10724,2849,42,
0,22000,10796,2850,42,
0,22100,10865,2851,42,
0,22200,10889,2882,42,
0,22300,10954,2891,44,
0,22400,11017,2894,44,
0,22500,11075,2906,44,
0,22600,11105,2936,46,
0,22700,11146,2946,46,
0,22800,11186,2966,46,
0,22900,11210,2996,48,
0,23000,11256,3016,48,
0,23100,11305,3023,48,
0,23200,11368,3030,48,
0,23300,11398,3063,48,
0,23400,11441,3071,48,
0,23500,11480,3095,48,
0,23600,11534,3100,48,
0,23700,11590,3105,48,
0,23800,11636,3114,48,
0,23900,11666,3148,48,
0,24000,11699,3184,48,
0,24100,11751,3191,48,
0,24200,11811,3192,48,
0,24300,11862,3199,50,
0,24400,11900,3222,52,
0,24500,11949,3232,54,
0,24600,11975,3262,54,
0,24700,12010,3294,54,
0,24800,12065,3302,54,
0,24900,12115,3324,54,
0,25000,12169,3331,54,
0,25100,12216,3352,54,
0,25200,12262,3362,54,
0,25300,12325,3365,54,
0,25400,12355,3397,54,
0,25500,12407,3403,54,
0,25600,12474,3404,54,
0,25700,12504,3438,54,
0,25800,12550,3457,54,
0,25900,12604,3465,54,
0,26000,12632,3494,54,
0,26100,12665,3524,54,
0,26200,12716,3526,54,
0,26300,12768,3535,54,
0,26400,12798,3565,54,
0,26500,12871,3567,54,
0,26600,12923,3568,54,
0,26700,12963,3601,54,
0,26800,13029,3607,54,
0,26900,13085,3609,54,
0,27000,13147,3610,54,
0,27100,13201,3618,54,
0,27200,13271,3623,54,
0,27300,13331,3624,54,
0,27400,13362,3657,54,
0,27500,13418,3660,54,
0,27600,13472,3662,54,
0,27700,13528,3671,54,
0,27800,13570,3690,54,
0,27900,13635,3692,56,
0,28000,13692,3693,56,
0,28100,13723,3728,56,
0,28200,13748,3759,56,
0,28300,13804,3764,56,
0,28400,13863,3766,56,
0,28500,13886,3797,56,
0,28600,13946,3803,56,
0,28700,13997,3804,56,
0,28800,14057,3807,56,
0,28900,14089,3838,58,
0,29000,14139,3845,58,
0,29100,14180,3867,58,
0,29200,14205,3899,58,
0,29300,14271,3910,58,
0,29400,14322,3911,58,
0,29500,14357,3944,58,
0,29600,14392,3975,60,
0,29700,14443,3979,62,
0,29800,14501,3990,62,
0,29900,14526,4021,62,
0,30000,14566,4038,62,
0,30100,14612,4049,62,
0,30200,14646,4077,62,
0,30300,14673,4108,65,
0,30400,14722,4116,65,
0,30500,14769,4141,65,
0,30600,14795,4170,65,
0,30700,14841,4188,67,
0,30800,14896,4200,67,
0,30900,14949,4211,67,
0,31000,15009,4215,67,
0,31100,15069,4223,67,
0,31200,15139,4224,67,
0,31300,15191,4226,67,
0,31400,15259,4230,67,
0,31500,15315,4231,67,
0,31600,15375,4236,67,
0,31700,15420,4263,69,
0,31800,15470,4275,69,
0,31900,15505,4299,69,
0,32000,15559,4302,69,
0,32100,15601,4322,69,
0,32200,15652,4331,69,
0,32300,15679,4360,69,
0,32400,15712,4389,69,
0,32500,15760,4402,69,
0,32600,15798,4423,69,
0,32700,15825,4456,69,
0,32800,15882,4467,69,
0,32900,15941,4468,69,
0,33000,15974,4501,69,
0,33100,16038,4503,69,
0,33200,16086,4515,69,
0,33300,16125,4536,69,
0,33400,16155,4563,71,
0,33500,16196,4584,71,
0,33600,16252,4591,71,
0,33700,16311,4593,71,
0,33800,16365,4599,71,
0,33900,16428,4602,71,
0,34000,16498,4603,71,
0,34100,16528,4633,71,
0,34200,16574,4643,71,
0,34300,16631,4649,73,
0,34400,16697,4657,73,
0,34500,16729,4686,73,
0,34600,16784,4688,73,
0,34700,16853,4689,73,
0,34800,16879,4718,75,
0,34900,16919,4741,75,
0,35000,16966,4751,75,
0,35100,17004,4779,77,
0,35200,17027,4809,77,
0,35300,17085,4811,77,
0,35400,17144,4812,77,
0,35500,17192,4824,79,
0,35600,17241,4844,79,
0,35700,17294,4854,79,
0,35800,17357,4864,79,
0,35900,17397,4897,79,
0,36000,17455,4905,79,
0,36100,17496,4929,79,
0,36200,17528,4963,79,
0,36300,17589,4970,79,
0,36400,17646,4972,79,
0,36500,17711,4976,79,
0,36600,17742,5004,79,
0,36700,17800,5012,79,
0,36800,17843,5029,81,
0,36900,17896,5034,81,
0,37000,17943,5051,81,
0,37100,17987,5060,81,
0,37200,18017,5091,81,
0,37300,18074,5095,83,
0,37400,18122,5106,83,
0,37500,18162,5127,83,
0,37600,18215,5138,83,
0,37700,18255,5157,83,
0,37800,18297,5166,83,
0,37900,18365,5174,83,
0,38000,18404,5197,85,
0,38100,18447,5205,85,
0,38200,18484,5230,85,
0,38300,18514,5262,85,
0,38400,18564,5275,85,
0,38500,18615,5277,85,
0,38600,18676,5283,85,
0,38700,18741,5291,85,
0,38800,18789,5300,85,
0,38900,18836,5322,85,
0,39000,18892,5328,85,
0,39100,18944,5346,85,
0,39200,19001,5347,85,
0,39300,19046,5377,85,
0,39400,19075,5413,85,
0,39500,19125,5416,85,
0,39600,19192,5418,85,
0,39700,19220,5443,85,
0,39800,19261,5468,85,
0,39900,19310,5478,85,
0,40000,19342,5510,85,
0,40100,19385,5530,85,
0,40200,19444,5542,85,
0,40300,19480,5565,85,
0,40400,19533,5572,85,
0,40500,19590,5584,85,
0,40600,19634,5592,85,
0,40700,19662,5627,85,
0,40800,19723,5632,87,
0,40900,19774,5642,87,
0,41000,19815,5663,89,
0,41100,19838,5691,89,
0,41200,19905,5700,89,
0,41300,19957,5708,89,
0,41400,20006,5734,91,
0,41500,20033,5765,91,
0,41600,20093,5771,91,
0,41700,20161,5772,91,
0,41800,20182,5801,93,
0,41900,20246,5803,93,
0,42000,20295,5804,93,
0,42100,20353,5809,93,
0,42200,20411,5813,93,
0,42300,20460,5825,93,
0,42400,20503,5847,93,
0,42500,20526,5878,93,
0,42600,20582,5884,93,
0,42700,20635,5885,93,
0,42800,20702,5887,93,
0,42900,20732,5919,93,
0,43000,20778,5927,93,
0,43100,20822,5952,93,
0,43200,20865,5965,95,
0,43300,20912,5986,95,
0,43400,20956,6000,95,
0,43500,21010,6008,95,
0,43600,21038,6042,97,
0,43700,21091,6047,97,
0,43800,21151,6048,97,
0,43900,21189,6070,97,
0,44000,21247,6077,97,
0,44100,21308,6078,97,
0,44200,21364,6085,97,
0,44300,21395,6114,97,
0,44400,21441,6123,97,
0,44500,21473,6145,97,
0,44600,21523,6158,97,
0,44700,21563,6182,97,
0,44800,21607,6187,99,
0,44900,21648,6217,99,
0,45000,21702,6227,99,
0,45100,21753,6235,99,
0,45200,21791,6260,101,
0,45300,21829,6289,101,
0,45400,21868,6308,101,
0,45500,21918,6319,101,
0,45600,21977,6330,101,
0,45700,22033,6344,101,
0,45800,22087,6351,101,
0,45900,22149,6356,101,
0,46000,22177,6385,101,
0,46100,22245,6388,101,
0,46200,22304,6390,101,
0,46300,22365,6401,101,
0,46400,22424,6405,101,
0,46500,22474,6415,101,
0,46600,22517,6434,101,
0,46700,22568,6437,101,
0,46800,22618,6462,101,
0,46900,22664,6471,103,
0,47000,22694,6503,103,
0,47100,22754,6509,103,
0,47200,22801,6515,103,
0,47300,22848,6537,103,
0,47400,22868,6565,103,
0,47500,22916,6586,103,
0,47600,22960,6594,103,
0,47700,22992,6625,103,
0,47800,23014,6660,103,
0,47900,23059,6672,103,
0,48000,23096,6696,103,
0,48100,23143,6706,106,
0,48200,23197,6724,106,
0,48300,23241,6736,106,
0,48400,23277,6763,106,
0,48500,23332,6776,106,
0,48600,23383,6783,106,
0,48700,23423,6802,106,
0,48800,23458,6828,106,
0,48900,23522,6833,106,
0,49000,23570,6843,108,
0,49100,23604,6873,110,
0,49200,23629,6909,110,
0,49300,23675,6921,110,
0,49400,23714,6942,110,
0,49500,23767,6949,112,
0,49600,23831,6955,112,
0,49700,23889,6955,116,
0,49800,23944,6979,116,
0,49900,24003,6988,116,
0,50000,24055,6990,116,
0,50100,24123,6991,116,
0,50200,24143,7025,116,
0,50300,24191,7044,116,
0,50400,24233,7052,116,
0,50500,24289,7056,116,
0,50600,24347,7058,116,
0,50700,24395,7069,116,
0,50800,24438,7092,116,
0,50900,24497,7104,116,
0,51000,24550,7121,116,
0,51100,24604,7122,116,
0,51200,24629,7155,116,
0,51300,24662,7184,116,
0,51400,24709,7190,118,
0,51500,24754,7210,118,
0,51600,24777,7244,118,
0,51700,24837,7249,118,
0,51800,24891,7250,118,
0,51900,24923,7283,118,
0,52000,24950,7315,118,
0,52100,25004,7324,118,
0,52200,25046,7349,118,
0,52300,25072,7378,118,
0,52400,25138,7383,118,
0,52500,25189,7384,118,
0,52600,25226,7415,118,
0,52700,25252,7449,118,
0,52800,25308,7452,118,
0,52900,25379,7453,118,
0,53000,25400,7485,120,
0,53100,25445,7508,120,
0,53200,25492,7518,120,
0,53300,25531,7546,120,
0,53400,25578,7564,120,
0,53500,25628,7574,120,
0,53600,25666,7596,120,
0,53700,25724,7598,120,
0,53800,25768,7617,120,
0,53900,25813,7630,120,
0,54000,25843,7657,120,
0,54100,25907,7661,120,
0,54200,25954,7671,120,
0,54300,25991,7699,120,
0,54400,26015,7732,120,
0,54500,26082,7735,120,
0,54600,26140,7736,120,
0,54700,26185,7764,120,
0,54800,26246,7767,122,
0,54900,26291,7779,122,
0,55000,26331,7797,122,
0,55100,26378,7804,122,
0,55200,26427,7829,122,
0,55300,26472,7840,122,
0,55400,26503,7872,122,
0,55500,26565,7883,122,
0,55600,26625,7889,122,
0,55700,26686,7890,122,
0,55800,26710,7918,122,
0,55900,26757,7940,122,
0,56000,26805,7951,122,
0,56100,26833,7985,122,
0,56200,26885,7998,122,
0,56300,26934,8003,122,
0,56400,26993,8004,122,
0,56500,27054,8006,122,
0,56600,27113,8009,122,
0,56700,27173,8010,122,
0,56800,27204,8039,122,
0,56900,27228,8076,122,
0,57000,27285,8080,122,
0,57100,27346,8083,122,
0,57200,27395,8085,122,
0,57300,27463,8086,122,
0,57400,27514,8087,122,
0,57500,27548,8117,122,
0,57600,27590,8145,122,
0,57700,27639,8153,122,
0,57800,27681,8175,122,
0,57900,27734,8180,122,
0,58000,27796,8185,122,
0,58100,27859,8186,122,
0,58200,27887,8221,122,
0,58300,27951,8223,124,
0,58400,28016,8226,124,
0,58500,28063,8248,124,
0,58600,28115,8254,124,
0,58700,28181,8257,126,
0,58800,28236,8258,126,
0,58900,28289,8273,126,
0,59000,28352,8280,126,
0,59100,28405,8283,126,
0,59200,28473,8284,126,
0,59300,28510,8318,126,
0,59400,28572,8320,126,
0,59500,28630,8321,126,
0,59600,28686,8327,126,
0,59700,28741,8330,126,
0,59800,28800,8335,126,
0,59900,28860,8336,126,
0,60000,28904,8355,126,
0,60100,28969,8358,126,
0,60200,29023,8359,126,
0,60300,29052,8389,126,
0,60400,29079,8422,126,
0,60500,29146,8434,126,
0,60600,29201,8460,126,
0,60700,29244,8479,126,
0,60800,29282,8494,128,
0,60900,29334,8505,128,
0,61000,29395,8516,128,
0,61100,29456,8517,128,
0,61200,29517,8523,128,
0,61300,29579,8524,128,
0,61400,29602,8556,128,
0,61500,29639,8579,128,
0,61600,29678,8589,128,
0,61700,29740,8596,128,
0,61800,29766,8627,128,
0,61900,29814,8637,128,
0,62000,29850,8662,128,
0,62100,29880,8690,128,
0,62200,29939,8692,128,
0,62300,29993,8693,128,
0,62400,30023,8722,128,
0,62500,30055,8756,128,
0,62600,30104,8762,130,
0,62700,30148,8786,130,
0,62800,30171,8819,130,
0,62900,30215,8842,130,
0,63000,30269,8846,130,
0,63100,30299,8881,130,
0,63200,30329,8912,130,
0,63300,30383,8921,130,
0,63400,30433,8933,130,
0,63500,30464,8963,130,
0,63600,30532,8970,130,
0,63700,30584,8971,132,
0,63800,30621,8997,132,
0,63900,30680,9010,132,
0,64000,30734,9015,134,
0,64100,30800,9016,134,
0,64200,30852,9028,134,
0,64300,30897,9051,134,
0,64400,30950,9061,136,
0,64500,30987,9087,136,
0,64600,31049,9089,136,
0,64700,31097,9102,136,
0,64800,31143,9122,136,
0,64900,31192,9125,136,
0,65000,31254,9130,136,
0,65100,31308,9131,136,
0,65200,31370,9137,136,
0,65300,31431,9142,136,
0,65400,31490,9147,136,
0,65500,31559,9154,136,
0,65600,31584,9183,136,
0,65700,31637,9199,136,
0,65800,31689,9209,136,
0,65900,31717,9239,136,
0,66000,31747,9267,136,
0,66100,31806,9277,136,
0,66200,31864,9284,136,
0,66300,31920,9294,136,
0,66400,31980,9301,136,
0,66500,32035,9302,136,
0,66600,32065,9330,136,
0,66700,32130,9338,136,
0,66800,32182,9345,138,
0,66900,32225,9363,138,
0,67000,32259,9394,138,
0,67100,32296,9417,138,
0,67200,32350,9428,138,
0,67300,32407,9432,138,
0,67400,32461,9436,138,
0,67500,32522,9437,138,
0,67600,32592,9438,138,
0,67700,32622,9466,138,
0,67800,32677,9480,138,
0,67900,32720,9491,138,
0,68000,32784,9496,138,
0,68100,32814,9530,140,
0,68200,32862,9537,140,
0,68300,32930,9538,140,
0,68400,32979,9546,140,
0,68500,33028,9566,140,
0,68600,33072,9573,140,
0,68700,33100,9601,140,
0,68800,33131,9634,140,
0,68900,33188,9641,140,
0,69000,33224,9665,140,
0,69100,33275,9669,142,
0,69200,33316,9689,142,
0,69300,33364,9697,142,
0,69400,33402,9723,142,
0,69500,33462,9728,142,
0,69600,33521,9733,142,
0,69700,33592,9734,142,
0,69800,33643,9735,144,
0,69900,33691,9744,146,
0,70000,33744,9757,148,
0,70100,33775,9784,148,
0,70200,33807,9812,148,
0,70300,33862,9824,148,
0,70400,33900,9844,148,
0,70500,33952,9847,148,
0,70600,33994,9871,150,
0,70700,34038,9876,150,
0,70800,34099,9883,150,
0,70900,34163,9889,150,
0,71000,34206,9899,150,
0,71100,34240,9921,150,
0,71200,34269,9954,150,
0,71300,34307,9977,152,
0,71400,34351,9988,152,
0,71500,34388,10020,154,
0,71600,34419,10055,154,
0,71700,34475,10058,154,
0,71800,34545,10060,154,
0,71900,34575,10084,154,
0,72000,34620,10104,154,
0,72100,34667,10112,154,
0,72200,34726,10123,154,
0,72300,34756,10154,154,
0,72400,34812,10163,154,
0,72500,34855,10180,154,
0,72600,34908,10185,154,
0,72700,34970,10195,154,
0,72800,35026,10196,154,
0,72900,35085,10200,154,
0,73000,35119,10233,154,
0,73100,35166,10241,154,
0,73200,35206,10262,154,
0,73300,35224,10293,154,
0,73400,35258,10312,156,
0,73500,35304,10322,156,
0,73600,35368,10332,156,
0,73700,35396,10367,156,
0,73800,35445,10377,158,
0,73900,35479,10400,158,
0,74000,35514,10424,158,
0,74100,35561,10441,158,
0,74200,35614,10452,158,
0,74300,35640,10482,158,
0,74400,35699,10487,160,
0,74500,35749,10497,160,
0,74600,35809,10499,160,
0,74700,35830,10528,160,
0,74800,35870,10551,160,
0,74900,35918,10562,162,
0,75000,35976,10567,162,
0,75100,36026,10582,162,
0,75200,36072,10593,162,
0,75300,36120,10614,162,
0,75400,36175,10620,162,
0,75500,36216,10644,162,
0,75600,36263,10652,164,
0,75700,36292,10685,164,
0,75800,36327,10714,164,
0,75900,36375,10722,164,
0,76000,36424,10739,164,
0,76100,36477,10745,164,
0,76200,36519,10765,164,
0,76300,36567,10777,164,
0,76400,36629,10804,164,
0,76500,36686,10806,164,
0,76600,36754,10809,164,
0,76700,36818,10810,164,
0,76800,36854,10839,164,
0,76900,36895,10859,164,
0,77000,36945,10869,164,
0,77100,36987,10892,164,
0,77200,37014,10923,164,
0,77300,37068,10932,164,
0,77400,37105,10955,164,
0,77500,37131,10986,164,
0,77600,37192,10989,164,
0,77700,37255,10990,164,
0,77800,37320,10998,164,
0,77900,37388,11005,164,
0,78000,37453,11010,164,
0,78100,37508,11013,164,
0,78200,37562,11018,164,
0,78300,37603,11033,164,
0,78400,37649,11042,164,
0,78500,37711,11048,164,
0,78600,37769,11052,166,
0,78700,37816,11064,166,
0,78800,37860,11086,166,
0,78900,37882,11115,166,
0,79000,37945,11122,166,
0,79100,38001,11124,166,
0,79200,38053,11128,166,
0,79300,38119,11131,166,
0,79400,38171,11138,168,
0,79500,38226,11144,168,
0,79600,38279,11147,168,
0,79700,38316,11169,168,
0,79800,38365,11179,168,
0,79900,38416,11196,168,
0,80000,38473,11200,168,
0,80100,38516,11210,168,
0,80200,38562,11231,168,
0,80300,38610,11236,170,
0,80400,38669,11239,173,
0,80500,38731,11241,173,
0,80600,38788,11247,173,
0,80700,38818,11281,173,
0,80800,38871,11287,173,
0,80900,38909,11299,175,
0,81000,38963,11310,175,
0,81100,39013,11325,175,
0,81200,39055,11334,175,
0,81300,39110,11348,175,
0,81400,39137,11376,175,
0,81500,39197,11378,175,
0,81600,39259,11387,175,
0,81700,39312,11395,175,
0,81800,39361,11414,175,
0,81900,39412,11424,175,
0,82000,39446,11451,177,
0,82100,39471,11481,179,
0,82200,39524,11483,179,
0,82300,39593,11484,179,
0,82400,39616,11514,179,
0,82500,39678,11519,179,
0,82600,39738,11525,179,
0,82700,39779,11556,179,
0,82800,39833,11562,179,
0,82900,39887,11564,179,
0,83000,39945,11565,179,
0,83100,39968,11594,179,
0,83200,40008,11618,179,
0,83300,40061,11628,179,
0,83400,40097,11657,179,
0,83500,40128,11680,181,
0,83600,40180,11687,181,
0,83700,40222,11710,181,
0,83800,40281,11712,181,
0,83900,40338,11719,181,
0,84000,40402,11720,181,
0,84100,40432,11755,181,
0,84200,40462,11784,181,
0,84300,40527,11787,183,
0,84400,40590,11787,185,
0,84500,40623,11808,185,
0,84600,40664,11829,185,
0,84700,40713,11835,185,
0,84800,40747,11865,185,
0,84900,40783,11890,185,
0,85000,40834,11901,185,
0,85100,40869,11927,185,
0,85200,40892,11957,185,
0,85300,40931,11979,185,
0,85400,40974,11987,187,
0,85500,41008,12018,187,
0,85600,41033,12048,187,
0,85700,41081,12059,187,
0,85800,41121,12082,187,
0,85900,41176,12088,187,
0,86000,41244,12089,187,
0,86100,41290,12094,189,
0,86200,41350,12103,189,
0,86300,41378,12135,189,
0,86400,41437,12145,189,
