0,100,35,10,0,
0,200,87,15,0,
0,300,139,17,0,
0,400,202,19,0,
0,500,237,43,0,
0,600,271,65,0,
0,700,326,72,0,
0,800,362,102,0,
0,900,389,133,0,
0,1000,440,145,0,
0,1100,480,170,0,
0,1200,533,177,0,
0,1300,598,178,0,
0,1400,656,179,0,
0,1500,686,213,0,
0,1600,711,242,0,
0,1700,756,253,0,
0,1800,799,272,0,
0,1900,825,308,0,
0,2000,877,322,0,
0,2100,923,330,2,
0,2200,949,362,2,
0,2300,1005,366,2,
0,2400,1057,373,2,
0,2500,1098,395,2,
0,2600,1126,427,4,
0,2700,1188,432,4,
0,2800,1252,434,4,
0,2900,1319,437,4,
0,3000,1384,440,4,
0,3100,1443,445,4,
0,3200,1503,446,4,
0,3300,1538,479,4,
0,3400,1596,480,4,
0,3500,1652,482,4,
0,3600,1721,484,4,
0,3700,1750,518,4,
0,3800,1808,522,4,
0,3900,1865,523,4,
0,4000,1909,542,6,
0,4100,1950,563,6,
0,4200,1989,572,6,
0,4300,2023,603,6,
0,4400,2052,637,6,
0,4500,2105,645,6,
0,4600,2148,666,6,
0,4700,2170,695,8,
0,4800,2214,715,8,
0,4900,2259,727,8,
0,5000,2296,759,8,
0,5100,2348,771,8,
0,5200,2400,776,8,
0,5300,2464,779,8,
0,5400,2490,808,8,
0,5500,2535,829,8,
0,5600,2588,838,8,
0,5700,2643,843,8,
0,5800,2684,870,8,
0,5900,2734,881,8,
0,6000,2771,899,8,
0,6100,2797,927,10,
0,6200,2865,934,10,
0,6300,2914,935,10,
0,6400,2953,965,10,
0,6500,2990,996,10,
0,6600,3043,998,10,
0,6700,3099,999,10,
0,6800,3145,1005,10,
0,6900,3184,1025,10,
0,7000,3230,1035,10,
0,7100,3285,1038,10,
0,7200,3315,1068,10,
0,7300,3371,1078,10,
0,7400,3413,1100,10,
0,7500,3438,1133,10,
0,7600,3476,1152,10,
0,7700,3529,1161,10,
0,7800,3558,1193,10,
0,7900,3591,1225,10,
0,8000,3648,1234,12,
0,8100,3693,1253,12,
0,8200,3744,1258,12,
0,8300,3786,1276,12,
0,8400,3828,1284,12,
0,8500,3863,1312,12,
0,8600,3892,1345,12,
0,8700,3935,1356,14,
0,8800,3975,1376,14,
0,8900,4000,1408,14,
0,9000,4059,1410,14,
0,9100,4110,1413,14,
0,9200,4156,1441,14,
0,9300,4194,1468,14,
0,9400,4256,1476,14,
0,9500,4317,1479,14,
0,9600,4371,1491,14,
0,9700,4406,1514,14,
0,9800,4453,1527,14,
0,9900,4511,1537,14,
0,10000,4551,1562,14,
0,10100,4594,1574,14,
0,10200,4635,1597,14,
0,10300,4660,1628,14,
0,10400,4707,1648,14,
0,10500,4759,1658,14,
0,10600,4799,1694,14,
0,10700,4852,1698,14,
0,10800,4898,1707,14,
0,10900,4935,1728,14,
0,11000,4975,1742,16,
0,11100,5024,1763,16,
0,11200,5073,1772,16,
0,11300,5109,1804,16,
0,11400,5172,1812,16,
0,11500,5218,1822,16,
0,11600,5262,1843,16,
0,11700,5299,1871,16,
0,11800,5362,1874,16,
0,11900,5419,1876,16,
0,12000,5449,1907,16,
0,12100,5477,1939,16,
0,12200,5526,1946,16,
0,12300,5575,1958,16,
0,12400,5597,1993,16,
0,12500,5644,2008,16,
0,12600,5709,2009,16,
0,12700,5747,2042,18,
0,12800,5800,2048,18,
0,12900,5852,2052,18,
0,13000,5917,2054,18,
0,13100,5972,2062,18,
0,13200,6017,2085,18,
0,13300,6061,2092,20,
0,13400,6097,2128,20,
0,13500,6161,2131,22,
0,13600,6213,2142,22,
0,13700,6259,2163,22,
0,13800,6283,2196,22,
0,13900,6337,2201,22,
0,14000,6400,2202,22,
0,14100,6436,2230,22,
0,14200,6490,2233,24,
0,14300,6540,2243,26,
0,14400,6594,2264,26,
0,14500,6617,2294,26,
0,14600,6673,2297,26,
0,14700,6728,2299,26,
0,14800,6767,2324,26,
0,14900,6810,2341,26,
0,15000,6858,2354,26,
0,15100,6906,2370,26,
0,15200,6954,2374,26,
0,15300,6995,2393,26,
0,15400,7044,2405,26,
0,15500,7101,2407,26,
0,15600,7134,2440,26,
0,15700,7173,2449,26,
0,15800,7211,2472,26,
0,15900,7249,2495,28,
0,16000,7293,2516,28,
0,16100,7331,2529,31,
0,16200,7360,2558,31,
0,16300,7393,2585,31,
0,16400,7445,2592,31,
0,16500,7494,2617,31,
0,16600,7527,2647,31,
0,16700,7574,2665,31,
0,16800,7619,2676,31,
0,16900,7672,2692,31,
0,17000,7741,2697,31,
0,17100,7794,2704,31,
0,17200,7861,2709,31,
0,17300,7915,2712,31,
0,17400,7958,2734,31,
0,17500,8006,2742,31,
0,17600,8040,2773,31,
0,17700,8094,2777,31,
0,17800,8147,2783,31,
0,17900,8183,2806,31,
0,18000,8242,2809,31,
0,18100,8285,2831,31,
0,18200,8326,2840,31,
0,18300,8368,2869,31,
0,18400,8394,2898,31,
0,18500,8440,2908,31,
0,18600,8487,2927,31,
0,18700,8524,2941,33,
0,18800,8578,2959,33,
0,18900,8631,2963,33,
0,19000,8686,2972,33,
0,19100,8746,2973,33,
0,19200,8801,2984,33,
0,19300,8840,3008,35,
0,19400,8894,3011,35,
0,19500,8937,3033,37,
0,19600,8991,3036,37,
0,19700,9020,3071,39,
0,19800,9068,3085,39,
0,19900,9124,3088,41,
0,20000,9186,3090,41,
0,20100,9237,3093,41,
0,20200,9300,3098,41,
0,20300,9353,3099,41,
0,20400,9384,3127,41,
0,20500,9442,3138,41,
0,20600,9500,3140,41,
0,20700,9564,3141,41,
0,20800,9592,3172,41,
0,20900,9644,3190,41,
0,21000,9698,3198,41,
0,21100,9752,3203,41,
0,21200,9787,3232,41,
0,21300,9836,3241,41,
0,21400,9882,3264,41,
0,21500,9904,3295,41,
0,21600,9941,3315,41,
0,21700,9985,3325,41,
0,21800,10048,3333,41,
0,21900,10082,3364,41,
0,22000,10128,3375,41,
0,22100,10169,3394,41,
0,22200,10196,3431,41,
0,22300,10255,3437,41,
0,22400,10304,3447,41,
0,22500,10335,3487,41,
0,22600,10393,3501,41,
0,22700,10443,3514,41,
0,22800,10495,3531,41,
0,22900,10515,3562,41,
0,23000,10567,3578,41,
0,23100,10618,3581,41,
0,23200,10645,3612,41,
0,23300,10683,3642,41,
0,23400,10739,3647,41,
0,23500,10800,3649,41,
0,23600,10848,3655,41,
0,23700,10884,3676,41,
0,23800,10934,3691,41,
0,23900,10996,3701,41,
0,24000,11035,3733,41,
0,24100,11083,3743,41,
0,24200,11119,3765,41,
0,24300,11179,3768,41,
0,24400,11245,3773,41,
0,24500,11299,3775,43,
0,24600,11361,3778,43,
0,24700,11425,3781,43,
0,24800,11475,3793,43,
0,24900,11517,3813,43,
0,25000,11540,3844,43,
0,25100,11581,3862,43,
0,25200,11630,3870,43,
0,25300,11688,3878,43,
0,25400,11750,3880,43,
0,25500,11802,3886,43,
0,25600,11861,3889,43,
0,25700,11913,3891,43,
0,25800,11969,3911,43,
0,25900,12013,3923,43,
0,26000,12046,3954,43,
0,26100,12088,3981,43,
0,26200,12136,3984,43,
0,26300,12204,3986,43,
0,26400,12226,4017,45,
0,26500,12288,4022,45,
0,26600,12343,4023,45,
0,26700,12400,4027,45,
0,26800,12460,4039,45,
0,26900,12509,4049,45,
0,27000,12568,4058,45,
0,27100,12600,4086,45,
0,27200,12660,4095,45,
0,27300,12720,4096,45,
0,27400,12752,4127,45,
0,27500,12798,4160,45,
0,27600,12848,4169,45,
0,27700,12899,4190,45,
0,27800,12961,4193,45,
0,27900,13004,4214,45,
0,28000,13057,4227,45,
0,28100,13085,4261,45,
0,28200,13117,4291,45,
0,28300,13163,4299,45,
0,28400,13208,4320,45,
0,28500,13265,4330,45,
0,28600,13327,4333,45,
0,28700,13384,4334,47,
0,28800,13448,4342,47,
0,28900,13509,4351,47,
0,29000,13562,4359,47,
0,29100,13622,4366,47,
0,29200,13676,4370,47,
0,29300,13715,4392,47,
0,29400,13762,4402,47,
0,29500,13823,4408,47,
0,29600,13855,4441,49,
0,29700,13899,4451,49,
0,29800,13952,4469,49,
0,29900,14005,4476,49,
0,30000,14041,4498,49,
0,30100,14091,4505,49,
0,30200,14118,4540,49,
0,30300,14147,4573,49,
0,30400,14205,4575,49,
0,30500,14271,4576,49,
0,30600,14298,4609,49,
0,30700,14338,4631,49,
0,30800,14388,4644,49,
0,30900,14424,4675,49,
0,31000,14480,4682,49,
0,31100,14527,4686,49,
0,31200,14585,4687,49,
0,31300,14602,4717,51,
0,31400,14642,4735,51,
0,31500,14680,4746,55,
0,31600,14735,4753,55,
0,31700,14797,4764,57,
0,31800,14857,4767,57,
0,31900,14916,4775,57,
0,32000,14974,4780,57,
0,32100,15033,4781,57,
0,32200,15105,4782,57,
0,32300,15133,4817,57,
0,32400,15164,4850,57,
0,32500,15220,4859,57,
0,32600,15261,4882,57,
0,32700,15293,4904,57,
0,32800,15357,4910,59,
0,32900,15421,4911,59,
0,33000,15489,4918,59,
0,33100,15534,4938,59,
0,33200,15579,4950,59,
0,33300,15618,4972,59,
0,33400,15669,4976,59,
0,33500,15729,4983,59,
0,33600,15783,4986,59,
0,33700,15848,4997,59,
0,33800,15879,5030,59,
0,33900,15928,5034,61,
0,34000,15992,5035,61,
0,34100,16016,5064,61,
0,34200,16057,5086,61,
0,34300,16105,5094,61,
0,34400,16133,5125,61,
0,34500,16191,5128,61,
0,34600,16251,5137,61,
0,34700,16320,5140,61,
0,34800,16345,5173,61,
0,34900,16393,5194,61,
0,35000,16446,5201,61,
0,35100,16509,5204,61,
0,35200,16571,5213,61,
0,35300,16623,5222,61,
0,35400,16685,5225,61,
0,35500,16710,5258,61,
0,35600,16776,5263,61,
0,35700,16826,5265,61,
0,35800,16881,5286,61,
0,35900,16939,5296,63,
0,36000,16989,5302,63,
0,36100,17026,5325,63,
0,36200,17061,5352,65,
0,36300,17113,5369,65,
0,36400,17158,5378,65,
0,36500,17203,5405,65,
0,36600,17236,5437,65,
0,36700,17291,5447,67,
0,36800,17331,5465,69,
0,36900,17384,5469,69,
0,37000,17447,5470,69,
0,37100,17511,5471,69,
0,37200,17544,5500,69,
0,37300,17570,5530,69,
0,37400,17623,5533,69,
0,37500,17690,5534,69,
0,37600,17706,5568,69,
0,37700,17751,5588,69,
0,37800,17802,5599,69,
0,37900,17839,5627,69,
0,38000,17873,5661,69,
0,38100,17916,5672,69,
0,38200,17957,5698,69,
0,38300,17978,5727,69,
0,38400,18046,5733,69,
0,38500,18107,5734,69,
0,38600,18166,5742,69,
0,38700,18194,5770,69,
0,38800,18245,5780,69,
0,38900,18290,5804,69,
0,39000,18319,5833,69,
0,39100,18361,5854,69,
0,39200,18405,5867,69,
0,39300,18461,5873,69,
0,39400,18490,5902,69,
0,39500,18541,5910,69,
0,39600,18577,5937,69,
0,39700,18628,5940,69,
0,39800,18676,5964,69,
0,39900,18732,5966,69,
0,40000,18785,5973,69,
0,40100,18824,6000,69,
0,40200,18882,6005,69,
0,40300,18948,6007,69,
0,40400,18982,6028,69,
0,40500,19039,6048,69,
0,40600,19087,6060,69,
0,40700,19146,6069,69,
0,40800,19198,6091,69,
0,40900,19255,6093,69,
0,41000,19321,6094,69,
0,41100,19375,6097,69,
0,41200,19422,6117,69,
0,41300,19474,6129,69,
0,41400,19501,6160,69,
0,41500,19529,6193,69,
0,41600,19573,6204,69,
0,41700,19608,6228,69,
0,41800,19626,6258,71,
0,41900,19664,6281,71,
0,42000,19708,6291,71,
0,42100,19735,6325,71,
0,42200,19759,6356,71,
0,42300,19810,6366,71,
0,42400,19854,6391,71,
0,42500,19873,6419,71,
0,42600,19940,6423,71,
0,42700,20001,6425,71,
0,42800,20061,6431,71,
0,42900,20119,6433,71,
0,43000,20186,6435,71,
0,43100,20239,6446,71,
0,43200,20261,6477,73,
0,43300,20319,6480,73,
0,43400,20381,6481,73,
0,43500,20436,6484,73,
0,43600,20469,6514,73,
0,43700,20515,6520,75,
0,43800,20557,6539,75,
0,43900,20613,6548,77,
0,44000,20672,6548,77,
0,44100,20726,6550,77,
0,44200,20791,6552,77,
0,44300,20823,6579,79,
0,44400,20878,6584,79,
0,44500,20943,6586,79,
0,44600,20962,6619,79,
0,44700,21019,6622,79,
0,44800,21079,6623,79,
0,44900,21145,6626,79,
0,45000,21179,6658,79,
0,45100,21238,6663,79,
0,45200,21298,6664,79,
0,45300,21334,6694,79,
0,45400,21377,6717,79,
0,45500,21433,6729,79,
0,45600,21486,6749,79,
0,45700,21529,6778,79,
0,45800,21581,6780,79,
0,45900,21645,6781,79,
0,46000,21699,6786,79,
0,46100,21761,6790,79,
0,46200,21822,6792,79,
0,46300,21857,6821,79,
0,46400,21892,6853,79,
0,46500,21948,6862,79,
0,46600,21990,6880,79,
0,46700,22049,6884,79,
0,46800,22098,6903,79,
0,46900,22139,6915,81,
0,47000,22167,6943,83,
0,47100,22199,6972,83,
0,47200,22261,6983,83,
0,47300,22299,7004,83,
0,47400,22357,7010,83,
0,47500,22395,7030,83,
0,47600,22443,7039,83,
0,47700,22501,7049,83,
0,47800,22537,7081,83,
0,47900,22588,7089,83,
0,48000,22626,7114,83,
0,48100,22659,7145,83,
0,48200,22700,7168,83,
0,48300,22750,7175,83,
0,48400,22798,7191,83,
0,48500,22830,7222,83,
0,48600,22882,7230,85,
0,48700,22928,7248,85,
0,48800,22950,7278,85,
0,48900,22999,7299,85,
0,49000,23049,7309,85,
0,49100,23110,7315,85,
0,49200,23144,7336,87,
0,49300,23190,7345,87,
0,49400,23231,7374,87,
0,49500,23250,7409,87,
0,49600,23307,7413,87,
0,49700,23369,7415,87,
0,49800,23433,7427,87,
0,49900,23458,7458,87,
0,50000,23507,7465,87,
0,50100,23562,7473,87,
0,50200,23606,7500,87,
0,50300,23665,7507,87,
0,50400,23730,7508,87,
0,50500,23760,7541,87,
0,50600,23789,7569,87,
0,50700,23845,7574,87,
0,50800,23916,7575,87,
0,50900,23972,7579,87,
0,51000,24020,7601,87,
0,51100,24066,7608,87,
0,51200,24132,7611,87,
0,51300,24193,7617,87,
0,51400,24251,7618,87,
0,51500,24311,7620,87,
0,51600,24366,7623,87,
0,51700,24422,7628,87,
0,51800,24465,7640,89,
0,51900,24517,7643,89,
0,52000,24548,7676,89,
0,52100,24603,7684,89,
0,52200,24662,7698,89,
0,52300,24718,7703,89,
0,52400,24777,7705,89,
0,52500,24838,7706,89,
0,52600,24869,7730,89,
0,52700,24896,7759,89,
0,52800,24947,7762,89,
0,52900,25007,7763,89,
0,53000,25041,7789,89,
0,53100,25107,7793,89,
0,53200,25160,7794,89,
0,53300,25196,7823,89,
0,53400,25252,7841,89,
0,53500,25309,7846,89,
0,53600,25370,7849,89,
0,53700,25414,7866,89,
0,53800,25449,7888,91,
0,53900,25496,7897,91,
0,54000,25554,7902,91,
0,54100,25582,7931,91,
0,54200,25648,7937,91,
0,54300,25711,7947,91,
0,54400,25743,7976,91,
0,54500,25782,7994,93,
0,54600,25828,8006,93,
0,54700,25882,8009,93,
0,54800,25937,8012,95,
0,54900,25986,8025,95,
0,55000,26024,8047,95,
0,55100,26074,8050,95,
0,55200,26135,8058,95,
0,55300,26194,8061,95,
0,55400,26226,8094,95,
0,55500,26286,8105,95,
0,55600,26343,8113,95,
0,55700,26388,8136,95,
0,55800,26414,8175,95,
0,55900,26463,8193,95,
0,56000,26516,8195,97,
0,56100,26540,8228,99,
0,56200,26596,8235,99,
0,56300,26654,8242,99,
0,56400,26720,8243,99,
0,56500,26739,8275,99,
0,56600,26799,8279,99,
0,56700,26854,8280,99,
0,56800,26919,8282,99,
0,56900,26962,8303,101,
0,57000,27024,8314,101,
0,57100,27062,8333,101,
0,57200,27105,8355,101,
0,57300,27149,8378,101,
0,57400,27192,8388,101,
0,57500,27254,8393,101,
0,57600,27290,8423,101,
0,57700,27347,8427,103,
0,57800,27411,8430,103,
0,57900,27437,8457,103,
0,58000,27488,8481,103,
0,58100,27537,8489,103,
0,58200,27597,8491,103,
0,58300,27661,8495,105,
0,58400,27705,8504,105,
0,58500,27747,8530,105,
0,58600,27799,8536,105,
0,58700,27860,8543,105,
0,58800,27918,8544,105,
0,58900,27979,8559,105,
0,59000,28041,8562,105,
0,59100,28091,8572,105,
0,59200,28133,8592,105,
0,59300,28159,8624,105,
0,59400,28197,8643,105,
0,59500,28242,8655,105,
0,59600,28274,8689,105,
0,59700,28334,8691,105,
0,59800,28385,8693,105,
0,59900,28450,8694,105,
0,60000,28494,8706,105,
0,60100,28535,8727,105,
0,60200,28587,8739,105,
0,60300,28655,8744,105,
0,60400,28717,8749,105,
0,60500,28771,8756,105,
0,60600,28828,8757,105,
0,60700,28866,8784,105,
0,60800,28927,8791,105,
0,60900,28981,8794,105,
0,61000,29050,8799,105,
0,61100,29113,8802,105,
0,61200,29163,8806,105,
0,61300,29229,8807,105,
0,61400,29255,8838,105,
0,61500,29299,8858,105,
0,61600,29350,8867,105,
0,61700,29389,8896,105,
0,61800,29454,8904,105,
0,61900,29510,8905,105,
0,62000,29572,8913,105,
0,62100,29625,8924,105,
0,62200,29685,8925,105,
0,62300,29745,8926,105,
0,62400,29776,8956,105,
0,62500,29807,8991,105,
0,62600,29855,9000,105,
0,62700,29893,9022,105,
0,62800,29943,9037,105,
0,62900,30000,9058,105,
0,63000,30051,9072,105,
0,63100,30076,9106,105,
0,63200,30105,9135,105,
0,63300,30156,9139,105,
0,63400,30220,9144,105,
0,63500,30245,9172,107,
0,63600,30305,9175,107,
0,63700,30364,9176,107,
0,63800,30393,9209,107,
0,63900,30421,9237,107,
0,64000,30468,9248,109,
0,64100,30500,9269,109,
0,64200,30529,9298,109,
0,64300,30570,9320,109,
0,64400,30616,9329,109,
0,64500,30674,9336,109,
0,64600,30699,9371,109,
0,64700,30758,9372,109,
0,64800,30819,9373,109,
0,64900,30842,9405,111,
0,65000,30888,9424,111,
0,65100,30934,9432,111,
0,65200,30973,9461,111,
0,65300,31032,9467,111,
0,65400,31091,9471,111,
0,65500,31136,9493,111,
0,65600,31188,9503,111,
0,65700,31249,9510,111,
0,65800,31305,9512,111,
0,65900,31360,9535,111,
0,66000,31420,9538,111,
0,66100,31474,9549,111,
0,66200,31520,9573,111,
0,66300,31541,9603,113,
0,66400,31583,9623,113,
0,66500,31632,9634,113,
0,66600,31689,9638,113,
0,66700,31719,9669,113,
0,66800,31769,9672,113,
0,66900,31818,9681,116,
0,67000,31886,9685,116,
0,67100,31932,9702,116,
0,67200,31974,9714,116,
0,67300,32042,9725,116,
0,67400,32072,9758,116,
0,67500,32125,9761,116,
0,67600,32195,9763,116,
0,67700,32242,9767,118,
0,67800,32283,9790,118,
0,67900,32327,9799,118,
0,68000,32367,9825,118,
0,68100,32398,9851,120,
0,68200,32446,9859,120,
0,68300,32485,9881,120,
0,68400,32535,9887,120,
0,68500,32606,9893,120,
0,68600,32670,9896,120,
0,68700,32702,9929,120,
0,68800,32759,9932,120,
0,68900,32803,9943,120,
0,69000,32840,9962,120,
0,69100,32883,9980,120,
0,69200,32950,9985,120,
0,69300,33008,9986,120,
0,69400,33066,9990,120,
0,69500,33128,9994,120,
0,69600,33171,10006,120,
0,69700,33216,10030,120,
0,69800,33240,10060,122,
0,69900,33287,10083,122,
0,70000,33337,10093,122,
0,70100,33395,10103,122,
0,70200,33451,10105,122,
0,70300,33505,10110,122,
0,70400,33559,10113,122,
0,70500,33587,10144,122,
0,70600,33641,10148,122,
0,70700,33709,10149,122,
0,70800,33779,10154,122,
0,70900,33835,10158,122,
0,71000,33889,10167,122,
0,71100,33947,10177,122,
0,71200,33968,10209,122,
0,71300,34029,10214,122,
0,71400,34084,10217,122,
0,71500,34126,10238,122,
0,71600,34163,10264,122,
0,71700,34211,10275,122,
0,71800,34279,10282,122,
0,71900,34337,10289,122,
0,72000,34402,10295,124,
0,72100,34459,10296,126,
0,72200,34490,10325,126,
0,72300,34547,10331,126,
0,72400,34613,10339,126,
0,72500,34680,10341,126,
0,72600,34733,10350,126,
0,72700,34799,10352,126,
0,72800,34855,10353,126,
0,72900,34915,10360,126,
0,73000,34945,10393,128,
0,73100,35002,10396,128,
0,73200,35061,10397,128,
0,73300,35119,10400,128,
0,73400,35174,10418,128,
0,73500,35215,10429,128,
0,73600,35256,10457,128,
0,73700,35321,10459,128,
0,73800,35382,10462,128,
0,73900,35446,10463,128,
0,74000,35470,10494,128,
0,74100,35513,10514,128,
0,74200,35569,10524,130,
0,74300,35605,10554,130,
0,74400,35666,10559,132,
0,74500,35721,10571,132,
0,74600,35764,10591,132,
0,74700,35789,10622,132,
0,74800,35840,10642,134,
0,74900,35883,10652,134,
0,75000,35920,10686,134,
0,75100,35976,10689,134,
0,75200,36032,10699,134,
0,75300,36078,10717,134,
0,75400,36137,10723,134,
0,75500,36197,10725,134,
0,75600,36246,10726,136,
0,75700,36299,10735,136,
0,75800,36341,10760,136,
0,75900,36389,10769,136,
0,76000,36436,10794,138,
0,76100,36475,10816,138,
0,76200,36523,10840,138,
0,76300,36568,10850,138,
0,76400,36628,10853,138,
0,76500,36667,10881,138,
0,76600,36725,10885,138,
0,76700,36790,10887,138,
0,76800,36816,10918,138,
0,76900,36872,10929,138,
0,77000,36929,10930,140,
0,77100,36967,10961,140,
0,77200,36994,10995,140,
0,77300,37042,11004,140,
0,77400,37104,11005,140,
0,77500,37154,11014,140,
0,77600,37215,11020,140,
0,77700,37269,11021,140,
0,77800,37328,11023,140,
0,77900,37392,11026,140,
0,78000,37453,11028,140,
0,78100,37508,11029,140,
0,78200,37541,11054,140,
0,78300,37597,11058,140,
0,78400,37654,11059,142,
0,78500,37720,11061,142,
0,78600,37782,11076,142,
0,78700,37835,11081,144,
0,78800,37877,11106,144,
0,78900,37901,11141,144,
0,79000,37962,11144,144,
0,79100,38018,11145,144,
0,79200,38048,11177,144,
0,79300,38103,11185,144,
0,79400,38164,11192,144,
0,79500,38231,11193,144,
0,79600,38284,11195,144,
0,79700,38322,11216,144,
0,79800,38374,11228,144,
0,79900,38432,11234,144,
0,80000,38491,11249,144,
0,80100,38549,11259,144,
0,80200,38590,11276,144,
0,80300,38622,11307,144,
0,80400,38667,11330,144,
0,80500,38708,11344,144,
0,80600,38753,11371,144,
0,80700,38789,11404,144,
0,80800,38838,11415,144,
0,80900,38888,11439,144,
0,81000,38907,11472,144,
0,81100,38965,11474,146,
0,81200,39022,11475,146,
0,81300,39060,11508,146,
0,81400,39093,11538,146,
0,81500,39150,11545,146,
0,81600,39216,11547,146,
0,81700,39257,11571,146,
0,81800,39305,11592,146,
0,81900,39351,11600,146,
0,82000,39398,11626,148,
0,82100,39433,11657,148,
0,82200,39485,11663,148,
0,82300,39543,11666,148,
0,82400,39591,11672,148,
0,82500,39648,11681,148,
0,82600,39704,11682,148,
0,82700,39763,11684,148,
0,82800,39829,11688,148,
0,82900,39886,11696,148,
0,83000,39954,11698,148,
0,83100,39978,11732,148,
0,83200,40015,11754,148,
0,83300,40059,11763,148,
0,83400,40087,11788,148,
0,83500,40131,11818,148,
0,83600,40171,11830,148,
0,83700,40212,11856,148,
0,83800,40259,11863,148,
0,83900,40319,11868,148,
0,84000,40385,11869,148,
0,84100,40412,11895,148,
0,84200,40456,11913,148,
0,84300,40510,11922,148,
0,84400,40553,11947,148,
0,84500,40609,11950,148,
0,84600,40645,11969,148,
0,84700,40687,11978,148,
0,84800,40738,11990,148,
0,84900,40802,11994,148,
0,85000,40848,12003,148,
0,85100,40890,12021,148,
0,85200,40917,12058,148,
0,85300,40973,12061,148,
0,85400,41027,12062,148,
0,85500,41066,12091,148,
0,85600,41099,12125,148,
0,85700,41157,12129,148,
0,85800,41224,12132,148,
0,85900,41277,12136,148,
0,86000,41318,12158,149,
0,86100,41364,12168,149,
0,86200,41396,12199,149,
0,86300,41426,12230,149,
0,86400,41483,12242,149,
