0,100,25,12,2,
0,200,52,41,2,
0,300,110,47,2,
0,400,174,52,2,
0,500,192,86,4,
0,600,239,108,4,
0,700,286,118,4,
0,800,315,150,4,
0,900,375,155,4,
0,1000,422,163,4,
0,1100,464,183,4,
0,1200,517,195,4,
0,1300,555,219,4,
0,1400,591,228,6,
0,1500,649,237,6,
0,1600,710,242,6,
0,1700,773,247,6,
0,1800,840,248,6,
0,1900,863,279,6,
0,2000,907,298,6,
0,2100,952,309,6,
0,2200,994,332,6,
0,2300,1054,338,8,
0,2400,1117,342,8,
0,2500,1180,344,8,
0,2600,1225,347,8,
0,2700,1280,357,8,
0,2800,1337,358,10,
0,2900,1394,361,10,
0,3000,1456,363,12,
0,3100,1513,372,12,
0,3200,1578,373,12,
0,3300,1601,407,12,
0,3400,1647,429,12,
0,3500,1693,439,14,
0,3600,1722,472,14,
0,3700,1750,506,14,
0,3800,1808,513,14,
0,3900,1871,514,14,
0,4000,1899,540,14,
0,4100,1946,558,14,
0,4200,1989,571,16,
0,4300,2051,574,18,
0,4400,2086,595,18,
0,4500,2136,602,18,
0,4600,2176,626,18,
0,4700,2206,654,18,
0,4800,2249,677,18,
0,4900,2297,688,18,
0,5000,2329,716,18,
0,5100,2390,717,18,
0,5200,2436,727,18,
0,5300,2480,752,18,
0,5400,2528,755,18,
0,5500,2597,762,18,
0,5600,2651,764,18,
0,5700,2684,796,18,
0,5800,2750,798,18,
0,5900,2805,803,18,
0,6000,2883,807,18,
0,6100,2912,843,18,
0,6200,2973,852,18,
0,6300,3027,853,18,
0,6400,3091,859,18,
0,6500,3119,894,19,
0,6600,3168,905,19,
0,6700,3211,926,19,
0,6800,3229,954,19,
0,6900,3274,974,19,
0,7000,3314,986,19,
0,7100,3378,990,19,
0,7200,3411,1019,19,
0,7300,3460,1027,19,
0,7400,3502,1050,19,
0,7500,3541,1068,19,
0,7600,3598,1076,19,
0,7700,3664,1077,19,
0,7800,3694,1114,19,
0,7900,3760,1117,19,
0,8000,3810,1127,19,
0,8100,3846,1151,21,
0,8200,3884,1178,21,
0,8300,3947,1183,21,
0,8400,4002,1184,21,
0,8500,4056,1190,21,
0,8600,4122,1192,21,
0,8700,4171,1202,21,
0,8800,4218,1231,21,
0,8900,4271,1236,21,
0,9000,4314,1260,21,
0,9100,4358,1271,21,
0,9200,4397,1302,21,
0,9300,4444,1322,21,
0,9400,4501,1326,21,
0,9500,4563,1327,21,
0,9600,4585,1358,21,
0,9700,4634,1379,21,
0,9800,4680,1393,21,
0,9900,4709,1421,21,
0,10000,4735,1452,21,
0,10100,4784,1461,21,
0,10200,4831,1477,21,
0,10300,4856,1507,21,
0,10400,4905,1524,21,
0,10500,4953,1537,21,
0,10600,4983,1571,21,
0,10700,5043,1574,21,
0,10800,5088,1581,23,
0,10900,5125,1604,23,
0,11000,5176,1614,23,
0,11100,5242,1615,23,
0,11200,5307,1616,23,
0,11300,5350,1647,23,
0,11400,5414,1653,23,
0,11500,5465,1656,23,
0,11600,5533,1657,23,
0,11700,5562,1684,23,
0,11800,5611,1701,23,
0,11900,5653,1708,23,
0,12000,5684,1737,23,
0,12100,5748,1742,23,
0,12200,5794,1754,23,
0,12300,5834,1775,23,
0,12400,5873,1791,23,
0,12500,5915,1812,23,
0,12600,5957,1821,23,
0,12700,6005,1847,23,
0,12800,6047,1876,23,
0,12900,6099,1879,23,
0,13000,6161,1882,23,
0,13100,6187,1910,23,
0,13200,6247,1915,23,
0,13300,6299,1916,25,
0,13400,6352,1929,25,
0,13500,6405,1954,25,
0,13600,6459,1963,25,
0,13700,6500,1985,25,
0,13800,6549,1997,25,
0,13900,6594,2016,25,
0,14000,6637,2029,29,
0,14100,6680,2060,29,
0,14200,6739,2063,29,
0,14300,6786,2074,29,
0,14400,6828,2103,29,
0,14500,6853,2135,29,
0,14600,6917,2144,29,
0,14700,6971,2145,29,
0,14800,7030,2151,29,
0,14900,7059,2186,31,
0,15000,7106,2198,31,
0,15100,7151,2218,31,
0,15200,7176,2252,31,
0,15300,7235,2255,31,
0,15400,7299,2257,31,
0,15500,7358,2262,31,
0,15600,7385,2292,31,
0,15700,7432,2301,31,
0,15800,7483,2312,33,
0,15900,7534,2314,33,
0,16000,7575,2337,33,
0,16100,7620,2349,33,
0,16200,7675,2357,35,
0,16300,7736,2363,35,
0,16400,7792,2367,35,
0,16500,7861,2368,35,
0,16600,7890,2395,35,
0,16700,7930,2418,37,
0,16800,7974,2426,37,
0,16900,8009,2455,37,
0,17000,8065,2458,37,
0,17100,8124,2462,37,
0,17200,8200,2463,37,
0,17300,8229,2491,37,
0,17400,8274,2511,37,
0,17500,8322,2524,37,
0,17600,8380,2539,37,
0,17700,8419,2569,39,
0,17800,8471,2577,39,
0,17900,8513,2600,39,
0,18000,8538,2629,39,
0,18100,8599,2631,39,
0,18200,8659,2632,39,
0,18300,8690,2664,39,
0,18400,8750,2667,39,
0,18500,8796,2677,39,
0,18600,8832,2700,39,
0,18700,8883,2705,41,
0,18800,8924,2728,41,
0,18900,8981,2740,41,
0,19000,9016,2770,41,
0,19100,9047,2796,41,
0,19200,9106,2803,41,
0,19300,9144,2829,41,
0,19400,9167,2863,41,
0,19500,9228,2868,41,
0,19600,9286,2869,41,
0,19700,9321,2906,41,
0,19800,9380,2909,41,
0,19900,9436,2912,41,
0,20000,9499,2920,41,
0,20100,9528,2952,41,
0,20200,9572,2971,41,
0,20300,9615,2981,41,
0,20400,9680,2984,41,
0,20500,9707,3013,43,
0,20600,9766,3024,43,
0,20700,9807,3049,43,
0,20800,9857,3058,43,
0,20900,9906,3078,43,
0,21000,9954,3086,43,
0,21100,9983,3120,43,
0,21200,10012,3152,43,
0,21300,10061,3159,43,
0,21400,10132,3160,43,
0,21500,10156,3191,43,
0,21600,10219,3195,43,
0,21700,10260,3204,45,
0,21800,10326,3206,45,
0,21900,10384,3210,45,
0,22000,10432,3218,45,
0,22100,10470,3241,47,
0,22200,10498,3268,47,
0,22300,10563,3272,47,
0,22400,10620,3273,47,
0,22500,10653,3305,47,
0,22600,10680,3337,47,
0,22700,10730,3348,47,
0,22800,10770,3372,47,
0,22900,10813,3390,47,
0,23000,10875,3391,47,
0,23100,10934,3392,47,
0,23200,10973,3424,47,
0,23300,11039,3425,47,
0,23400,11093,3434,47,
0,23500,11135,3456,47,
0,23600,11155,3491,47,
0,23700,11191,3512,49,
0,23800,11248,3517,49,
0,23900,11280,3543,49,
0,24000,11310,3576,49,
0,24100,11368,3577,49,
0,24200,11441,3581,49,
0,24300,11494,3583,49,
0,24400,11568,3586,49,
0,24500,11624,3588,49,
0,24600,11690,3592,49,
0,24700,11748,3594,49,
0,24800,11804,3599,49,
0,24900,11867,3600,49,
0,25000,11889,3636,49,
0,25100,11950,3643,49,
0,25200,12001,3644,49,
0,25300,12027,3678,51,
0,25400,12090,3685,51,
0,25500,12150,3691,51,
0,25600,12215,3693,51,
0,25700,12273,3695,51,
0,25800,12324,3714,51,
0,25900,12367,3724,51,
0,26000,12432,3737,51,
0,26100,12461,3767,51,
0,26200,12512,3775,51,
0,26300,12575,3776,51,
0,26400,12601,3806,51,
0,26500,12643,3829,51,
0,26600,12697,3842,51,
0,26700,12730,3870,51,
0,26800,12760,3902,51,
0,26900,12812,3906,51,
0,27000,12876,3911,51,
0,27100,12901,3946,51,
0,27200,12946,3962,51,
0,27300,12993,3966,51,
0,27400,13051,3977,51,
0,27500,13107,3980,51,
0,27600,13154,3990,51,
0,27700,13191,4016,53,
0,27800,13216,4047,53,
0,27900,13281,4051,53,
0,28000,13342,4052,55,
0,28100,13399,4066,55,
0,28200,13457,4072,55,
0,28300,13513,4084,55,
0,28400,13550,4104,55,
0,28500,13594,4116,55,
0,28600,13658,4117,55,
0,28700,13722,4118,55,
0,28800,13750,4148,55,
0,28900,13817,4151,55,
0,29000,13877,4159,55,
0,29100,13933,4182,55,
0,29200,13961,4211,55,
0,29300,14007,4236,57,
0,29400,14060,4248,57,
0,29500,14084,4282,57,
0,29600,14116,4312,57,
0,29700,14177,4316,57,
0,29800,14240,4322,57,
0,29900,14294,4326,57,
0,30000,14364,4328,57,
0,30100,14426,4329,57,
0,30200,14494,4333,57,
0,30300,14550,4336,57,
0,30400,14615,4346,57,
0,30500,14666,4365,57,
0,30600,14687,4394,57,
0,30700,14729,4409,57,
0,30800,14770,4419,57,
0,30900,14795,4455,57,
0,31000,14849,4462,57,
0,31100,14891,4474,57,
0,31200,14942,4495,57,
0,31300,14960,4526,57,
0,31400,15020,4532,57,
0,31500,15069,4534,57,
0,31600,15108,4564,57,
0,31700,15144,4596,57,
0,31800,15190,4608,57,
0,31900,15233,4628,59,
0,32000,15254,4660,59,
0,32100,15314,4667,59,
0,32200,15377,4668,61,
0,32300,15419,4697,61,
0,32400,15452,4729,61,
0,32500,15505,4738,61,
0,32600,15552,4755,61,
0,32700,15595,4770,61,
0,32800,15660,4775,61,
0,32900,15723,4776,61,
0,33000,15785,4782,61,
0,33100,15817,4814,61,
0,33200,15860,4822,61,
0,33300,15904,4847,61,
0,33400,15925,4880,61,
0,33500,15967,4899,61,
0,33600,16013,4909,61,
0,33700,16062,4924,61,
0,33800,16090,4953,61,
0,33900,16138,4964,61,
0,34000,16180,4988,61,
0,34100,16215,5018,61,
0,34200,16278,5024,61,
0,34300,16334,5027,61,
0,34400,16371,5052,61,
0,34500,16428,5061,61,
0,34600,16484,5072,61,
0,34700,16525,5095,61,
0,34800,16581,5097,61,
0,34900,16642,5112,61,
0,35000,16701,5113,61,
0,35100,16732,5145,61,
0,35200,16762,5172,61,
0,35300,16818,5183,61,
0,35400,16859,5206,61,
0,35500,16911,5211,61,
0,35600,16955,5230,63,
0,35700,17007,5234,63,
0,35800,17068,5235,65,
0,35900,17126,5236,65,
0,36000,17175,5248,65,
0,36100,17218,5268,65,
0,36200,17243,5300,67,
0,36300,17300,5303,67,
0,36400,17356,5304,67,
0,36500,17421,5311,67,
0,36600,17483,5313,69,
0,36700,17543,5322,71,
0,36800,17611,5327,71,
0,36900,17669,5334,71,
0,37000,17737,5336,71,
0,37100,17798,5337,71,
0,37200,17839,5368,71,
0,37300,17874,5395,71,
0,37400,17926,5403,71,
0,37500,17989,5406,71,
0,37600,18021,5434,71,
0,37700,18065,5455,71,
0,37800,18112,5461,71,
0,37900,18147,5496,71,
0,38000,18181,5521,71,
0,38100,18231,5531,71,
0,38200,18292,5532,71,
0,38300,18348,5537,71,
0,38400,18408,5539,71,
0,38500,18457,5549,71,
0,38600,18526,5553,71,
0,38700,18551,5586,71,
0,38800,18597,5597,71,
0,38900,18639,5618,71,
0,39000,18664,5647,71,
0,39100,18709,5666,71,
0,39200,18759,5673,71,
0,39300,18788,5705,71,
0,39400,18850,5708,71,
0,39500,18906,5718,71,
0,39600,18945,5739,71,
0,39700,18975,5774,71,
0,39800,19023,5796,71,
0,39900,19071,5807,71,
0,40000,19122,5817,71,
0,40100,19159,5845,71,
0,40200,19209,5855,71,
0,40300,19249,5874,71,
0,40400,19269,5903,71,
0,40500,19326,5909,71,
0,40600,19381,5911,73,
0,40700,19442,5923,73,
0,40800,19474,5955,73,
0,40900,19529,5958,73,
0,41000,19590,5959,73,
0,41100,19612,5988,73,
0,41200,19654,6008,73,
0,41300,19701,6017,73,
0,41400,19767,6020,73,
0,41500,19827,6028,73,
0,41600,19879,6033,73,
0,41700,19942,6035,73,
0,41800,19995,6038,73,
0,41900,20031,6060,73,
0,42000,20082,6071,73,
0,42100,20142,6079,73,
0,42200,20208,6083,73,
0,42300,20261,6094,73,
0,42400,20302,6118,73,
0,42500,20335,6144,75,
0,42600,20384,6163,75,
0,42700,20428,6171,77,
0,42800,20490,6183,77,
0,42900,20518,6215,77,
0,43000,20567,6225,77,
0,43100,20613,6248,77,
0,43200,20641,6280,77,
0,43300,20693,6305,77,
0,43400,20734,6319,77,
0,43500,20761,6352,77,
0,43600,20823,6357,77,
0,43700,20878,6362,77,
0,43800,20948,6364,77,
0,43900,20968,6398,77,
0,44000,21010,6417,77,
0,44100,21058,6428,79,
0,44200,21123,6430,79,
0,44300,21156,6461,79,
0,44400,21221,6468,79,
0,44500,21280,6469,79,
0,44600,21302,6501,79,
0,44700,21353,6520,79,
0,44800,21400,6529,79,
0,44900,21457,6539,79,
0,45000,21486,6571,79,
0,45100,21551,6576,79,
0,45200,21618,6579,79,
0,45300,21676,6586,79,
0,45400,21709,6605,79,
0,45500,21760,6618,79,
0,45600,21818,6631,79,
0,45700,21872,6641,79,
0,45800,21927,6646,79,
0,45900,21995,6647,79,
0,46000,22019,6678,79,
0,46100,22062,6701,79,
0,46200,22101,6713,79,
0,46300,22150,6738,79,
0,46400,22185,6767,79,
0,46500,22235,6770,79,
0,46600,22305,6771,79,
0,46700,22360,6778,79,
0,46800,22406,6797,79,
0,46900,22451,6811,79,
0,47000,22489,6845,79,
0,47100,22558,6845,79,
0,47200,22610,6853,81,
0,47300,22650,6879,81,
0,47400,22672,6910,81,
0,47500,22735,6915,81,
0,47600,22789,6916,81,
0,47700,22849,6922,81,
0,47800,22913,6931,81,
0,47900,22969,6936,81,
0,48000,23027,6937,81,
0,48100,23076,6942,83,
0,48200,23137,6945,83,
0,48300,23198,6946,83,
0,48400,23255,6950,83,
0,48500,23284,6982,85,
0,48600,23336,6992,85,
0,48700,23368,7016,85,
0,48800,23400,7039,85,
0,48900,23459,7040,85,
0,49000,23509,7041,85,
0,49100,23570,7043,85,
0,49200,23629,7048,85,
0,49300,23676,7060,85,
0,49400,23709,7082,85,
0,49500,23767,7086,87,
0,49600,23816,7108,87,
0,49700,23860,7116,87,
0,49800,23898,7150,87,
0,49900,23936,7175,87,
0,50000,23985,7179,87,
0,50100,24053,7180,87,
0,50200,24076,7210,89,
0,50300,24138,7226,89,
0,50400,24183,7235,89,
0,50500,24248,7240,89,
0,50600,24308,7242,89,
0,50700,24363,7246,89,
0,50800,24422,7247,89,
0,50900,24444,7274,89,
0,51000,24510,7284,89,
0,51100,24563,7285,89,
0,51200,24588,7318,89,
0,51300,24622,7345,89,
0,51400,24675,7352,89,
0,51500,24739,7353,89,
0,51600,24762,7386,89,
0,51700,24802,7403,89,
0,51800,24848,7413,89,
0,51900,24905,7417,89,
0,52000,24963,7425,89,
0,52100,25019,7434,89,
0,52200,25072,7454,89,
0,52300,25110,7481,89,
0,52400,25169,7496,89,
0,52500,25219,7501,89,
0,52600,25245,7529,89,
0,52700,25288,7560,89,
0,52800,25340,7570,89,
0,52900,25379,7591,89,
0,53000,25412,7609,91,
0,53100,25464,7630,91,
0,53200,25519,7635,91,
0,53300,25584,7643,91,
0,53400,25645,7646,91,
0,53500,25696,7651,91,
0,53600,25760,7653,91,
0,53700,25794,7677,91,
0,53800,25841,7699,93,
0,53900,25892,7710,95,
0,54000,25956,7714,95,
0,54100,25985,7745,95,
0,54200,26044,7748,95,
0,54300,26113,7749,95,
0,54400,26167,7760,95,
0,54500,26242,7766,95,
0,54600,26303,7767,95,
0,54700,26362,7770,95,
0,54800,26424,7775,95,
0,54900,26481,7778,95,
0,55000,26542,7781,95,
0,55100,26566,7810,95,
0,55200,26609,7831,97,
0,55300,26660,7843,97,
0,55400,26716,7854,97,
0,55500,26741,7887,97,
0,55600,26793,7891,97,
0,55700,26860,7895,97,
0,55800,26910,7897,97,
0,55900,26968,7906,97,
0,56000,27032,7908,97,
0,56100,27098,7912,97,
0,56200,27128,7939,97,
0,56300,27184,7940,97,
0,56400,27255,7941,97,
0,56500,27303,7951,97,
0,56600,27367,7957,97,
0,56700,27423,7958,97,
0,56800,27462,7988,97,
0,56900,27508,8013,97,
0,57000,27571,8018,97,
0,57100,27628,8028,99,
0,57200,27648,8059,99,
0,57300,27711,8067,99,
0,57400,27779,8068,99,
0,57500,27843,8070,99,
0,57600,27902,8072,99,
0,57700,27955,8078,99,
0,57800,28019,8082,99,
0,57900,28067,8093,99,
0,58000,28129,8094,101,
0,58100,28178,8095,101,
0,58200,28219,8128,101,
0,58300,28252,8156,101,
0,58400,28314,8162,101,
0,58500,28380,8167,101,
0,58600,28433,8169,101,
0,58700,28488,8170,101,
0,58800,28544,8171,101,
0,58900,28580,8195,104,
0,59000,28619,8228,104,
0,59100,28665,8237,106,
0,59200,28711,8261,106,
0,59300,28737,8294,108,
0,59400,28788,8310,108,
0,59500,28830,8324,110,
0,59600,28892,8329,110,
0,59700,28923,8360,110,
0,59800,28982,8368,110,
0,59900,29024,8393,110,
0,60000,29084,8402,110,
0,60100,29126,8423,110,
0,60200,29174,8433,110,
0,60300,29207,8467,110,
0,60400,29234,8501,110,
0,60500,29293,8505,110,
0,60600,29357,8509,110,
0,60700,29406,8518,110,
0,60800,29469,8526,110,
0,60900,29521,8532,110,
0,61000,29578,8538,110,
0,61100,29643,8540,110,
0,61200,29691,8551,110,
0,61300,29734,8572,110,
0,61400,29758,8602,112,
0,61500,29813,8623,112,
0,61600,29862,8635,112,
0,61700,29916,8654,112,
0,61800,29986,8659,112,
0,61900,30038,8669,112,
0,62000,30082,8692,112,
0,62100,30117,8723,112,
0,62200,30158,8742,112,
0,62300,30210,8756,112,
0,62400,30237,8787,112,
0,62500,30278,8809,114,
0,62600,30324,8820,114,
0,62700,30365,8841,114,
0,62800,30388,8877,114,
0,62900,30452,8885,114,
0,63000,30512,8886,114,
0,63100,30548,8920,114,
0,63200,30575,8953,114,
0,63300,30640,8956,114,
0,63400,30707,8957,114,
0,63500,30756,8961,114,
0,63600,30821,8972,114,
0,63700,30876,8978,114,
0,63800,30904,9007,114,
0,63900,30960,9010,116,
0,64000,31005,9019,116,
0,64100,31047,9044,116,
0,64200,31067,9076,116,
0,64300,31118,9080,116,
0,64400,31173,9081,116,
0,64500,31219,9104,116,
0,64600,31255,9135,116,
0,64700,31309,9139,118,
0,64800,31372,9140,118,
0,64900,31392,9172,122,
0,65000,31427,9191,122,
0,65100,31477,9204,122,
0,65200,31518,9235,122,
0,65300,31547,9268,122,
0,65400,31605,9269,122,
0,65500,31663,9270,122,
0,65600,31702,9292,122,
0,65700,31751,9316,122,
0,65800,31798,9329,122,
0,65900,31863,9336,122,
0,66000,31890,9370,122,
0,66100,31939,9374,122,
0,66200,32009,9375,122,
0,66300,32031,9409,122,
0,66400,32095,9412,122,
0,66500,32152,9413,122,
0,66600,32193,9442,122,
0,66700,32256,9453,122,
0,66800,32315,9458,122,
0,66900,32391,9459,122,
0,67000,32425,9493,122,
0,67100,32467,9515,122,
0,67200,32504,9527,122,
0,67300,32530,9558,122,
0,67400,32560,9588,122,
0,67500,32618,9588,122,
0,67600,32679,9594,122,
0,67700,32731,9599,124,
0,67800,32790,9599,124,
0,67900,32845,9600,126,
0,68000,32905,9602,126,
0,68100,32964,9607,128,
0,68200,33021,9611,128,
0,68300,33081,9612,128,
0,68400,33134,9615,128,
0,68500,33190,9625,128,
0,68600,33239,9626,128,
0,68700,33304,9630,128,
0,68800,33367,9641,128,
0,68900,33416,9654,128,
0,69000,33451,9676,128,
0,69100,33511,9682,128,
0,69200,33570,9683,128,
0,69300,33630,9684,128,
0,69400,33660,9713,130,
0,69500,33693,9741,130,
0,69600,33753,9747,130,
0,69700,33813,9749,130,
0,69800,33852,9768,130,
0,69900,33894,9791,130,
0,70000,33943,9802,130,
0,70100,33980,9834,130,
0,70200,34041,9843,130,
0,70300,34097,9848,130,
0,70400,34160,9849,130,
0,70500,34183,9880,130,
0,70600,34250,9884,130,
0,70700,34309,9885,130,
0,70800,34352,9906,130,
0,70900,34403,9926,130,
0,71000,34463,9929,130,
0,71100,34530,9929,132,
0,71200,34551,9959,132,
0,71300,34601,9977,132,
0,71400,34662,9982,132,
0,71500,34696,10013,132,
0,71600,34755,10019,132,
0,71700,34803,10028,132,
0,71800,34843,10049,132,
0,71900,34884,10069,132,
0,72000,34925,10090,132,
0,72100,34972,10102,132,
0,72200,35023,10109,132,
0,72300,35056,10140,132,
0,72400,35108,10151,132,
0,72500,35159,10173,132,
0,72600,35196,10190,132,
0,72700,35253,10192,132,
0,72800,35307,10193,132,
0,72900,35375,10196,132,
0,73000,35408,10224,132,
0,73100,35458,10233,132,
0,73200,35517,10244,132,
0,73300,35537,10274,134,
0,73400,35599,10281,134,
0,73500,35659,10284,134,
0,73600,35726,10292,134,
0,73700,35761,10317,134,
0,73800,35812,10326,134,
0,73900,35855,10349,134,
0,74000,35903,10352,134,
0,74100,35963,10353,134,
0,74200,36018,10353,136,
0,74300,36082,10356,136,
0,74400,36142,10357,136,
0,74500,36201,10362,136,
0,74600,36267,10363,136,
0,74700,36292,10391,138,
0,74800,36355,10393,138,
0,74900,36422,10401,138,
0,75000,36474,10426,138,
0,75100,36534,10428,140,
0,75200,36589,10430,140,
0,75300,36653,10432,140,
0,75400,36676,10461,140,
0,75500,36721,10480,140,
0,75600,36763,10489,140,
0,75700,36804,10512,140,
0,75800,36836,10545,142,
0,75900,36884,10556,142,
0,76000,36922,10576,142,
0,76100,36943,10611,144,
0,76200,36996,10633,144,
0,76300,37041,10644,144,
0,76400,37072,10672,144,
0,76500,37103,10703,144,
0,76600,37156,10710,144,
0,76700,37200,10728,144,
0,76800,37231,10758,144,
0,76900,37290,10760,144,
0,77000,37367,10761,144,
0,77100,37427,10768,144,
0,77200,37455,10799,144,
0,77300,37504,10808,146,
0,77400,37546,10823,146,
0,77500,37599,10829,146,
0,77600,37660,10833,146,
0,77700,37710,10837,146,
0,77800,37754,10860,146,
0,77900,37807,10866,146,
0,78000,37863,10870,146,
0,78100,37930,10873,146,
0,78200,37986,10879,146,
0,78300,38045,10885,146,
0,78400,38109,10887,146,
0,78500,38168,10889,146,
0,78600,38202,10924,146,
0,78700,38254,10933,146,
0,78800,38288,10953,146,
0,78900,38338,10957,146,
0,79000,38378,10977,146,
0,79100,38427,10987,146,
0,79200,38496,10996,146,
0,79300,38528,11023,146,
0,79400,38579,11033,146,
0,79500,38621,11055,146,
0,79600,38659,11080,146,
0,79700,38709,11094,146,
0,79800,38769,11095,146,
0,79900,38802,11124,146,
0,80000,38865,11126,146,
0,80100,38919,11130,146,
0,80200,38982,11131,146,
0,80300,39040,11143,146,
0,80400,39099,11145,146,
0,80500,39159,11146,146,
0,80600,39189,11179,146,
0,80700,39227,11210,146,
0,80800,39273,11220,146,
0,80900,39325,11231,146,
0,81000,39373,11240,146,
0,81100,39432,11248,146,
0,81200,39493,11250,146,
0,81300,39528,11277,146,
0,81400,39560,11308,146,
0,81500,39616,11312,146,
0,81600,39672,11313,146,
0,81700,39720,11316,146,
0,81800,39784,11326,148,
0,81900,39844,11327,148,
0,82000,39899,11350,148,
0,82100,39959,11352,148,
0,82200,40017,11357,148,
0,82300,40079,11358,148,
0,82400,40127,11366,148,
0,82500,40167,11385,150,
0,82600,40214,11395,150,
0,82700,40270,11403,150,
0,82800,40306,11431,152,
0,82900,40362,11433,152,
0,83000,40423,11436,152,
0,83100,40446,11467,152,
0,83200,40489,11489,152,
0,83300,40531,11500,152,
0,83400,40571,11530,152,
0,83500,40599,11561,152,
0,83600,40647,11569,152,
0,83700,40686,11589,152,
0,83800,40743,11593,152,
0,83900,40799,11606,152,
0,84000,40851,11607,152,
0,84100,40876,11637,152,
0,84200,40907,11670,154,
0,84300,40967,11680,154,
0,84400,41031,11683,154,
0,84500,41069,11712,154,
0,84600,41133,11716,154,
0,84700,41190,11718,154,
0,84800,41247,11723,154,
0,84900,41285,11753,154,
0,85000,41339,11760,154,
0,85100,41395,11769,154,
0,85200,41448,11774,154,
0,85300,41494,11795,154,
0,85400,41542,11805,154,
0,85500,41571,11833,154,
0,85600,41612,11866,154,
0,85700,41663,11870,156,
0,85800,41724,11872,156,
0,85900,41775,11877,156,
0,86000,41817,11901,156,
0,86100,41865,11912,158,
0,86200,41889,11943,158,
0,86300,41946,11948,158,
0,86400,41997,11955,158,
