0,100,40,16,0,
0,200,101,28,0,
0,300,151,35,0,
0,400,199,54,0,
0,500,227,80,0,
0,600,272,98,0,
0,700,320,108,0,
0,800,381,115,0,
0,900,447,116,0,
0,1000,500,124,0,
0,1100,561,129,0,
0,1200,614,137,0,
0,1300,673,139,0,
0,1400,735,140,0,
0,1500,776,165,0,
0,1600,803,194,0,
0,1700,864,199,0,
0,1800,928,201,0,
0,1900,959,234,0,
0,2000,1023,238,0,
0,2100,1078,241,0,
0,2200,1144,247,0,
0,2300,1214,249,0,
0,2400,1270,252,0,
0,2500,1337,253,0,
0,2600,1388,257,0,
0,2700,1451,261,0,
0,2800,1501,262,0,
0,2900,1530,296,0,
0,3000,1561,327,0,
0,3100,1629,328,0,
0,3200,1691,330,0,
0,3300,1735,344,0,
0,3400,1787,362,0,
0,3500,1832,373,0,
0,3600,1864,400,0,
0,3700,1924,402,0,
0,3800,1985,404,0,
0,3900,2054,407,0,
0,4000,2073,442,0,
0,4100,2113,464,0,
0,4200,2156,475,0,
0,4300,2182,507,0,
0,4400,2217,537,0,
0,4500,2271,542,0,
0,4600,2324,546,0,
0,4700,2344,582,0,
0,4800,2387,606,0,
0,4900,2434,614,0,
0,5000,2483,632,0,
0,5100,2524,660,2,
0,5200,2570,667,2,
0,5300,2606,688,2,
0,5400,2661,693,2,
0,5500,2714,702,2,
0,5600,2768,704,2,
0,5700,2826,707,2,
0,5800,2855,739,2,
0,5900,2896,752,2,
0,6000,2934,775,4,
0,6100,2975,797,4,
0,6200,3016,820,4,
0,6300,3069,827,4,
0,6400,3129,838,4,
0,6500,3192,840,4,
0,6600,3243,847,4,
0,6700,3293,859,4,
0,6800,3316,895,6,
0,6900,3361,915,6,
0,7000,3409,925,8,
0,7100,3439,959,8,
0,7200,3470,994,8,
0,7300,3522,1005,8,
0,7400,3567,1027,8,
0,7500,3586,1054,8,
0,7600,3645,1059,8,
0,7700,3698,1060,8,
0,7800,3730,1088,8,
0,7900,3765,1119,8,
0,8000,3811,1129,8,
0,8100,3852,1152,8,
0,8200,3904,1156,8,
0,8300,3949,1170,10,
0,8400,4003,1172,10,
0,8500,4032,1202,10,
0,8600,4092,1208,10,
0,8700,4152,1211,12,
0,8800,4217,1212,12,
0,8900,4275,1223,12,
0,9000,4322,1244,12,
0,9100,4368,1254,12,
0,9200,4396,1279,12,
0,9300,4438,1298,12,
0,9400,4480,1306,16,
0,9500,4517,1328,16,
0,9600,4544,1357,16,
0,9700,4587,1380,16,
0,9800,4636,1394,16,
0,9900,4697,1398,16,
0,10000,4750,1400,16,
0,10100,4806,1412,16,
0,10200,4842,1436,16,
0,10300,4866,1468,16,
0,10400,4927,1470,16,
0,10500,4987,1471,16,
0,10600,5017,1503,16,
0,10700,5057,1523,18,
0,10800,5108,1525,18,
0,10900,5182,1526,18,
0,11000,5241,1536,18,
0,11100,5286,1556,18,
0,11200,5334,1567,20,
0,11300,5390,1572,20,
0,11400,5447,1574,20,
0,11500,5504,1577,22,
0,11600,5565,1578,22,
0,11700,5619,1580,22,
0,11800,5678,1583,22,
0,11900,5736,1584,22,
0,12000,5797,1589,22,
0,12100,5859,1595,22,
0,12200,5917,1604,22,
0,12300,5954,1627,22,
0,12400,5977,1663,22,
0,12500,6029,1685,24,
0,12600,6069,1696,28,
0,12700,6117,1712,28,
0,12800,6145,1741,28,
0,12900,6199,1752,28,
0,13000,6252,1770,28,
0,13100,6297,1785,28,
0,13200,6354,1790,28,
0,13300,6423,1791,28,
0,13400,6486,1794,28,
0,13500,6536,1806,30,
0,13600,6584,1815,30,
0,13700,6625,1839,30,
0,13800,6652,1868,30,
0,13900,6699,1888,32,
0,14000,6747,1896,32,
0,14100,6804,1915,32,
0,14200,6866,1917,32,
0,14300,6926,1924,32,
0,14400,6988,1925,32,
0,14500,7020,1958,32,
0,14600,7080,1961,32,
0,14700,7142,1962,32,
0,14800,7191,1990,32,
0,14900,7219,2026,36,
0,15000,7281,2029,36,
0,15100,7342,2032,36,
0,15200,7398,2036,36,
0,15300,7443,2053,36,
0,15400,7492,2064,36,
0,15500,7535,2099,36,
0,15600,7589,2111,36,
0,15700,7642,2113,36,
0,15800,7687,2134,38,
0,15900,7713,2170,38,
0,16000,7776,2180,38,
0,16100,7829,2181,38,
0,16200,7879,2197,38,
0,16300,7910,2231,38,
0,16400,7955,2240,38,
0,16500,7992,2262,38,
0,16600,8024,2296,38,
0,16700,8075,2310,38,
0,16800,8143,2312,38,
0,16900,8188,2339,38,
0,17000,8220,2370,38,
0,17100,8268,2378,38,
0,17200,8305,2401,38,
0,17300,8326,2433,38,
0,17400,8382,2437,40,
0,17500,8438,2439,40,
0,17600,8496,2442,40,
0,17700,8558,2449,40,
0,17800,8620,2455,40,
0,17900,8681,2457,40,
0,18000,8732,2462,40,
0,18100,8777,2486,40,
0,18200,8834,2489,40,
0,18300,8873,2519,40,
0,18400,8909,2545,40,
0,18500,8954,2556,40,
0,18600,9015,2558,40,
0,18700,9035,2588,44,
0,18800,9075,2613,44,
0,18900,9127,2626,44,
0,19000,9184,2629,44,
0,19100,9240,2637,44,
0,19200,9299,2648,44,
0,19300,9339,2670,44,
0,19400,9361,2703,44,
0,19500,9414,2723,44,
0,19600,9463,2734,44,
0,19700,9512,2749,44,
0,19800,9565,2756,46,
0,19900,9614,2760,46,
0,20000,9678,2761,46,
0,20100,9732,2766,48,
0,20200,9791,2769,48,
0,20300,9848,2770,48,
0,20400,9888,2800,48,
0,20500,9916,2828,48,
0,20600,9969,2838,48,
0,20700,10016,2860,48,
0,20800,10038,2897,48,
0,20900,10078,2919,48,
0,21000,10124,2929,48,
0,21100,10167,2960,48,
0,21200,10201,2997,48,
0,21300,10257,3004,48,
0,21400,10312,3014,50,
0,21500,10366,3020,50,
0,21600,10436,3028,50,
0,21700,10497,3029,52,
0,21800,10554,3039,52,
0,21900,10585,3070,52,
0,22000,10632,3078,52,
0,22100,10676,3094,52,
0,22200,10708,3120,52,
0,22300,10750,3139,52,
0,22400,10796,3147,54,
0,22500,10855,3154,54,
0,22600,10919,3159,54,
0,22700,10972,3161,54,
0,22800,11030,3163,54,
0,22900,11056,3198,54,
0,23000,11101,3216,54,
0,23100,11145,3228,54,
0,23200,11200,3239,54,
0,23300,11232,3266,54,
0,23400,11289,3269,54,
0,23500,11354,3271,54,
0,23600,11380,3303,54,
0,23700,11433,3322,54,
0,23800,11488,3330,54,
0,23900,11519,3360,54,
0,24000,11555,3388,54,
0,24100,11615,3390,54,
0,24200,11677,3392,54,
0,24300,11707,3420,54,
0,24400,11745,3445,54,
0,24500,11795,3453,54,
0,24600,11857,3457,54,
0,24700,11895,3490,54,
0,24800,11950,3496,56,
0,24900,12008,3499,56,
0,25000,12062,3506,56,
0,25100,12123,3521,56,
0,25200,12174,3522,56,
0,25300,12243,3536,56,
0,25400,12273,3566,56,
0,25500,12324,3573,56,
0,25600,12389,3576,56,
0,25700,12414,3608,56,
0,25800,12453,3630,56,
0,25900,12504,3642,56,
0,26000,12560,3649,56,
0,26100,12617,3655,56,
0,26200,12662,3665,56,
0,26300,12702,3685,56,
0,26400,12753,3687,56,
0,26500,12808,3689,56,
0,26600,12865,3690,56,
0,26700,12894,3718,56,
0,26800,12924,3750,56,
0,26900,12980,3758,56,
0,27000,13050,3759,56,
0,27100,13075,3792,56,
0,27200,13142,3798,56,
0,27300,13197,3799,56,
0,27400,13261,3804,56,
0,27500,13296,3832,56,
0,27600,13345,3841,56,
0,27700,13391,3867,56,
0,27800,13412,3899,56,
0,27900,13484,3901,56,
0,28000,13538,3902,56,
0,28100,13569,3933,56,
0,28200,13639,3942,56,
0,28300,13684,3952,56,
0,28400,13729,3977,56,
0,28500,13753,4007,56,
0,28600,13809,4011,56,
0,28700,13866,4012,56,
0,28800,13894,4044,56,
0,28900,13930,4077,58,
0,29000,13978,4086,58,
0,29100,14020,4110,58,
0,29200,14052,4136,58,
0,29300,14095,4160,58,
0,29400,14139,4172,58,
0,29500,14182,4197,58,
0,29600,14212,4221,58,
0,29700,14267,4231,58,
0,29800,14313,4249,60,
0,29900,14341,4267,62,
0,30000,14384,4285,62,
0,30100,14429,4300,62,
0,30200,14460,4331,62,
0,30300,14489,4365,62,
0,30400,14542,4379,62,
0,30500,14581,4399,62,
0,30600,14600,4429,62,
0,30700,14652,4449,62,
0,30800,14697,4459,62,
0,30900,14725,4488,64,
0,31000,14752,4518,66,
0,31100,14801,4531,66,
0,31200,14852,4553,66,
0,31300,14895,4560,66,
0,31400,14935,4585,66,
0,31500,14980,4595,68,
0,31600,15001,4631,68,
0,31700,15059,4633,68,
0,31800,15116,4641,68,
0,31900,15156,4664,68,
0,32000,15184,4696,68,
0,32100,15245,4702,68,
0,32200,15302,4703,68,
0,32300,15361,4713,68,
0,32400,15401,4741,68,
0,32500,15454,4751,68,
0,32600,15494,4768,68,
0,32700,15527,4793,68,
0,32800,15579,4815,68,
0,32900,15637,4826,68,
0,33000,15697,4834,68,
0,33100,15762,4835,68,
0,33200,15821,4839,68,
0,33300,15880,4843,68,
0,33400,15936,4849,68,
0,33500,15982,4871,68,
0,33600,16023,4878,68,
0,33700,16059,4908,68,
0,33800,16093,4939,68,
0,33900,16143,4943,68,
0,34000,16207,4944,68,
0,34100,16251,4960,68,
0,34200,16290,4979,68,
0,34300,16337,4993,68,
0,34400,16401,5009,68,
0,34500,16440,5041,68,
0,34600,16495,5043,68,
0,34700,16557,5044,68,
0,34800,16577,5076,70,
0,34900,16612,5097,70,
0,35000,16652,5108,70,
0,35100,16687,5140,70,
0,35200,16752,5145,70,
0,35300,16814,5151,72,
0,35400,16853,5173,72,
0,35500,16905,5181,74,
0,35600,16966,5181,76,
0,35700,17018,5183,76,
0,35800,17046,5210,76,
0,35900,17079,5237,76,
0,36000,17130,5240,76,
0,36100,17195,5241,76,
0,36200,17243,5256,78,
0,36300,17304,5257,78,
0,36400,17364,5258,80,
0,36500,17406,5285,80,
0,36600,17438,5315,80,
0,36700,17479,5324,80,
0,36800,17517,5347,80,
0,36900,17572,5357,80,
0,37000,17631,5362,80,
0,37100,17704,5363,80,
0,37200,17763,5366,80,
0,37300,17830,5370,80,
0,37400,17880,5379,80,
0,37500,17925,5396,80,
0,37600,17978,5407,80,
0,37700,18022,5429,80,
0,37800,18076,5439,80,
0,37900,18135,5450,80,
0,38000,18163,5478,80,
0,38100,18218,5486,80,
0,38200,18259,5512,80,
0,38300,18283,5543,82,
0,38400,18346,5546,82,
0,38500,18408,5547,82,
0,38600,18471,5549,82,
0,38700,18539,5556,82,
0,38800,18592,5567,82,
0,38900,18633,5588,82,
0,39000,18683,5597,82,
0,39100,18739,5608,82,
0,39200,18806,5609,82,
0,39300,18866,5628,82,
0,39400,18922,5635,82,
0,39500,18978,5647,82,
0,39600,19017,5674,82,
0,39700,19052,5703,82,
0,39800,19114,5715,82,
0,39900,19181,5717,82,
0,40000,19242,5725,82,
0,40100,19271,5760,82,
0,40200,19323,5767,82,
0,40300,19357,5792,82,
0,40400,19379,5827,84,
0,40500,19419,5848,84,
0,40600,19464,5859,84,
0,40700,19499,5891,84,
0,40800,19565,5898,84,
0,40900,19616,5906,84,
0,41000,19651,5932,84,
0,41100,19692,5956,84,
0,41200,19748,5959,84,
0,41300,19805,5961,84,
0,41400,19868,5974,84,
0,41500,19931,5977,84,
0,41600,19983,5979,84,
0,41700,20052,5980,84,
0,41800,20068,6014,84,
0,41900,20117,6034,84,
0,42000,20158,6045,86,
0,42100,20191,6077,86,
0,42200,20215,6113,86,
0,42300,20277,6115,86,
0,42400,20340,6116,86,
0,42500,20389,6129,88,
0,42600,20462,6135,88,
0,42700,20517,6136,88,
0,42800,20550,6165,88,
0,42900,20608,6172,88,
0,43000,20665,6176,88,
0,43100,20735,6177,88,
0,43200,20761,6204,88,
0,43300,20827,6207,88,
0,43400,20883,6208,88,
0,43500,20949,6212,88,
0,43600,21005,6215,88,
0,43700,21059,6222,88,
0,43800,21118,6223,88,
0,43900,21143,6251,88,
0,44000,21186,6275,88,
0,44100,21232,6282,88,
0,44200,21269,6312,88,
0,44300,21324,6314,88,
0,44400,21377,6317,88,
0,44500,21443,6318,88,
0,44600,21495,6321,88,
0,44700,21536,6341,88,
0,44800,21584,6354,88,
0,44900,21644,6364,88,
0,45000,21704,6371,88,
0,45100,21750,6383,88,
0,45200,21787,6404,88,
0,45300,21839,6408,88,
0,45400,21888,6427,88,
0,45500,21937,6436,88,
0,45600,21996,6438,88,
0,45700,22053,6444,88,
0,45800,22108,6448,88,
0,45900,22168,6450,88,
0,46000,22186,6478,88,
0,46100,22227,6501,88,
0,46200,22270,6512,90,
0,46300,22304,6545,90,
0,46400,22325,6577,90,
0,46500,22380,6583,92,
0,46600,22425,6609,92,
0,46700,22448,6637,92,
0,46800,22490,6654,92,
0,46900,22537,6665,92,
0,47000,22601,6668,92,
0,47100,22659,6674,92,
0,47200,22709,6682,92,
0,47300,22755,6705,92,
0,47400,22777,6736,92,
0,47500,22840,6738,92,
0,47600,22894,6740,92,
0,47700,22938,6770,92,
0,47800,22976,6798,94,
0,47900,23028,6809,94,
0,48000,23070,6831,94,
0,48100,23094,6859,94,
0,48200,23155,6872,94,
0,48300,23220,6873,94,
0,48400,23252,6905,94,
0,48500,23288,6935,94,
0,48600,23344,6942,94,
0,48700,23416,6945,94,
0,48800,23473,6958,94,
0,48900,23529,6972,94,
0,49000,23589,6973,96,
0,49100,23653,6976,96,
0,49200,23680,7009,96,
0,49300,23725,7017,98,
0,49400,23768,7042,98,
0,49500,23796,7070,98,
0,49600,23837,7090,98,
0,49700,23883,7099,98,
0,49800,23931,7115,98,
0,49900,23964,7146,98,
0,50000,24021,7151,100,
0,50100,24081,7164,100,
0,50200,24107,7192,100,
0,50300,24153,7214,100,
0,50400,24202,7223,100,
0,50500,24252,7229,100,
0,50600,24297,7251,100,
0,50700,24354,7257,100,
0,50800,24413,7259,100,
0,50900,24442,7286,100,
0,51000,24500,7292,100,
0,51100,24556,7295,100,
0,51200,24614,7301,100,
0,51300,24675,7303,100,
0,51400,24723,7312,100,
0,51500,24763,7329,102,
0,51600,24817,7340,102,
0,51700,24884,7342,102,
0,51800,24938,7343,102,
0,51900,24969,7373,102,
0,52000,24992,7406,102,
0,52100,25048,7407,102,
0,52200,25112,7412,102,
0,52300,25168,7417,102,
0,52400,25219,7437,102,
0,52500,25267,7445,102,
0,52600,25333,7458,102,
0,52700,25372,7483,102,
0,52800,25421,7488,102,
0,52900,25480,7495,102,
0,53000,25514,7525,102,
0,53100,25573,7533,102,
0,53200,25635,7535,102,
0,53300,25693,7548,102,
0,53400,25720,7573,102,
0,53500,25774,7576,104,
0,53600,25838,7581,104,
0,53700,25860,7613,104,
0,53800,25913,7632,104,
0,53900,25977,7633,104,
0,54000,26041,7637,104,
0,54100,26070,7672,104,
0,54200,26128,7682,104,
0,54300,26180,7698,106,
0,54400,26237,7703,106,
0,54500,26300,7712,106,
0,54600,26353,7713,106,
0,54700,26381,7745,106,
0,54800,26415,7775,108,
0,54900,26481,7784,108,
0,55000,26523,7807,108,
0,55100,26548,7835,108,
0,55200,26612,7845,108,
0,55300,26670,7846,108,
0,55400,26732,7848,108,
0,55500,26792,7851,108,
0,55600,26836,7858,108,
0,55700,26880,7881,108,
0,55800,26904,7909,108,
0,55900,26970,7912,108,
0,56000,27028,7913,108,
0,56100,27081,7918,108,
0,56200,27141,7923,110,
0,56300,27188,7933,110,
0,56400,27233,7953,110,
0,56500,27255,7984,110,
0,56600,27311,7996,110,
0,56700,27365,7997,110,
0,56800,27423,8001,110,
0,56900,27481,8008,110,
0,57000,27543,8018,110,
0,57100,27611,8021,110,
0,57200,27664,8029,110,
0,57300,27726,8032,110,
0,57400,27784,8033,110,
0,57500,27812,8064,112,
0,57600,27852,8092,112,
0,57700,27901,8101,112,
0,57800,27936,8125,112,
0,57900,27985,8140,112,
0,58000,28026,8161,112,
0,58100,28076,8173,112,
0,58200,28134,8176,112,
0,58300,28170,8204,112,
0,58400,28217,8213,112,
0,58500,28252,8235,112,
0,58600,28309,8241,112,
0,58700,28351,8263,112,
0,58800,28392,8271,112,
0,58900,28423,8292,114,
0,59000,28485,8308,114,
0,59100,28537,8313,114,
0,59200,28602,8315,114,
0,59300,28630,8344,114,
0,59400,28699,8346,114,
0,59500,28751,8347,114,
0,59600,28778,8378,114,
0,59700,28805,8410,114,
0,59800,28869,8414,114,
0,59900,28926,8415,114,
0,60000,28950,8449,114,
0,60100,29015,8460,114,
0,60200,29079,8462,114,
0,60300,29103,8495,114,
0,60400,29139,8529,114,
0,60500,29193,8536,114,
0,60600,29260,8537,114,
0,60700,29314,8546,114,
0,60800,29363,8567,114,
0,60900,29413,8577,114,
0,61000,29473,8588,114,
0,61100,29530,8591,114,
0,61200,29587,8598,114,
0,61300,29651,8612,114,
0,61400,29701,8620,114,
0,61500,29755,8640,114,
0,61600,29802,8648,114,
0,61700,29832,8684,114,
0,61800,29862,8711,114,
0,61900,29912,8718,114,
0,62000,29975,8719,114,
0,62100,30002,8752,114,
0,62200,30045,8773,114,
0,62300,30095,8781,114,
0,62400,30162,8786,114,
0,62500,30204,8815,114,
0,62600,30259,8819,114,
0,62700,30320,8820,114,
0,62800,30353,8843,116,
0,62900,30411,8846,116,
0,63000,30472,8847,116,
0,63100,30533,8849,116,
0,63200,30600,8852,116,
0,63300,30656,8855,116,
0,63400,30726,8856,116,
0,63500,30746,8885,116,
0,63600,30786,8911,116,
0,63700,30837,8922,116,
0,63800,30862,8954,116,
0,63900,30919,8955,118,
0,64000,30981,8960,118,
0,64100,31044,8962,118,
0,64200,31075,8985,118,
0,64300,31134,8990,118,
0,64400,31178,8993,120,
0,64500,31214,9026,120,
0,64600,31265,9059,120,
0,64700,31326,9063,120,
0,64800,31390,9066,120,
0,64900,31437,9080,120,
0,65000,31497,9082,120,
0,65100,31555,9083,120,
0,65200,31613,9091,120,
0,65300,31669,9092,120,
0,65400,31724,9102,120,
0,65500,31759,9123,120,
0,65600,31812,9130,120,
0,65700,31871,9133,120,
0,65800,31934,9134,120,
0,65900,31965,9168,120,
0,66000,31994,9202,120,
0,66100,32044,9212,120,
0,66200,32086,9231,120,
0,66300,32142,9235,120,
0,66400,32182,9259,120,
0,66500,32228,9268,120,
0,66600,32285,9270,120,
0,66700,32347,9272,120,
0,66800,32394,9283,120,
0,66900,32439,9310,120,
0,67000,32463,9343,120,
0,67100,32515,9365,120,
0,67200,32569,9375,120,
0,67300,32602,9402,120,
0,67400,32663,9407,120,
0,67500,32719,9409,120,
0,67600,32786,9410,120,
0,67700,32837,9413,120,
0,67800,32879,9434,120,
0,67900,32923,9443,120,
0,68000,32958,9475,120,
0,68100,33022,9480,120,
0,68200,33087,9487,120,
0,68300,33131,9509,120,
0,68400,33155,9538,120,
0,68500,33197,9557,120,
0,68600,33248,9567,120,
0,68700,33281,9600,120,
0,68800,33321,9630,120,
0,68900,33379,9634,122,
0,69000,33446,9635,122,
0,69100,33477,9663,122,
0,69200,33530,9679,124,
0,69300,33584,9683,124,
0,69400,33627,9712,124,
0,69500,33655,9740,124,
0,69600,33698,9751,124,
0,69700,33735,9776,124,
0,69800,33785,9780,124,
0,69900,33837,9796,124,
0,70000,33886,9808,124,
0,70100,33917,9846,124,
0,70200,33956,9875,124,
0,70300,34012,9879,124,
0,70400,34077,9880,124,
0,70500,34100,9912,124,
0,70600,34151,9937,124,
0,70700,34211,9938,124,
0,70800,34242,9966,124,
0,70900,34295,9973,124,
0,71000,34350,9977,124,
0,71100,34408,9979,124,
0,71200,34456,9991,126,
0,71300,34492,10014,126,
0,71400,34533,10025,126,
0,71500,34596,10040,126,
0,71600,34653,10041,126,
0,71700,34707,10046,126,
0,71800,34767,10049,126,
0,71900,34823,10057,126,
0,72000,34862,10079,126,
0,72100,34911,10097,126,
0,72200,34944,10125,126,
0,72300,34971,10156,126,
0,72400,35024,10168,126,
0,72500,35076,10173,128,
0,72600,35097,10200,130,
0,72700,35155,10202,130,
0,72800,35207,10203,130,
0,72900,35243,10236,130,
0,73000,35273,10263,132,
0,73100,35329,10271,132,
0,73200,35374,10292,132,
0,73300,35428,10298,132,
0,73400,35484,10300,134,
0,73500,35540,10301,134,
0,73600,35588,10318,134,
0,73700,35648,10320,134,
0,73800,35698,10329,134,
0,73900,35732,10351,134,
0,74000,35758,10386,134,
0,74100,35815,10390,134,
0,74200,35864,10391,134,
0,74300,35892,10421,134,
0,74400,35954,10427,134,
0,74500,36002,10437,134,
0,74600,36039,10461,134,
0,74700,36064,10488,134,
0,74800,36105,10514,134,
0,74900,36155,10522,134,
0,75000,36219,10531,134,
0,75100,36285,10535,134,
0,75200,36345,10540,134,
0,75300,36404,10544,134,
0,75400,36421,10581,136,
0,75500,36476,10583,136,
0,75600,36530,10584,136,
0,75700,36593,10591,136,
0,75800,36621,10619,136,
0,75900,36671,10626,136,
0,76000,36709,10648,136,
0,76100,36736,10680,136,
0,76200,36772,10703,136,
0,76300,36820,10713,138,
0,76400,36846,10745,140,
0,76500,36901,10759,140,
0,76600,36961,10765,140,
0,76700,37027,10767,140,
0,76800,37084,10769,140,
0,76900,37135,10789,140,
0,77000,37177,10800,140,
0,77100,37204,10833,140,
0,77200,37241,10864,140,
0,77300,37304,10875,140,
0,77400,37342,10896,140,
0,77500,37393,10904,140,
0,77600,37439,10926,140,
0,77700,37491,10936,140,
0,77800,37525,10971,140,
0,77900,37556,11001,140,
0,78000,37604,11010,140,
0,78100,37647,11032,140,
0,78200,37696,11041,142,
0,78300,37752,11055,142,
0,78400,37805,11056,142,
0,78500,37870,11061,142,
0,78600,37927,11067,142,
0,78700,37989,11072,142,
0,78800,38055,11075,142,
0,78900,38105,11086,142,
0,79000,38154,11098,142,
0,79100,38213,11099,142,
0,79200,38271,11104,142,
0,79300,38319,11132,142,
0,79400,38368,11141,142,
0,79500,38403,11166,142,
0,79600,38429,11198,142,
0,79700,38486,11203,142,
0,79800,38540,11204,142,
0,79900,38611,11209,142,
0,80000,38676,11213,142,
0,80100,38725,11224,144,
0,80200,38764,11244,144,
0,80300,38824,11253,144,
0,80400,38885,11255,144,
0,80500,38949,11257,144,
0,80600,39009,11262,144,
0,80700,39063,11284,144,
0,80800,39123,11288,144,
0,80900,39185,11290,144,
0,81000,39242,11293,144,
0,81100,39305,11296,144,
0,81200,39366,11297,144,
0,81300,39414,11320,144,
0,81400,39446,11352,144,
0,81500,39501,11357,144,
0,81600,39563,11358,144,
0,81700,39618,11361,144,
0,81800,39684,11363,144,
0,81900,39743,11364,144,
0,82000,39805,11367,144,
0,82100,39867,11374,144,
0,82200,39914,11383,144,
0,82300,39963,11399,144,
0,82400,40001,11428,144,
0,82500,40048,11451,144,
0,82600,40091,11463,144,
0,82700,40153,11467,144,
0,82800,40216,11470,144,
0,82900,40263,11476,144,
0,83000,40314,11498,144,
0,83100,40337,11532,144,
0,83200,40406,11534,144,
0,83300,40463,11535,144,
0,83400,40497,11564,144,
0,83500,40538,11588,144,
0,83600,40592,11589,144,
0,83700,40655,11590,144,
0,83800,40707,11593,144,
0,83900,40761,11609,144,
0,84000,40823,11610,146,
0,84100,40883,11612,146,
0,84200,40935,11624,146,
0,84300,40992,11625,148,
0,84400,41052,11626,148,
0,84500,41105,11631,150,
0,84600,41145,11651,150,
0,84700,41194,11659,150,
0,84800,41252,11664,150,
0,84900,41294,11684,152,
0,85000,41344,11690,152,
0,85100,41381,11716,152,
0,85200,41416,11743,152,
0,85300,41456,11762,152,
0,85400,41500,11770,152,
0,85500,41561,11774,152,
0,85600,41622,11778,152,
0,85700,41676,11788,152,
0,85800,41714,11808,154,
0,85900,41736,11840,154,
0,86000,41793,11848,154,
0,86100,41845,11850,154,
0,86200,41910,11857,154,
0,86300,41966,11861,154,
0,86400,42026,11863,154,
