0,100,41,11,0,
0,200,96,13,0,
0,300,141,21,0,
0,400,179,44,0,
0,500,204,73,0,
0,600,247,94,2,
0,700,297,101,2,
0,800,332,129,2,
0,900,362,158,4,
0,1000,416,168,4,
0,1100,454,187,4,
0,1200,511,189,4,
0,1300,574,193,4,
0,1400,628,194,4,
0,1500,690,197,4,
0,1600,720,231,4,
0,1700,765,243,6,
0,1800,809,262,6,
0,1900,864,268,6,
0,2000,929,272,6,
0,2100,987,281,6,
0,2200,1047,288,6,
0,2300,1094,306,6,
0,2400,1147,311,6,
0,2500,1222,313,6,
0,2600,1275,322,6,
0,2700,1331,339,6,
0,2800,1380,347,6,
0,2900,1406,379,6,
0,3000,1432,412,6,
0,3100,1491,420,6,
0,3200,1554,421,6,
0,3300,1578,454,8,
0,3400,1636,477,8,
0,3500,1689,488,8,
0,3600,1721,514,8,
0,3700,1750,544,10,
0,3800,1798,556,10,
0,3900,1841,579,10,
0,4000,1889,587,10,
0,4100,1943,593,10,
0,4200,2007,595,10,
0,4300,2065,597,12,
0,4400,2090,629,12,
0,4500,2141,633,12,
0,4600,2202,634,12,
0,4700,2230,670,14,
0,4800,2275,691,14,
0,4900,2331,700,14,
0,5000,2388,709,14,
0,5100,2422,739,14,
0,5200,2479,745,14,
0,5300,2545,746,14,
0,5400,2598,749,14,
0,5500,2640,774,14,
0,5600,2687,783,14,
0,5700,2717,814,16,
0,5800,2744,850,16,
0,5900,2796,857,16,
0,6000,2854,875,16,
0,6100,2905,882,16,
0,6200,2954,902,16,
0,6300,3008,914,16,
0,6400,3073,921,16,
0,6500,3137,925,16,
0,6600,3187,929,16,
0,6700,3241,930,16,
0,6800,3260,965,16,
0,6900,3320,973,16,
0,7000,3374,977,16,
0,7100,3405,1008,16,
0,7200,3447,1040,16,
0,7300,3502,1044,16,
0,7400,3569,1047,16,
0,7500,3594,1080,16,
0,7600,3656,1087,16,
0,7700,3711,1088,16,
0,7800,3743,1124,16,
0,7900,3803,1127,16,
0,8000,3852,1140,16,
0,8100,3888,1160,18,
0,8200,3940,1162,18,
0,8300,4002,1163,18,
0,8400,4057,1164,18,
0,8500,4095,1198,18,
0,8600,4122,1232,20,
0,8700,4175,1244,20,
0,8800,4213,1263,22,
0,8900,4270,1265,22,
0,9000,4336,1269,22,
0,9100,4398,1270,22,
0,9200,4429,1302,22,
0,9300,4458,1331,22,
0,9400,4525,1340,22,
0,9500,4567,1362,22,
0,9600,4592,1391,22,
0,9700,4634,1413,22,
0,9800,4679,1423,24,
0,9900,4710,1454,24,
0,10000,4770,1459,24,
0,10100,4818,1468,24,
0,10200,4857,1487,24,
0,10300,4907,1490,26,
0,10400,4962,1493,26,
0,10500,5014,1494,26,
0,10600,5051,1518,26,
0,10700,5083,1548,26,
0,10800,5134,1556,26,
0,10900,5172,1578,26,
0,11000,5217,1586,28,
0,11100,5276,1592,28,
0,11200,5328,1593,28,
0,11300,5363,1621,30,
0,11400,5385,1653,30,
0,11500,5431,1663,30,
0,11600,5468,1686,30,
0,11700,5492,1714,32,
0,11800,5529,1735,32,
0,11900,5569,1746,32,
0,12000,5634,1749,32,
0,12100,5665,1774,32,
0,12200,5714,1775,32,
0,12300,5777,1776,32,
0,12400,5816,1808,32,
0,12500,5855,1830,32,
0,12600,5897,1840,32,
0,12700,5952,1842,32,
0,12800,6009,1852,32,
0,12900,6067,1860,34,
0,13000,6100,1884,34,
0,13100,6125,1912,34,
0,13200,6188,1920,34,
0,13300,6251,1923,34,
0,13400,6278,1952,34,
0,13500,6307,1985,34,
0,13600,6361,1991,34,
0,13700,6419,1993,34,
0,13800,6474,1996,34,
0,13900,6530,2003,34,
0,14000,6589,2004,34,
0,14100,6630,2034,34,
0,14200,6667,2071,34,
0,14300,6723,2076,34,
0,14400,6791,2077,34,
0,14500,6848,2080,34,
0,14600,6890,2101,34,
0,14700,6932,2114,34,
0,14800,6993,2122,34,
0,14900,7022,2156,34,
0,15000,7079,2158,34,
0,15100,7133,2159,34,
0,15200,7184,2162,34,
0,15300,7243,2167,34,
0,15400,7299,2170,34,
0,15500,7331,2202,34,
0,15600,7390,2205,34,
0,15700,7441,2211,34,
0,15800,7492,2226,34,
0,15900,7543,2228,34,
0,16000,7602,2232,34,
0,16100,7664,2233,34,
0,16200,7700,2266,34,
0,16300,7735,2296,34,
0,16400,7789,2306,34,
0,16500,7838,2327,34,
0,16600,7887,2331,34,
0,16700,7955,2334,34,
0,16800,8025,2335,34,
0,16900,8056,2365,34,
0,17000,8085,2398,34,
0,17100,8143,2404,34,
0,17200,8208,2405,34,
0,17300,8264,2411,34,
0,17400,8307,2431,34,
0,17500,8356,2442,34,
0,17600,8386,2469,34,
0,17700,8425,2498,34,
0,17800,8481,2510,34,
0,17900,8518,2535,34,
0,18000,8542,2569,34,
0,18100,8603,2574,34,
0,18200,8661,2575,34,
0,18300,8697,2607,34,
0,18400,8758,2616,34,
0,18500,8805,2620,34,
0,18600,8864,2621,34,
0,18700,8894,2649,34,
0,18800,8935,2674,34,
0,18900,8978,2681,34,
0,19000,9011,2719,34,
0,19100,9068,2727,34,
0,19200,9116,2734,34,
0,19300,9149,2756,34,
0,19400,9169,2789,34,
0,19500,9235,2793,34,
0,19600,9291,2795,34,
0,19700,9351,2798,34,
0,19800,9411,2801,34,
0,19900,9457,2809,34,
0,20000,9503,2832,34,
0,20100,9527,2863,34,
0,20200,9590,2867,34,
0,20300,9646,2868,34,
0,20400,9684,2898,34,
0,20500,9716,2932,34,
0,20600,9778,2939,34,
0,20700,9821,2958,34,
0,20800,9850,2987,34,
0,20900,9912,2993,34,
0,21000,9972,2995,34,
0,21100,10007,3021,34,
0,21200,10048,3049,34,
0,21300,10104,3059,34,
0,21400,10144,3078,34,
0,21500,10168,3107,34,
0,21600,10225,3112,34,
0,21700,10279,3114,34,
0,21800,10309,3152,34,
0,21900,10339,3184,34,
0,22000,10395,3190,36,
0,22100,10428,3213,38,
0,22200,10457,3243,38,
0,22300,10496,3266,38,
0,22400,10544,3277,38,
0,22500,10578,3308,38,
0,22600,10641,3314,38,
0,22700,10687,3317,38,
0,22800,10753,3318,38,
0,22900,10813,3327,38,
0,23000,10859,3348,38,
0,23100,10908,3358,38,
0,23200,10959,3364,38,
0,23300,10991,3391,38,
0,23400,11044,3397,38,
0,23500,11107,3400,38,
0,23600,11132,3432,38,
0,23700,11188,3437,38,
0,23800,11249,3438,38,
0,23900,11313,3444,38,
0,24000,11364,3462,38,
0,24100,11410,3474,38,
0,24200,11447,3497,38,
0,24300,11498,3504,38,
0,24400,11559,3507,38,
0,24500,11618,3509,38,
0,24600,11680,3515,38,
0,24700,11711,3538,38,
0,24800,11765,3546,38,
0,24900,11825,3547,38,
0,25000,11870,3563,38,
0,25100,11933,3563,38,
0,25200,11991,3564,38,
0,25300,12019,3599,38,
0,25400,12079,3602,38,
0,25500,12137,3604,38,
0,25600,12207,3605,38,
0,25700,12234,3634,38,
0,25800,12283,3654,38,
0,25900,12327,3665,38,
0,26000,12371,3687,40,
0,26100,12434,3689,40,
0,26200,12496,3693,40,
0,26300,12560,3694,40,
0,26400,12579,3724,40,
0,26500,12633,3729,40,
0,26600,12692,3730,40,
0,26700,12741,3757,40,
0,26800,12810,3760,40,
0,26900,12868,3762,40,
0,27000,12932,3763,40,
0,27100,12967,3786,40,
0,27200,13034,3787,40,
0,27300,13095,3788,40,
0,27400,13135,3815,40,
0,27500,13201,3819,40,
0,27600,13256,3821,40,
0,27700,13320,3822,40,
0,27800,13342,3851,42,
0,27900,13386,3873,42,
0,28000,13429,3881,42,
0,28100,13486,3890,42,
0,28200,13525,3921,42,
0,28300,13578,3928,42,
0,28400,13647,3933,42,
0,28500,13665,3966,42,
0,28600,13735,3972,42,
0,28700,13799,3973,42,
0,28800,13833,4005,42,
0,28900,13890,4010,42,
0,29000,13948,4015,42,
0,29100,14019,4016,42,
0,29200,14041,4049,42,
0,29300,14079,4072,42,
0,29400,14121,4083,42,
0,29500,14178,4089,42,
0,29600,14238,4091,42,
0,29700,14294,4100,42,
0,29800,14364,4102,42,
0,29900,14415,4105,44,
0,30000,14473,4113,44,
0,30100,14539,4121,44,
0,30200,14582,4149,44,
0,30300,14611,4180,44,
0,30400,14666,4189,44,
0,30500,14731,4192,44,
0,30600,14753,4221,44,
0,30700,14807,4226,44,
0,30800,14864,4227,44,
0,30900,14920,4242,44,
0,31000,14945,4278,44,
0,31100,14999,4281,44,
0,31200,15063,4282,44,
0,31300,15092,4312,46,
0,31400,15136,4335,46,
0,31500,15180,4345,48,
0,31600,15214,4381,48,
0,31700,15273,4385,48,
0,31800,15331,4387,48,
0,31900,15397,4388,48,
0,32000,15414,4422,48,
0,32100,15455,4438,48,
0,32200,15503,4451,48,
0,32300,15530,4485,50,
0,32400,15588,4490,50,
0,32500,15638,4500,50,
0,32600,15684,4523,50,
0,32700,15706,4557,50,
0,32800,15770,4562,50,
0,32900,15838,4564,50,
0,33000,15859,4596,50,
0,33100,15924,4597,50,
0,33200,15974,4602,50,
0,33300,16042,4603,50,
0,33400,16074,4630,50,
0,33500,16115,4655,52,
0,33600,16160,4664,52,
0,33700,16190,4697,52,
0,33800,16218,4728,52,
0,33900,16265,4734,52,
0,34000,16322,4740,52,
0,34100,16358,4773,52,
0,34200,16418,4775,52,
0,34300,16478,4776,52,
0,34400,16505,4810,52,
0,34500,16540,4840,54,
0,34600,16590,4847,54,
0,34700,16633,4876,54,
0,34800,16661,4906,54,
0,34900,16702,4928,56,
0,35000,16746,4935,56,
0,35100,16802,4945,56,
0,35200,16829,4978,56,
0,35300,16893,4983,56,
0,35400,16955,4985,56,
0,35500,17007,4988,58,
0,35600,17067,4990,58,
0,35700,17124,4991,58,
0,35800,17158,5019,58,
0,35900,17216,5030,58,
0,36000,17262,5040,58,
0,36100,17309,5063,58,
0,36200,17360,5069,58,
0,36300,17421,5071,58,
0,36400,17478,5073,58,
0,36500,17541,5076,58,
0,36600,17601,5091,58,
0,36700,17656,5096,58,
0,36800,17726,5098,58,
0,36900,17752,5128,58,
0,37000,17817,5133,60,
0,37100,17879,5135,60,
0,37200,17936,5141,60,
0,37300,17972,5176,60,
0,37400,18024,5186,60,
0,37500,18075,5198,60,
0,37600,18105,5225,60,
0,37700,18171,5229,60,
0,37800,18228,5231,60,
0,37900,18289,5236,60,
0,38000,18351,5237,60,
0,38100,18407,5242,60,
0,38200,18470,5243,60,
0,38300,18525,5251,60,
0,38400,18589,5259,60,
0,38500,18651,5260,60,
0,38600,18683,5294,60,
0,38700,18746,5296,60,
0,38800,18798,5302,62,
0,38900,18854,5306,62,
0,39000,18888,5336,62,
0,39100,18940,5360,62,
0,39200,18986,5367,64,
0,39300,19032,5387,64,
0,39400,19065,5423,64,
0,39500,19120,5432,64,
0,39600,19166,5453,64,
0,39700,19224,5459,64,
0,39800,19285,5482,64,
0,39900,19341,5488,64,
0,40000,19369,5523,64,
0,40100,19400,5552,64,
0,40200,19449,5559,64,
0,40300,19486,5581,64,
0,40400,19514,5609,64,
0,40500,19571,5614,64,
0,40600,19628,5615,64,
0,40700,19663,5647,64,
0,40800,19689,5678,64,
0,40900,19740,5687,64,
0,41000,19789,5707,64,
0,41100,19835,5714,64,
0,41200,19878,5734,64,
0,41300,19919,5747,64,
0,41400,19949,5776,64,
0,41500,20014,5782,64,
0,41600,20063,5789,64,
0,41700,20104,5808,64,
0,41800,20128,5841,64,
0,41900,20187,5843,64,
0,42000,20246,5844,64,
0,42100,20303,5857,64,
0,42200,20365,5861,66,
0,42300,20416,5862,68,
0,42400,20476,5863,68,
0,42500,20501,5895,68,
0,42600,20561,5902,68,
0,42700,20620,5904,68,
0,42800,20649,5932,68,
0,42900,20711,5935,68,
0,43000,20762,5946,68,
0,43100,20803,5965,68,
0,43200,20862,5968,68,
0,43300,20916,5981,68,
0,43400,20977,5982,68,
0,43500,21012,6015,68,
0,43600,21059,6040,68,
0,43700,21116,6042,68,
0,43800,21173,6044,68,
0,43900,21223,6048,68,
0,44000,21291,6054,68,
0,44100,21343,6055,68,
0,44200,21375,6087,68,
0,44300,21436,6097,68,
0,44400,21491,6108,68,
0,44500,21528,6129,68,
0,44600,21579,6140,68,
0,44700,21636,6141,68,
0,44800,21693,6142,68,
0,44900,21728,6174,68,
0,45000,21764,6208,68,
0,45100,21811,6218,68,
0,45200,21850,6242,68,
0,45300,21874,6277,68,
0,45400,21938,6280,68,
0,45500,21993,6281,68,
0,45600,22052,6285,68,
0,45700,22089,6314,70,
0,45800,22148,6316,70,
0,45900,22216,6317,70,
0,46000,22249,6350,70,
0,46100,22306,6354,70,
0,46200,22371,6355,70,
0,46300,22411,6386,70,
0,46400,22470,6394,70,
0,46500,22522,6403,70,
0,46600,22565,6425,70,
0,46700,22599,6447,70,
0,46800,22647,6468,70,
0,46900,22695,6478,70,
0,47000,22725,6511,70,
0,47100,22772,6533,70,
0,47200,22818,6543,70,
0,47300,22859,6566,72,
0,47400,22894,6597,72,
0,47500,22939,6621,72,
0,47600,22991,6628,72,
0,47700,23020,6662,72,
0,47800,23078,6667,72,
0,47900,23134,6670,72,
0,48000,23195,6671,72,
0,48100,23238,6693,72,
0,48200,23296,6694,72,
0,48300,23353,6696,72,
0,48400,23421,6708,72,
0,48500,23478,6712,72,
0,48600,23534,6715,72,
0,48700,23597,6716,72,
0,48800,23628,6746,72,
0,48900,23699,6759,72,
0,49000,23757,6760,72,
0,49100,23791,6787,72,
0,49200,23846,6789,74,
0,49300,23900,6802,74,
0,49400,23940,6825,74,
0,49500,23991,6827,76,
0,49600,24052,6842,76,
0,49700,24096,6852,76,
0,49800,24139,6880,76,
0,49900,24174,6911,76,
0,50000,24230,6913,76,
0,50100,24290,6914,76,
0,50200,24312,6944,76,
0,50300,24378,6950,76,
0,50400,24429,6951,76,
0,50500,24481,6976,76,
0,50600,24520,7006,76,
0,50700,24577,7010,76,
0,50800,24638,7012,76,
0,50900,24674,7047,76,
0,51000,24733,7048,76,
0,51100,24793,7052,76,
0,51200,24827,7082,76,
0,51300,24885,7098,76,
0,51400,24941,7104,76,
0,51500,25008,7107,76,
0,51600,25026,7139,76,
0,51700,25069,7163,76,
0,51800,25122,7172,76,
0,51900,25160,7200,78,
0,52000,25192,7229,78,
0,52100,25244,7232,78,
0,52200,25309,7234,78,
0,52300,25357,7259,78,
0,52400,25400,7278,78,
0,52500,25438,7286,78,
0,52600,25501,7290,78,
0,52700,25554,7293,78,
0,52800,25607,7305,78,
0,52900,25648,7326,78,
0,53000,25677,7356,78,
0,53100,25721,7378,78,
0,53200,25773,7386,78,
0,53300,25842,7394,78,
0,53400,25901,7404,78,
0,53500,25952,7407,78,
0,53600,26011,7408,78,
0,53700,26059,7414,78,
0,53800,26125,7416,78,
0,53900,26179,7417,78,
0,54000,26215,7447,78,
0,54100,26275,7450,78,
0,54200,26322,7461,78,
0,54300,26355,7480,78,
0,54400,26378,7510,78,
0,54500,26437,7524,78,
0,54600,26497,7525,78,
0,54700,26525,7560,78,
0,54800,26562,7589,78,
0,54900,26604,7597,78,
0,55000,26665,7614,78,
0,55100,26701,7637,80,
0,55200,26752,7658,80,
0,55300,26802,7668,80,
0,55400,26838,7696,80,
0,55500,26902,7707,80,
0,55600,26954,7718,80,
0,55700,26996,7742,80,
0,55800,27018,7774,80,
0,55900,27083,7779,80,
0,56000,27143,7780,80,
0,56100,27195,7790,80,
0,56200,27224,7822,80,
0,56300,27279,7832,80,
0,56400,27315,7854,80,
0,56500,27365,7863,80,
0,56600,27412,7884,80,
0,56700,27459,7895,80,
0,56800,27493,7927,80,
0,56900,27526,7958,80,
0,57000,27573,7971,80,
0,57100,27611,7998,80,
0,57200,27659,8003,80,
0,57300,27722,8010,80,
0,57400,27780,8011,80,
0,57500,27840,8023,80,
0,57600,27872,8055,80,
0,57700,27927,8066,80,
0,57800,27968,8089,80,
0,57900,28001,8114,80,
0,58000,28041,8135,80,
0,58100,28096,8142,80,
0,58200,28166,8145,80,
0,58300,28233,8150,80,
0,58400,28279,8161,80,
0,58500,28320,8183,80,
0,58600,28369,8187,82,
0,58700,28414,8209,82,
0,58800,28463,8221,82,
0,58900,28495,8255,82,
0,59000,28554,8258,82,
0,59100,28605,8266,82,
0,59200,28644,8294,82,
0,59300,28674,8327,82,
0,59400,28737,8330,82,
0,59500,28791,8331,82,
0,59600,28825,8362,82,
0,59700,28855,8392,82,
0,59800,28905,8396,82,
0,59900,28968,8398,82,
0,60000,28989,8428,82,
0,60100,29035,8451,82,
0,60200,29083,8454,84,
0,60300,29143,8457,84,
0,60400,29177,8486,84,
0,60500,29227,8491,84,
0,60600,29292,8492,84,
0,60700,29351,8506,84,
0,60800,29399,8527,84,
0,60900,29461,8529,84,
0,61000,29503,8550,84,
0,61100,29571,8557,86,
0,61200,29623,8565,86,
0,61300,29697,8566,86,
0,61400,29732,8597,86,
0,61500,29777,8619,86,
0,61600,29819,8630,86,
0,61700,29873,8643,86,
0,61800,29937,8648,86,
0,61900,30001,8653,86,
0,62000,30061,8657,86,
0,62100,30095,8685,86,
0,62200,30136,8708,86,
0,62300,30187,8719,88,
0,62400,30211,8757,88,
0,62500,30268,8760,90,
0,62600,30327,8771,90,
0,62700,30371,8789,90,
0,62800,30424,8811,90,
0,62900,30485,8812,90,
0,63000,30537,8813,90,
0,63100,30562,8844,90,
0,63200,30619,8847,90,
0,63300,30679,8851,90,
0,63400,30745,8855,90,
0,63500,30763,8886,90,
0,63600,30805,8907,90,
0,63700,30852,8921,90,
0,63800,30884,8957,90,
0,63900,30947,8962,90,
0,64000,30997,8972,90,
0,64100,31038,8995,90,
0,64200,31059,9023,92,
0,64300,31117,9024,92,
0,64400,31176,9028,92,
0,64500,31235,9036,92,
0,64600,31279,9051,92,
0,64700,31325,9060,92,
0,64800,31364,9082,92,
0,64900,31419,9092,92,
0,65000,31455,9112,92,
0,65100,31504,9126,92,
0,65200,31571,9132,92,
0,65300,31607,9163,92,
0,65400,31651,9171,94,
0,65500,31693,9186,96,
0,65600,31748,9190,96,
0,65700,31788,9209,96,
0,65800,31843,9223,96,
0,65900,31881,9257,96,
0,66000,31928,9275,96,
0,66100,31974,9283,96,
0,66200,32019,9302,96,
0,66300,32043,9329,96,
0,66400,32089,9349,96,
0,66500,32140,9357,96,
0,66600,32163,9391,96,
0,66700,32197,9418,96,
0,66800,32251,9420,96,
0,66900,32315,9427,96,
0,67000,32349,9454,96,
0,67100,32395,9479,96,
0,67200,32441,9486,96,
0,67300,32472,9518,96,
0,67400,32499,9553,96,
0,67500,32553,9560,96,
0,67600,32625,9561,96,
0,67700,32658,9586,98,
0,67800,32714,9609,98,
0,67900,32760,9619,100,
0,68000,32792,9651,100,
0,68100,32855,9653,100,
0,68200,32909,9659,100,
0,68300,32949,9685,100,
0,68400,32973,9720,100,
0,68500,33014,9738,100,
0,68600,33056,9751,104,
0,68700,33114,9758,104,
0,68800,33153,9790,104,
0,68900,33207,9791,104,
0,69000,33270,9791,106,
0,69100,33300,9820,106,
0,69200,33333,9840,108,
0,69300,33374,9852,108,
0,69400,33436,9857,108,
0,69500,33472,9883,108,
0,69600,33516,9887,108,
0,69700,33573,9889,108,
0,69800,33608,9915,108,
0,69900,33670,9923,108,
0,70000,33730,9924,108,
0,70100,33767,9953,108,
0,70200,33802,9985,108,
0,70300,33856,9994,108,
0,70400,33910,10011,108,
0,70500,33949,10041,108,
0,70600,33988,10065,108,
0,70700,34032,10073,108,
0,70800,34071,10097,108,
0,70900,34112,10123,110,
0,71000,34170,10131,110,
0,71100,34208,10153,110,
0,71200,34235,10181,110,
0,71300,34276,10199,110,
0,71400,34324,10211,110,
0,71500,34351,10243,110,
0,71600,34378,10273,110,
0,71700,34426,10284,110,
0,71800,34490,10292,112,
0,71900,34504,10325,114,
0,72000,34568,10328,114,
0,72100,34623,10329,114,
0,72200,34653,10362,116,
0,72300,34690,10389,116,
0,72400,34749,10395,116,
0,72500,34813,10396,116,
0,72600,34834,10430,118,
0,72700,34891,10435,118,
0,72800,34932,10442,118,
0,72900,34992,10445,118,
0,73000,35040,10451,118,
0,73100,35095,10454,118,
0,73200,35153,10467,118,
0,73300,35196,10480,118,
0,73400,35238,10501,118,
0,73500,35283,10513,118,
0,73600,35315,10544,118,
0,73700,35352,10574,118,
0,73800,35399,10584,118,
0,73900,35440,10605,118,
0,74000,35467,10637,118,
0,74100,35531,10645,118,
0,74200,35591,10646,118,
0,74300,35620,10677,118,
0,74400,35657,10706,118,
0,74500,35717,10710,118,
0,74600,35781,10712,118,
0,74700,35800,10745,118,
0,74800,35864,10749,118,
0,74900,35919,10750,118,
0,75000,35976,10754,118,
0,75100,36009,10785,118,
0,75200,36072,10789,118,
0,75300,36143,10790,118,
0,75400,36169,10824,118,
0,75500,36224,10838,118,
0,75600,36270,10850,118,
0,75700,36328,10855,118,
0,75800,36363,10886,118,
0,75900,36413,10894,118,
0,76000,36454,10918,118,
0,76100,36510,10932,118,
0,76200,36567,10935,118,
0,76300,36623,10936,120,
0,76400,36682,10945,120,
0,76500,36736,10954,120,
0,76600,36800,10960,120,
0,76700,36864,10961,120,
0,76800,36919,10967,120,
0,76900,36976,10972,120,
0,77000,37028,10980,120,
0,77100,37097,10989,120,
0,77200,37156,10990,122,
0,77300,37208,10999,122,
0,77400,37246,11019,122,
0,77500,37300,11028,122,
0,77600,37360,11030,122,
0,77700,37413,11031,122,
0,77800,37449,11055,122,
0,77900,37475,11089,122,
0,78000,37526,11101,122,
0,78100,37563,11120,122,
0,78200,37587,11147,122,
0,78300,37632,11167,122,
0,78400,37677,11178,122,
0,78500,37704,11212,122,
0,78600,37734,11244,122,
0,78700,37790,11247,124,
0,78800,37851,11263,124,
0,78900,37907,11270,124,
0,79000,37965,11290,124,
0,79100,38013,11300,124,
0,79200,38070,11306,124,
0,79300,38132,11312,124,
0,79400,38187,11318,124,
0,79500,38225,11340,126,
0,79600,38250,11371,126,
0,79700,38302,11382,126,
0,79800,38345,11393,126,
0,79900,38379,11425,126,
0,80000,38444,11427,126,
0,80100,38504,11433,126,
0,80200,38551,11453,126,
0,80300,38574,11487,126,
0,80400,38641,11493,126,
0,80500,38697,11494,126,
0,80600,38750,11501,126,
0,80700,38801,11523,126,
0,80800,38859,11525,126,
0,80900,38923,11526,126,
0,81000,38951,11558,128,
0,81100,38987,11581,128,
0,81200,39031,11591,128,
0,81300,39091,11598,128,
0,81400,39121,11630,128,
0,81500,39167,11640,128,
0,81600,39232,11649,128,
0,81700,39253,11680,128,
0,81800,39293,11703,128,
0,81900,39337,11712,128,
0,82000,39394,11719,128,
0,82100,39462,11734,128,
0,82200,39517,11740,128,
0,82300,39565,11765,128,
0,82400,39576,11795,128,
0,82500,39613,11815,128,
0,82600,39670,11819,128,
0,82700,39708,11848,128,
0,82800,39739,11880,132,
0,82900,39785,11892,132,
0,83000,39828,11913,132,
0,83100,39846,11946,132,
0,83200,39887,11964,132,
0,83300,39929,11976,132,
0,83400,39991,11983,132,
0,83500,40017,12019,132,
0,83600,40064,12025,132,
0,83700,40113,12050,132,
0,83800,40175,12055,132,
0,83900,40235,12056,132,
0,84000,40293,12057,132,
0,84100,40326,12087,132,
0,84200,40359,12116,132,
0,84300,40417,12121,134,
0,84400,40488,12122,134,
0,84500,40512,12153,134,
0,84600,40560,12171,134,
0,84700,40607,12183,134,
0,84800,40676,12186,134,
0,84900,40718,12216,134,
0,85000,40779,12219,134,
0,85100,40846,12220,134,
0,85200,40867,12253,134,
0,85300,40930,12260,134,
0,85400,40994,12261,134,
0,85500,41037,12296,134,
0,85600,41072,12324,136,
0,85700,41124,12331,136,
0,85800,41165,12352,136,
0,85900,41217,12360,136,
0,86000,41278,12361,136,
0,86100,41332,12364,136,
0,86200,41391,12366,136,
0,86300,41447,12368,138,
0,86400,41501,12374,138,
