0,100,28,13,0,
0,200,80,18,0,
0,300,128,29,2,
0,400,157,54,2,
0,500,187,81,2,
0,600,263,86,2,
0,700,322,88,2,
0,800,356,117,2,
0,900,409,126,2,
0,1000,460,136,2,
0,1100,500,161,2,
0,1200,535,190,4,
0,1300,585,207,4,
0,1400,620,219,6,
0,1500,643,248,6,
0,1600,703,252,6,
0,1700,759,261,6,
0,1800,808,286,6,
0,1900,832,316,6,
0,2000,891,320,6,
0,2100,943,321,6,
0,2200,998,344,6,
0,2300,1055,355,6,
0,2400,1107,368,6,
0,2500,1148,387,6,
0,2600,1202,391,6,
0,2700,1255,415,6,
0,2800,1301,422,6,
0,2900,1363,428,6,
0,3000,1428,432,6,
0,3100,1489,435,6,
0,3200,1549,436,6,
0,3300,1578,465,6,
0,3400,1623,485,6,
0,3500,1677,490,6,
0,3600,1740,496,6,
0,3700,1796,504,8,
0,3800,1849,514,8,
0,3900,1893,536,10,
0,4000,1953,545,10,
0,4100,1999,570,10,
0,4200,2054,578,10,
0,4300,2089,611,10,
0,4400,2147,616,10,
0,4500,2194,625,10,
0,4600,2235,651,10,
0,4700,2255,684,10,
0,4800,2315,687,10,
0,4900,2382,688,10,
0,5000,2437,690,10,
0,5100,2465,720,10,
0,5200,2516,729,10,
0,5300,2554,750,10,
0,5400,2605,756,10,
0,5500,2666,763,10,
0,5600,2723,765,10,
0,5700,2760,791,10,
0,5800,2821,798,10,
0,5900,2871,807,10,
0,6000,2944,810,10,
0,6100,2967,840,10,
0,6200,3035,846,10,
0,6300,3094,847,10,
0,6400,3153,856,10,
0,6500,3212,858,12,
0,6600,3282,868,12,
0,6700,3353,871,12,
0,6800,3385,898,12,
0,6900,3452,899,12,
0,7000,3511,905,12,
0,7100,3581,909,12,
0,7200,3641,910,12,
0,7300,3695,920,12,
0,7400,3742,938,12,
0,7500,3766,970,12,
0,7600,3832,972,12,
0,7700,3892,973,12,
0,7800,3952,976,12,
0,7900,4011,980,12,
0,8000,4055,987,14,
0,8100,4117,988,14,
0,8200,4141,1011,18,
0,8300,4178,1035,18,
0,8400,4226,1044,18,
0,8500,4285,1047,18,
0,8600,4344,1050,18,
0,8700,4391,1061,18,
0,8800,4435,1084,18,
0,8900,4489,1089,18,
0,9000,4547,1091,18,
0,9100,4604,1092,18,
0,9200,4644,1123,20,
0,9300,4712,1127,20,
0,9400,4776,1130,20,
0,9500,4840,1135,20,
0,9600,4860,1165,20,
0,9700,4905,1188,20,
0,9800,4960,1197,20,
0,9900,5019,1213,20,
0,10000,5056,1245,22,
0,10100,5114,1253,24,
0,10200,5161,1276,24,
0,10300,5201,1298,24,
0,10400,5267,1307,24,
0,10500,5327,1310,24,
0,10600,5386,1320,24,
0,10700,5412,1350,26,
0,10800,5461,1360,26,
0,10900,5523,1375,26,
0,11000,5577,1378,26,
0,11100,5628,1396,26,
0,11200,5670,1405,26,
0,11300,5714,1438,26,
0,11400,5738,1473,26,
0,11500,5793,1477,26,
0,11600,5865,1478,26,
0,11700,5904,1510,26,
0,11800,5958,1515,26,
0,11900,6006,1516,26,
0,12000,6066,1521,26,
0,12100,6130,1523,26,
0,12200,6188,1525,26,
0,12300,6260,1526,26,
0,12400,6296,1548,26,
0,12500,6340,1569,26,
0,12600,6386,1580,26,
0,12700,6414,1617,26,
0,12800,6476,1620,26,
0,12900,6532,1624,26,
0,13000,6584,1644,26,
0,13100,6618,1680,26,
0,13200,6654,1700,28,
0,13300,6693,1706,28,
0,13400,6719,1741,28,
0,13500,6775,1747,28,
0,13600,6827,1755,28,
0,13700,6874,1774,28,
0,13800,6897,1800,28,
0,13900,6930,1823,30,
0,14000,6976,1832,30,
0,14100,7021,1851,30,
0,14200,7059,1879,30,
0,14300,7119,1887,30,
0,14400,7163,1909,30,
0,14500,7187,1940,30,
0,14600,7224,1961,30,
0,14700,7274,1970,32,
0,14800,7301,2002,32,
0,14900,7359,2007,32,
0,15000,7403,2017,32,
0,15100,7440,2038,32,
0,15200,7494,2042,32,
0,15300,7558,2047,32,
0,15400,7615,2049,32,
0,15500,7652,2082,32,
0,15600,7709,2092,32,
0,15700,7767,2095,32,
0,15800,7828,2108,32,
0,15900,7876,2112,32,
0,16000,7934,2116,32,
0,16100,7993,2118,32,
0,16200,8029,2152,32,
0,16300,8059,2182,32,
0,16400,8114,2186,32,
0,16500,8178,2187,32,
0,16600,8200,2217,36,
0,16700,8256,2223,38,
0,16800,8312,2224,38,
0,16900,8370,2227,38,
0,17000,8398,2258,38,
0,17100,8459,2260,38,
0,17200,8519,2269,38,
0,17300,8581,2274,38,
0,17400,8623,2296,38,
0,17500,8670,2308,38,
0,17600,8695,2339,38,
0,17700,8725,2375,38,
0,17800,8781,2386,38,
0,17900,8845,2387,38,
0,18000,8863,2423,38,
0,18100,8919,2431,38,
0,18200,8972,2432,38,
0,18300,9031,2443,38,
0,18400,9062,2475,38,
0,18500,9120,2479,38,
0,18600,9182,2489,38,
0,18700,9225,2510,38,
0,18800,9285,2512,38,
0,18900,9341,2513,38,
0,19000,9385,2534,38,
0,19100,9445,2539,38,
0,19200,9499,2543,40,
0,19300,9564,2551,40,
0,19400,9593,2584,40,
0,19500,9654,2587,40,
0,19600,9728,2588,40,
0,19700,9786,2590,40,
0,19800,9822,2625,40,
0,19900,9873,2637,40,
0,20000,9912,2661,40,
0,20100,9958,2671,40,
0,20200,10000,2692,40,
0,20300,10050,2702,40,
0,20400,10115,2710,40,
0,20500,10169,2718,40,
0,20600,10219,2725,40,
0,20700,10283,2726,40,
0,20800,10304,2757,40,
0,20900,10368,2759,40,
0,21000,10437,2760,40,
0,21100,10495,2762,40,
0,21200,10553,2767,42,
0,21300,10600,2778,42,
0,21400,10639,2798,42,
0,21500,10693,2803,42,
0,21600,10752,2806,42,
0,21700,10803,2813,42,
0,21800,10837,2841,42,
0,21900,10905,2844,42,
0,22000,10965,2850,42,
0,22100,11030,2853,42,
0,22200,11056,2884,42,
0,22300,11097,2903,42,
0,22400,11148,2912,42,
0,22500,11215,2923,42,
0,22600,11246,2950,44,
0,22700,11304,2959,44,
0,22800,11348,2982,44,
0,22900,11396,2993,44,
0,23000,11466,3004,44,
0,23100,11528,3010,44,
0,23200,11553,3044,44,
0,23300,11591,3075,44,
0,23400,11646,3077,44,
0,23500,11707,3078,44,
0,23600,11725,3110,44,
0,23700,11782,3114,44,
0,23800,11841,3115,44,
0,23900,11909,3128,44,
0,24000,11969,3131,44,
0,24100,12024,3135,44,
0,24200,12083,3136,44,
0,24300,12108,3169,44,
0,24400,12158,3188,44,
0,24500,12197,3199,44,
0,24600,12263,3204,44,
0,24700,12325,3205,44,
0,24800,12374,3217,44,
0,24900,12444,3223,44,
0,25000,12496,3234,44,
0,25100,12559,3235,44,
0,25200,12623,3236,44,
0,25300,12683,3238,44,
0,25400,12738,3253,44,
0,25500,12792,3260,44,
0,25600,12857,3266,44,
0,25700,12892,3286,44,
0,25800,12941,3307,44,
0,25900,12987,3316,44,
0,26000,13021,3345,44,
0,26100,13082,3351,44,
0,26200,13143,3357,44,
0,26300,13207,3358,44,
0,26400,13226,3393,44,
0,26500,13294,3399,44,
0,26600,13355,3404,44,
0,26700,13415,3407,44,
0,26800,13473,3416,44,
0,26900,13524,3428,44,
0,27000,13562,3447,44,
0,27100,13613,3450,44,
0,27200,13676,3454,44,
0,27300,13732,3455,44,
0,27400,13763,3484,44,
0,27500,13818,3487,44,
0,27600,13870,3493,44,
0,27700,13939,3495,44,
0,27800,13964,3531,46,
0,27900,14006,3552,46,
0,28000,14053,3560,46,
0,28100,14089,3593,46,
0,28200,14142,3599,46,
0,28300,14207,3603,46,
0,28400,14269,3607,46,
0,28500,14318,3610,46,
0,28600,14379,3614,46,
0,28700,14444,3615,46,
0,28800,14480,3647,46,
0,28900,14539,3655,46,
0,29000,14592,3667,46,
0,29100,14655,3669,46,
0,29200,14685,3698,46,
0,29300,14725,3722,46,
0,29400,14769,3734,46,
0,29500,14826,3743,46,
0,29600,14854,3771,46,
0,29700,14909,3780,46,
0,29800,14945,3803,46,
0,29900,14978,3837,46,
0,30000,15022,3859,48,
0,30100,15079,3864,48,
0,30200,15139,3869,48,
0,30300,15202,3871,48,
0,30400,15254,3880,50,
0,30500,15305,3897,50,
0,30600,15340,3915,50,
0,30700,15385,3938,50,
0,30800,15436,3949,50,
0,30900,15492,3955,50,
0,31000,15553,3965,50,
0,31100,15598,3976,50,
0,31200,15640,3996,50,
0,31300,15696,4007,50,
0,31400,15736,4029,50,
0,31500,15775,4040,50,
0,31600,15802,4067,50,
0,31700,15858,4071,50,
0,31800,15910,4073,52,
0,31900,15972,4074,52,
0,32000,16015,4095,54,
0,32100,16054,4117,54,
0,32200,16098,4126,54,
0,32300,16131,4162,54,
0,32400,16160,4193,54,
0,32500,16202,4203,54,
0,32600,16253,4219,54,
0,32700,16307,4222,54,
0,32800,16372,4226,54,
0,32900,16432,4228,54,
0,33000,16467,4260,54,
0,33100,16500,4290,54,
0,33200,16554,4299,54,
0,33300,16601,4321,54,
0,33400,16654,4331,54,
0,33500,16718,4334,54,
0,33600,16771,4338,54,
0,33700,16801,4370,54,
0,33800,16860,4373,54,
0,33900,16923,4375,54,
0,34000,16986,4376,54,
0,34100,17043,4382,54,
0,34200,17102,4389,54,
0,34300,17162,4391,54,
0,34400,17223,4399,54,
0,34500,17253,4429,56,
0,34600,17315,4433,56,
0,34700,17386,4435,56,
0,34800,17437,4446,56,
0,34900,17506,4447,56,
0,35000,17564,4448,56,
0,35100,17629,4452,56,
0,35200,17666,4477,58,
0,35300,17712,4487,58,
0,35400,17759,4510,58,
0,35500,17816,4520,58,
0,35600,17862,4543,58,
0,35700,17907,4549,58,
0,35800,17963,4556,58,
0,35900,18006,4584,58,
0,36000,18052,4593,58,
0,36100,18096,4613,58,
0,36200,18143,4621,58,
0,36300,18193,4636,58,
0,36400,18246,4644,58,
0,36500,18270,4673,58,
0,36600,18297,4708,58,
0,36700,18341,4718,58,
0,36800,18383,4743,58,
0,36900,18442,4752,58,
0,37000,18494,4773,58,
0,37100,18544,4780,58,
0,37200,18578,4810,58,
0,37300,18632,4819,60,
0,37400,18689,4824,60,
0,37500,18754,4825,60,
0,37600,18805,4827,62,
0,37700,18874,4828,62,
0,37800,18936,4829,62,
0,37900,18996,4832,62,
0,38000,19063,4833,62,
0,38100,19116,4841,62,
0,38200,19176,4842,62,
0,38300,19234,4845,62,
0,38400,19295,4847,62,
0,38500,19350,4849,62,
0,38600,19406,4869,62,
0,38700,19464,4870,62,
0,38800,19518,4880,62,
0,38900,19569,4899,62,
0,39000,19621,4908,64,
0,39100,19661,4930,66,
0,39200,19703,4940,66,
0,39300,19732,4973,66,
0,39400,19759,5006,66,
0,39500,19821,5007,66,
0,39600,19887,5008,66,
0,39700,19925,5026,66,
0,39800,19971,5045,66,
0,39900,20014,5056,68,
0,40000,20074,5065,68,
0,40100,20141,5067,68,
0,40200,20199,5070,68,
0,40300,20259,5072,68,
0,40400,20317,5091,68,
0,40500,20363,5109,68,
0,40600,20412,5120,68,
0,40700,20434,5152,70,
0,40800,20500,5156,70,
0,40900,20549,5167,70,
0,41000,20590,5189,70,
0,41100,20614,5218,70,
0,41200,20662,5237,70,
0,41300,20707,5248,70,
0,41400,20742,5278,70,
0,41500,20805,5282,70,
0,41600,20862,5285,70,
0,41700,20923,5286,70,
0,41800,20950,5320,70,
0,41900,21008,5325,70,
0,42000,21063,5327,70,
0,42100,21114,5329,70,
0,42200,21162,5351,70,
0,42300,21230,5359,70,
0,42400,21290,5370,70,
0,42500,21349,5372,70,
0,42600,21419,5377,70,
0,42700,21471,5378,70,
0,42800,21499,5411,70,
0,42900,21559,5420,70,
0,43000,21600,5429,70,
0,43100,21636,5451,72,
0,43200,21689,5456,72,
0,43300,21736,5475,72,
0,43400,21773,5488,72,
0,43500,21809,5519,72,
0,43600,21842,5549,72,
0,43700,21910,5554,72,
0,43800,21972,5555,72,
0,43900,21995,5588,72,
0,44000,22054,5595,72,
0,44100,22111,5596,72,
0,44200,22137,5625,72,
0,44300,22191,5631,72,
0,44400,22242,5641,72,
0,44500,22284,5659,72,
0,44600,22312,5691,72,
0,44700,22377,5694,72,
0,44800,22429,5696,72,
0,44900,22490,5702,72,
0,45000,22524,5735,72,
0,45100,22579,5744,72,
0,45200,22642,5761,72,
0,45300,22695,5784,72,
0,45400,22754,5789,72,
0,45500,22804,5790,72,
0,45600,22843,5815,72,
0,45700,22881,5844,72,
0,45800,22928,5855,72,
0,45900,22968,5879,72,
0,46000,22990,5909,72,
0,46100,23055,5916,72,
0,46200,23116,5917,72,
0,46300,23171,5921,72,
0,46400,23236,5924,72,
0,46500,23289,5929,72,
0,46600,23353,5930,72,
0,46700,23368,5963,72,
0,46800,23409,5984,72,
0,46900,23453,5992,72,
0,47000,23483,6024,72,
0,47100,23517,6056,72,
0,47200,23569,6066,72,
0,47300,23606,6091,72,
0,47400,23635,6114,74,
0,47500,23678,6133,74,
0,47600,23723,6144,74,
0,47700,23779,6147,74,
0,47800,23840,6151,74,
0,47900,23893,6160,74,
0,48000,23935,6181,74,
0,48100,23986,6194,74,
0,48200,24043,6195,74,
0,48300,24096,6196,74,
0,48400,24136,6211,74,
0,48500,24202,6216,74,
0,48600,24254,6227,74,
0,48700,24298,6245,74,
0,48800,24319,6278,76,
0,48900,24386,6282,76,
0,49000,24452,6283,76,
0,49100,24520,6286,76,
0,49200,24552,6315,76,
0,49300,24606,6321,76,
0,49400,24642,6346,76,
0,49500,24669,6371,78,
0,49600,24726,6374,78,
0,49700,24790,6375,78,
0,49800,24815,6409,78,
0,49900,24855,6435,78,
0,50000,24898,6444,78,
0,50100,24942,6463,78,
0,50200,24967,6493,80,
0,50300,25033,6499,80,
0,50400,25083,6510,80,
0,50500,25138,6522,80,
0,50600,25200,6525,80,
0,50700,25263,6530,80,
0,50800,25323,6531,80,
0,50900,25345,6559,82,
0,51000,25384,6579,82,
0,51100,25426,6590,82,
0,51200,25464,6626,82,
0,51300,25525,6636,82,
0,51400,25566,6647,82,
0,51500,25608,6671,82,
0,51600,25625,6702,82,
0,51700,25685,6705,82,
0,51800,25741,6706,82,
0,51900,25795,6711,82,
0,52000,25860,6712,82,
0,52100,25912,6723,82,
0,52200,25950,6747,82,
0,52300,25973,6784,82,
0,52400,26011,6807,82,
0,52500,26067,6819,82,
0,52600,26097,6852,82,
0,52700,26128,6882,82,
0,52800,26186,6886,82,
0,52900,26255,6887,82,
0,53000,26305,6896,82,
0,53100,26344,6918,82,
0,53200,26402,6928,82,
0,53300,26466,6931,82,
0,53400,26529,6937,82,
0,53500,26579,6944,82,
0,53600,26640,6945,82,
0,53700,26671,6982,82,
0,53800,26716,7001,84,
0,53900,26759,7013,84,
0,54000,26795,7051,84,
0,54100,26852,7054,84,
0,54200,26909,7062,84,
0,54300,26972,7064,84,
0,54400,26994,7095,84,
0,54500,27040,7112,84,
0,54600,27094,7126,84,
0,54700,27120,7154,84,
0,54800,27158,7180,86,
0,54900,27203,7191,86,
0,55000,27253,7210,86,
0,55100,27279,7242,86,
0,55200,27339,7248,86,
0,55300,27401,7249,86,
0,55400,27465,7251,86,
0,55500,27521,7260,86,
0,55600,27579,7270,86,
0,55700,27618,7289,86,
0,55800,27673,7296,86,
0,55900,27733,7303,86,
0,56000,27783,7304,86,
0,56100,27845,7312,86,
0,56200,27899,7331,86,
0,56300,27949,7340,86,
0,56400,28000,7360,89,
0,56500,28054,7371,89,
0,56600,28112,7377,89,
0,56700,28158,7378,89,
0,56800,28218,7381,89,
0,56900,28254,7418,89,
0,57000,28305,7420,89,
0,57100,28366,7423,89,
0,57200,28411,7441,91,
0,57300,28453,7461,91,
0,57400,28499,7472,91,
0,57500,28533,7502,91,
0,57600,28576,7528,93,
0,57700,28639,7531,93,
0,57800,28701,7542,93,
0,57900,28727,7570,93,
0,58000,28765,7593,93,
0,58100,28808,7603,93,
0,58200,28832,7635,93,
0,58300,28881,7653,93,
0,58400,28930,7661,93,
0,58500,28963,7685,93,
0,58600,28986,7708,95,
0,58700,29044,7722,97,
0,58800,29094,7723,97,
0,58900,29127,7753,97,
0,59000,29187,7763,97,
0,59100,29239,7766,97,
0,59200,29304,7767,97,
0,59300,29326,7799,97,
0,59400,29386,7818,97,
0,59500,29430,7828,99,
0,59600,29487,7840,99,
0,59700,29515,7871,101,
0,59800,29564,7879,101,
0,59900,29601,7903,101,
0,60000,29627,7932,103,
0,60100,29691,7940,103,
0,60200,29744,7941,103,
0,60300,29781,7971,103,
0,60400,29843,7977,103,
0,60500,29886,7989,103,
0,60600,29928,8010,103,
0,60700,29949,8043,103,
0,60800,29992,8067,103,
0,60900,30034,8078,103,
0,61000,30099,8081,103,
0,61100,30132,8111,103,
0,61200,30202,8116,103,
0,61300,30264,8117,103,
0,61400,30287,8147,103,
0,61500,30353,8155,103,
0,61600,30408,8156,103,
0,61700,30467,8159,103,
0,61800,30499,8191,103,
0,61900,30550,8201,103,
0,62000,30591,8223,103,
0,62100,30643,8228,103,
0,62200,30684,8245,103,
0,62300,30733,8252,103,
0,62400,30770,8284,103,
0,62500,30836,8289,103,
0,62600,30896,8293,103,
0,62700,30962,8294,103,
0,62800,30987,8320,105,
0,62900,31046,8321,105,
0,63000,31104,8322,105,
0,63100,31169,8326,105,
0,63200,31197,8357,105,
0,63300,31255,8359,105,
0,63400,31325,8360,105,
0,63500,31377,8364,105,
0,63600,31445,8366,105,
0,63700,31505,8367,105,
0,63800,31562,8378,105,
0,63900,31627,8387,105,
0,64000,31681,8390,105,
0,64100,31745,8392,105,
0,64200,31793,8397,105,
0,64300,31834,8418,105,
0,64400,31877,8428,107,
0,64500,31935,8436,107,
0,64600,31972,8462,109,
0,64700,32029,8472,109,
0,64800,32098,8479,109,
0,64900,32113,8514,111,
0,65000,32161,8534,111,
0,65100,32214,8545,111,
0,65200,32279,8554,111,
0,65300,32336,8555,111,
0,65400,32389,8563,111,
0,65500,32435,8584,111,
0,65600,32492,8589,113,
0,65700,32537,8612,113,
0,65800,32580,8627,113,
0,65900,32634,8644,113,
0,66000,32698,8650,113,
0,66100,32751,8655,113,
0,66200,32818,8657,113,
0,66300,32877,8662,113,
0,66400,32924,8679,113,
0,66500,32968,8690,115,
0,66600,32997,8721,115,
0,66700,33033,8751,115,
0,66800,33084,8757,115,
0,66900,33156,8758,115,
0,67000,33211,8766,117,
0,67100,33260,8787,117,
0,67200,33309,8798,117,
0,67300,33345,8821,117,
0,67400,33405,8824,117,
0,67500,33444,8834,117,
0,67600,33481,8855,117,
0,67700,33535,8863,117,
0,67800,33585,8884,117,
0,67900,33635,8895,117,
0,68000,33675,8919,117,
0,68100,33708,8947,119,
0,68200,33754,8959,119,
0,68300,33795,8975,119,
0,68400,33815,9008,119,
0,68500,33875,9010,119,
0,68600,33935,9011,119,
0,68700,33994,9014,119,
0,68800,34028,9040,119,
0,68900,34094,9045,121,
0,69000,34164,9045,123,
0,69100,34221,9049,123,
0,69200,34259,9072,123,
0,69300,34304,9085,123,
0,69400,34330,9118,125,
0,69500,34361,9148,125,
0,69600,34413,9154,125,
0,69700,34455,9179,125,
0,69800,34490,9211,125,
0,69900,34534,9235,125,
0,70000,34580,9248,125,
0,70100,34645,9256,125,
0,70200,34691,9284,125,
0,70300,34735,9292,125,
0,70400,34789,9303,125,
0,70500,34830,9321,125,
0,70600,34876,9341,125,
0,70700,34918,9354,125,
0,70800,34977,9358,125,
0,70900,35013,9380,125,
0,71000,35068,9383,125,
0,71100,35132,9384,125,
0,71200,35165,9412,125,
0,71300,35221,9435,125,
0,71400,35265,9452,127,
0,71500,35326,9458,127,
0,71600,35350,9489,127,
0,71700,35409,9493,127,
0,71800,35468,9494,127,
0,71900,35494,9525,127,
0,72000,35551,9528,127,
0,72100,35601,9531,127,
0,72200,35662,9537,127,
0,72300,35697,9569,127,
0,72400,35744,9580,127,
0,72500,35786,9598,127,
0,72600,35828,9613,127,
0,72700,35868,9631,127,
0,72800,35906,9642,127,
0,72900,35940,9679,129,
0,73000,35975,9714,129,
0,73100,36019,9722,129,
0,73200,36061,9743,129,
0,73300,36115,9753,129,
0,73400,36171,9760,129,
0,73500,36233,9763,131,
0,73600,36268,9789,131,
0,73700,36291,9819,131,
0,73800,36338,9829,131,
0,73900,36383,9856,131,
0,74000,36417,9883,131,
0,74100,36459,9908,131,
0,74200,36511,9916,131,
0,74300,36556,9932,131,
0,74400,36577,9965,133,
0,74500,36633,9967,135,
0,74600,36700,9968,135,
0,74700,36726,10000,135,
0,74800,36773,10022,135,
0,74900,36816,10031,135,
0,75000,36858,10049,137,
0,75100,36884,10080,137,
0,75200,36945,10090,137,
0,75300,37005,10091,137,
0,75400,37064,10096,137,
0,75500,37110,10119,137,
0,75600,37172,10129,137,
0,75700,37228,10132,137,
0,75800,37254,10165,139,
0,75900,37303,10177,139,
0,76000,37341,10194,139,
0,76100,37365,10224,139,
0,76200,37410,10245,139,
0,76300,37455,10254,139,
0,76400,37483,10288,139,
0,76500,37514,10319,141,
0,76600,37564,10330,141,
0,76700,37620,10350,141,
0,76800,37651,10379,141,
0,76900,37697,10399,141,
0,77000,37746,10409,141,
0,77100,37777,10444,141,
0,77200,37814,10473,141,
0,77300,37873,10474,141,
0,77400,37924,10492,141,
0,77500,37948,10515,143,
0,77600,37989,10538,143,
0,77700,38041,10549,143,
0,77800,38102,10559,143,
0,77900,38171,10562,143,
0,78000,38230,10569,143,
0,78100,38297,10570,143,
0,78200,38344,10578,143,
0,78300,38409,10585,143,
0,78400,38458,10586,145,
0,78500,38519,10594,145,
0,78600,38583,10601,145,
0,78700,38638,10609,145,
0,78800,38684,10633,145,
0,78900,38706,10673,145,
0,79000,38770,10676,145,
0,79100,38833,10682,145,
0,79200,38863,10722,145,
0,79300,38922,10733,147,
0,79400,38978,10744,147,
0,79500,39034,10749,147,
0,79600,39057,10778,149,
0,79700,39108,10798,149,
0,79800,39151,10808,151,
0,79900,39179,10840,151,
0,80000,39234,10842,151,
0,80100,39282,10852,151,
0,80200,39330,10877,151,
0,80300,39378,10881,151,
0,80400,39441,10883,151,
0,80500,39504,10887,151,
0,80600,39566,10891,151,
0,80700,39632,10898,151,
0,80800,39690,10901,151,
0,80900,39756,10903,151,
0,81000,39782,10932,151,
0,81100,39818,10952,151,
0,81200,39875,10962,151,
0,81300,39931,10970,151,
0,81400,39992,10971,151,
0,81500,40037,10974,151,
0,81600,40098,10976,151,
0,81700,40133,11008,151,
0,81800,40172,11031,151,
0,81900,40215,11043,151,
0,82000,40272,11048,151,
0,82100,40305,11080,151,
0,82200,40350,11087,151,
0,82300,40392,11108,151,
0,82400,40423,11136,151,
0,82500,40477,11137,151,
0,82600,40533,11138,151,
0,82700,40567,11171,153,
0,82800,40593,11199,153,
0,82900,40639,11206,153,
0,83000,40678,11230,153,
0,83100,40697,11256,157,
0,83200,40738,11273,157,
0,83300,40791,11277,157,
0,83400,40850,11283,157,
0,83500,40898,11298,157,
0,83600,40943,11309,157,
0,83700,40986,11332,160,
0,83800,41045,11335,160,
0,83900,41086,11356,160,
0,84000,41135,11366,160,
0,84100,41165,11393,160,
0,84200,41192,11428,160,
0,84300,41245,11439,160,
0,84400,41284,11461,160,
0,84500,41305,11494,160,
0,84600,41354,11512,160,
0,84700,41398,11524,160,
0,84800,41434,11557,160,
0,84900,41461,11585,160,
0,85000,41512,11588,160,
0,85100,41573,11589,160,
0,85200,41632,11591,160,
0,85300,41700,11596,162,
0,85400,41752,11597,162,
0,85500,41817,11608,162,
0,85600,41877,11616,162,
0,85700,41932,11626,162,
0,85800,42002,11628,162,
0,85900,42054,11631,162,
0,86000,42092,11650,162,
0,86100,42141,11661,162,
0,86200,42199,11665,162,
0,86300,42226,11695,162,
0,86400,42275,11708,162,
