0,100,30,12,0,
0,200,77,20,0,
0,300,127,29,0,
0,400,169,55,0,
0,500,223,60,0,
0,600,275,77,0,
0,700,318,92,0,
0,800,346,127,0,
0,900,399,131,0,
0,1000,467,140,0,
0,1100,536,147,0,
0,1200,578,150,0,
0,1300,618,170,2,
0,1400,667,177,2,
0,1500,696,207,2,
0,1600,721,241,2,
0,1700,783,250,2,
0,1800,853,256,2,
0,1900,907,259,2,
0,2000,946,281,2,
0,2100,988,289,4,
0,2200,1025,315,4,
0,2300,1051,346,6,
0,2400,1103,356,6,
0,2500,1148,376,6,
0,2600,1175,410,6,
0,2700,1234,412,6,
0,2800,1295,413,6,
0,2900,1359,418,6,
0,3000,1406,437,6,
0,3100,1463,443,6,
0,3200,1521,451,6,
0,3300,1545,483,6,
0,3400,1590,504,6,
0,3500,1630,514,6,
0,3600,1665,545,6,
0,3700,1700,574,8,
0,3800,1759,575,8,
0,3900,1817,576,8,
0,4000,1843,604,8,
0,4100,1883,623,8,
0,4200,1929,634,8,
0,4300,1960,667,8,
0,4400,1991,699,8,
0,4500,2040,711,8,
0,4600,2078,733,8,
0,4700,2105,763,8,
0,4800,2151,782,8,
0,4900,2198,793,8,
0,5000,2230,822,8,
0,5100,2261,856,8,
0,5200,2308,868,8,
0,5300,2367,881,8,
0,5400,2415,885,8,
0,5500,2458,907,8,
0,5600,2502,916,10,
0,5700,2561,923,10,
0,5800,2595,955,10,
0,5900,2651,959,10,
0,6000,2716,960,10,
0,6100,2742,986,10,
0,6200,2809,991,10,
0,6300,2862,992,10,
0,6400,2888,1024,10,
0,6500,2927,1049,10,
0,6600,2986,1054,10,
0,6700,3046,1060,10,
0,6800,3102,1063,10,
0,6900,3163,1065,10,
0,7000,3213,1066,10,
0,7100,3273,1071,10,
0,7200,3343,1074,10,
0,7300,3395,1080,10,
0,7400,3454,1086,10,
0,7500,3479,1113,10,
0,7600,3535,1116,10,
0,7700,3588,1117,10,
0,7800,3626,1150,10,
0,7900,3653,1183,10,
0,8000,3710,1192,10,
0,8100,3762,1201,10,
0,8200,3783,1237,10,
0,8300,3826,1257,10,
0,8400,3870,1267,13,
0,8500,3901,1300,13,
0,8600,3948,1328,13,
0,8700,3990,1336,15,
0,8800,4030,1357,15,
0,8900,4084,1366,15,
0,9000,4142,1375,17,
0,9100,4195,1376,17,
0,9200,4255,1382,17,
0,9300,4296,1402,17,
0,9400,4342,1414,17,
0,9500,4381,1434,17,
0,9600,4437,1441,17,
0,9700,4482,1464,19,
0,9800,4523,1476,19,
0,9900,4585,1487,19,
0,10000,4614,1523,19,
0,10100,4672,1526,19,
0,10200,4734,1527,19,
0,10300,4764,1559,19,
0,10400,4801,1582,21,
0,10500,4849,1596,23,
0,10600,4877,1623,23,
0,10700,4928,1646,23,
0,10800,4986,1650,23,
0,10900,5049,1651,23,
0,11000,5090,1673,23,
0,11100,5156,1677,23,
0,11200,5210,1678,23,
0,11300,5278,1681,23,
0,11400,5306,1708,23,
0,11500,5356,1716,23,
0,11600,5389,1741,23,
0,11700,5415,1772,23,
0,11800,5476,1779,23,
0,11900,5528,1780,23,
0,12000,5558,1812,23,
0,12100,5587,1846,23,
0,12200,5638,1859,23,
0,12300,5676,1880,23,
0,12400,5703,1909,25,
0,12500,5772,1916,25,
0,12600,5822,1917,25,
0,12700,5851,1949,25,
0,12800,5879,1979,25,
0,12900,5939,1987,25,
0,13000,5989,2008,25,
0,13100,6018,2040,25,
0,13200,6058,2065,25,
0,13300,6105,2075,25,
0,13400,6165,2085,25,
0,13500,6194,2111,25,
0,13600,6248,2113,25,
0,13700,6311,2114,25,
0,13800,6353,2144,25,
0,13900,6392,2163,25,
0,14000,6437,2173,25,
0,14100,6465,2203,25,
0,14200,6518,2210,27,
0,14300,6565,2219,29,
0,14400,6604,2239,29,
0,14500,6641,2263,31,
0,14600,6687,2285,31,
0,14700,6739,2292,31,
0,14800,6768,2328,31,
0,14900,6805,2362,31,
0,15000,6850,2373,31,
0,15100,6887,2398,31,
0,15200,6937,2403,31,
0,15300,6977,2424,31,
0,15400,7033,2435,31,
0,15500,7069,2460,31,
0,15600,7129,2472,31,
0,15700,7180,2478,31,
0,15800,7249,2479,31,
0,15900,7301,2482,33,
0,16000,7361,2486,33,
0,16100,7424,2487,33,
0,16200,7485,2492,33,
0,16300,7545,2498,33,
0,16400,7597,2500,33,
0,16500,7637,2521,33,
0,16600,7669,2550,33,
0,16700,7707,2573,33,
0,16800,7756,2583,33,
0,16900,7790,2610,33,
0,17000,7848,2618,33,
0,17100,7891,2627,33,
0,17200,7932,2650,33,
0,17300,7954,2682,33,
0,17400,8002,2694,33,
0,17500,8058,2695,33,
0,17600,8091,2730,33,
0,17700,8153,2736,33,
0,17800,8204,2745,33,
0,17900,8242,2767,33,
0,18000,8263,2802,33,
0,18100,8303,2824,33,
0,18200,8350,2834,33,
0,18300,8386,2860,35,
0,18400,8444,2866,35,
0,18500,8492,2870,35,
0,18600,8557,2873,35,
0,18700,8589,2897,35,
0,18800,8630,2920,35,
0,18900,8678,2933,35,
0,19000,8740,2935,35,
0,19100,8802,2937,35,
0,19200,8861,2940,35,
0,19300,8929,2941,37,
0,19400,8978,2952,37,
0,19500,9040,2954,37,
0,19600,9089,2955,37,
0,19700,9116,2987,37,
0,19800,9153,3013,39,
0,19900,9207,3022,39,
0,20000,9244,3052,39,
0,20100,9278,3067,39,
0,20200,9335,3068,39,
0,20300,9391,3069,39,
0,20400,9419,3106,39,
0,20500,9478,3112,39,
0,20600,9531,3116,39,
0,20700,9593,3117,39,
0,20800,9652,3125,39,
0,20900,9709,3134,41,
0,21000,9762,3136,41,
0,21100,9790,3163,41,
0,21200,9815,3193,41,
0,21300,9876,3196,41,
0,21400,9940,3197,41,
0,21500,9997,3202,41,
0,21600,10038,3224,41,
0,21700,10082,3235,41,
0,21800,10141,3239,41,
0,21900,10192,3264,41,
0,22000,10247,3270,41,
0,22100,10306,3275,41,
0,22200,10359,3278,41,
0,22300,10402,3297,41,
0,22400,10451,3308,43,
0,22500,10491,3336,43,
0,22600,10542,3357,43,
0,22700,10594,3367,45,
0,22800,10653,3368,45,
0,22900,10689,3388,45,
0,23000,10738,3406,45,
0,23100,10785,3417,45,
0,23200,10840,3425,45,
0,23300,10880,3447,47,
0,23400,10935,3453,47,
0,23500,10999,3455,47,
0,23600,11021,3488,47,
0,23700,11070,3512,47,
0,23800,11110,3522,47,
0,23900,11144,3555,47,
0,24000,11203,3559,47,
0,24100,11266,3565,47,
0,24200,11309,3589,47,
0,24300,11363,3599,47,
0,24400,11428,3605,49,
0,24500,11484,3606,49,
0,24600,11511,3637,49,
0,24700,11577,3653,49,
0,24800,11630,3658,49,
0,24900,11696,3660,49,
0,25000,11717,3696,49,
0,25100,11778,3697,51,
0,25200,11837,3698,53,
0,25300,11901,3700,53,
0,25400,11963,3707,53,
0,25500,12019,3715,53,
0,25600,12062,3734,53,
0,25700,12117,3736,53,
0,25800,12156,3755,53,
0,25900,12199,3765,53,
0,26000,12224,3796,53,
0,26100,12280,3805,53,
0,26200,12324,3816,55,
0,26300,12363,3838,55,
0,26400,12421,3843,55,
0,26500,12466,3867,55,
0,26600,12510,3879,55,
0,26700,12542,3907,55,
0,26800,12603,3911,55,
0,26900,12659,3915,57,
0,27000,12707,3931,57,
0,27100,12733,3965,57,
0,27200,12798,3968,57,
0,27300,12850,3969,57,
0,27400,12913,3971,57,
0,27500,12964,4001,57,
0,27600,13016,4012,57,
0,27700,13059,4030,57,
0,27800,13083,4061,57,
0,27900,13136,4082,57,
0,28000,13197,4084,57,
0,28100,13260,4087,57,
0,28200,13293,4115,57,
0,28300,13347,4122,57,
0,28400,13409,4123,57,
0,28500,13437,4155,57,
0,28600,13488,4170,57,
0,28700,13528,4179,59,
0,28800,13589,4190,59,
0,28900,13621,4221,59,
0,29000,13661,4230,59,
0,29100,13716,4253,59,
0,29200,13765,4268,59,
0,29300,13809,4290,59,
0,29400,13852,4301,59,
0,29500,13917,4309,59,
0,29600,13946,4340,59,
0,29700,13999,4343,59,
0,29800,14068,4345,59,
0,29900,14091,4376,59,
0,30000,14155,4379,59,
0,30100,14210,4380,61,
0,30200,14270,4386,61,
0,30300,14324,4388,63,
0,30400,14379,4395,63,
0,30500,14444,4398,63,
0,30600,14496,4415,63,
0,30700,14536,4433,63,
0,30800,14574,4442,63,
0,30900,14628,4446,63,
0,31000,14691,4449,63,
0,31100,14741,4458,63,
0,31200,14782,4481,63,
0,31300,14830,4493,63,
0,31400,14878,4512,63,
0,31500,14917,4520,65,
0,31600,14981,4522,65,
0,31700,15041,4528,65,
0,31800,15103,4533,65,
0,31900,15165,4534,65,
0,32000,15219,4551,65,
0,32100,15265,4570,65,
0,32200,15310,4578,65,
0,32300,15375,4581,65,
0,32400,15423,4596,65,
0,32500,15480,4603,65,
0,32600,15533,4616,65,
0,32700,15590,4621,65,
0,32800,15645,4640,65,
0,32900,15699,4649,67,
0,33000,15729,4684,67,
0,33100,15763,4721,67,
0,33200,15814,4724,67,
0,33300,15867,4732,67,
0,33400,15921,4737,67,
0,33500,15959,4753,67,
0,33600,16013,4763,67,
0,33700,16038,4797,67,
0,33800,16066,4829,67,
0,33900,16121,4841,67,
0,34000,16171,4864,67,
0,34100,16192,4894,67,
0,34200,16237,4916,67,
0,34300,16286,4928,67,
0,34400,16318,4957,67,
0,34500,16366,4991,67,
0,34600,16416,5000,67,
0,34700,16466,5021,67,
0,34800,16519,5026,67,
0,34900,16590,5037,67,
0,35000,16642,5038,67,
0,35100,16673,5072,67,
0,35200,16741,5076,67,
0,35300,16798,5081,67,
0,35400,16861,5083,67,
0,35500,16885,5111,67,
0,35600,16942,5129,67,
0,35700,17005,5131,67,
0,35800,17066,5133,67,
0,35900,17104,5166,67,
0,36000,17158,5175,67,
0,36100,17201,5199,67,
0,36200,17256,5210,67,
0,36300,17298,5231,67,
0,36400,17348,5244,67,
0,36500,17387,5272,67,
0,36600,17452,5280,67,
0,36700,17510,5288,67,
0,36800,17549,5312,67,
0,36900,17568,5343,67,
0,37000,17627,5358,67,
0,37100,17684,5368,67,
0,37200,17742,5373,69,
0,37300,17791,5386,71,
0,37400,17840,5396,71,
0,37500,17884,5416,71,
0,37600,17905,5449,74,
0,37700,17944,5470,74,
0,37800,17993,5477,74,
0,37900,18022,5506,74,
0,38000,18080,5512,74,
0,38100,18132,5519,74,
0,38200,18172,5543,74,
0,38300,18192,5576,76,
0,38400,18233,5599,78,
0,38500,18279,5607,78,
0,38600,18338,5611,78,
0,38700,18398,5619,78,
0,38800,18452,5623,78,
0,38900,18514,5624,78,
0,39000,18553,5647,78,
0,39100,18591,5672,80,
0,39200,18637,5681,80,
0,39300,18693,5685,80,
0,39400,18726,5716,80,
0,39500,18785,5722,80,
0,39600,18850,5723,80,
0,39700,18880,5754,80,
0,39800,18948,5764,80,
0,39900,19013,5765,80,
0,40000,19043,5797,80,
0,40100,19077,5833,80,
0,40200,19126,5846,80,
0,40300,19170,5869,80,
0,40400,19221,5877,80,
0,40500,19266,5897,80,
0,40600,19319,5909,80,
0,40700,19350,5945,80,
0,40800,19388,5971,80,
0,40900,19432,5979,80,
0,41000,19474,6003,80,
0,41100,19500,6033,80,
0,41200,19543,6051,80,
0,41300,19597,6062,80,
0,41400,19637,6088,80,
0,41500,19693,6106,80,
0,41600,19743,6109,80,
0,41700,19807,6110,80,
0,41800,19855,6113,82,
0,41900,19895,6135,84,
0,42000,19949,6146,84,
0,42100,20017,6149,84,
0,42200,20073,6155,84,
0,42300,20123,6164,84,
0,42400,20161,6191,84,
0,42500,20218,6197,84,
0,42600,20262,6218,84,
0,42700,20310,6229,84,
0,42800,20357,6254,84,
0,42900,20416,6256,84,
0,43000,20465,6267,84,
0,43100,20507,6287,84,
0,43200,20555,6292,84,
0,43300,20600,6310,84,
0,43400,20642,6317,86,
0,43500,20670,6347,86,
0,43600,20704,6374,88,
0,43700,20747,6384,88,
0,43800,20790,6402,88,
0,43900,20840,6411,88,
0,44000,20889,6429,88,
0,44100,20938,6432,88,
0,44200,20981,6465,88,
0,44300,21035,6473,90,
0,44400,21083,6485,90,
0,44500,21130,6507,90,
0,44600,21186,6512,90,
0,44700,21231,6534,90,
0,44800,21277,6544,90,
0,44900,21341,6548,90,
0,45000,21395,6556,92,
0,45100,21453,6562,92,
0,45200,21522,6564,92,
0,45300,21578,6569,92,
0,45400,21620,6591,94,
0,45500,21677,6604,94,
0,45600,21713,6631,94,
0,45700,21745,6661,94,
0,45800,21805,6668,94,
0,45900,21849,6689,94,
0,46000,21879,6716,96,
0,46100,21927,6737,98,
0,46200,21970,6747,98,
0,46300,21999,6774,98,
0,46400,22030,6808,98,
0,46500,22075,6819,98,
0,46600,22115,6842,98,
0,46700,22144,6872,98,
0,46800,22200,6874,98,
0,46900,22258,6875,98,
0,47000,22304,6892,98,
0,47100,22338,6926,98,
0,47200,22392,6929,98,
0,47300,22454,6930,98,
0,47400,22473,6961,98,
0,47500,22525,6974,100,
0,47600,22572,6984,100,
0,47700,22633,6991,100,
0,47800,22693,6998,100,
0,47900,22746,7001,100,
0,48000,22814,7002,100,
0,48100,22840,7030,100,
0,48200,22893,7035,100,
0,48300,22954,7036,100,
0,48400,23001,7065,100,
0,48500,23029,7100,100,
0,48600,23086,7111,100,
0,48700,23128,7134,100,
0,48800,23161,7166,100,
0,48900,23225,7171,100,
0,49000,23291,7172,100,
0,49100,23335,7197,100,
0,49200,23368,7227,100,
0,49300,23423,7234,100,
0,49400,23481,7235,100,
0,49500,23529,7238,100,
0,49600,23573,7262,100,
0,49700,23617,7270,100,
0,49800,23654,7301,100,
0,49900,23700,7323,100,
0,50000,23763,7330,100,
0,50100,23802,7350,100,
0,50200,23830,7384,100,
0,50300,23876,7406,100,
0,50400,23928,7412,100,
0,50500,23956,7443,100,
0,50600,24000,7466,102,
0,50700,24050,7477,102,
0,50800,24099,7496,102,
0,50900,24129,7529,102,
0,51000,24165,7550,102,
0,51100,24207,7562,102,
0,51200,24267,7565,102,
0,51300,24295,7593,102,
0,51400,24351,7595,102,
0,51500,24421,7596,102,
0,51600,24468,7598,104,
0,51700,24521,7617,104,
0,51800,24571,7625,104,
0,51900,24601,7652,104,
0,52000,24622,7685,106,
0,52100,24679,7691,106,
0,52200,24717,7716,106,
0,52300,24735,7750,108,
0,52400,24787,7758,110,
0,52500,24841,7759,110,
0,52600,24881,7778,110,
0,52700,24942,7783,112,
0,52800,24995,7791,112,
0,52900,25031,7810,112,
0,53000,25081,7812,112,
0,53100,25140,7814,112,
0,53200,25196,7815,112,
0,53300,25235,7843,112,
0,53400,25301,7850,112,
0,53500,25360,7854,112,
0,53600,25415,7855,112,
0,53700,25447,7882,112,
0,53800,25509,7888,112,
0,53900,25563,7889,112,
0,54000,25595,7919,112,
0,54100,25627,7952,112,
0,54200,25681,7953,112,
0,54300,25745,7962,112,
0,54400,25799,7977,112,
0,54500,25865,7984,112,
0,54600,25926,7986,112,
0,54700,25952,8017,112,
0,54800,26008,8026,112,
0,54900,26067,8036,112,
0,55000,26105,8059,112,
0,55100,26161,8065,112,
0,55200,26198,8089,112,
0,55300,26235,8100,115,
0,55400,26259,8134,115,
0,55500,26313,8135,115,
0,55600,26368,8143,115,
0,55700,26408,8163,115,
0,55800,26459,8174,115,
0,55900,26514,8194,115,
0,56000,26566,8196,115,
0,56100,26620,8213,115,
0,56200,26650,8243,115,
0,56300,26714,8249,115,
0,56400,26750,8270,117,
0,56500,26773,8299,117,
0,56600,26843,8300,119,
0,56700,26899,8301,119,
0,56800,26926,8333,119,
0,56900,26957,8359,119,
0,57000,27011,8362,119,
0,57100,27075,8363,119,
0,57200,27129,8370,119,
0,57300,27187,8375,119,
0,57400,27241,8377,119,
0,57500,27299,8385,119,
0,57600,27369,8389,119,
0,57700,27430,8395,119,
0,57800,27505,8401,119,
0,57900,27535,8437,119,
0,58000,27597,8440,119,
0,58100,27657,8441,119,
0,58200,27721,8452,119,
0,58300,27750,8480,119,
0,58400,27804,8488,119,
0,58500,27847,8508,119,
0,58600,27908,8515,119,
0,58700,27967,8519,119,
0,58800,28018,8520,119,
0,58900,28059,8551,119,
0,59000,28121,8555,119,
0,59100,28178,8564,119,
0,59200,28221,8585,119,
0,59300,28272,8587,119,
0,59400,28312,8608,119,
0,59500,28358,8620,121,
0,59600,28385,8651,121,
0,59700,28446,8654,121,
0,59800,28499,8659,121,
0,59900,28571,8660,121,
0,60000,28634,8663,121,
0,60100,28686,8678,121,
0,60200,28742,8679,121,
0,60300,28802,8684,121,
0,60400,28841,8710,121,
0,60500,28892,8718,121,
0,60600,28952,8723,121,
0,60700,28973,8750,121,
0,60800,29014,8772,121,
0,60900,29058,8783,121,
0,61000,29112,8794,121,
0,61100,29173,8795,121,
0,61200,29231,8800,121,
0,61300,29299,8801,121,
0,61400,29365,8806,121,
0,61500,29411,8824,121,
0,61600,29456,8834,123,
0,61700,29481,8868,123,
0,61800,29518,8896,123,
0,61900,29568,8901,123,
0,62000,29632,8905,123,
0,62100,29657,8932,123,
0,62200,29696,8952,123,
0,62300,29739,8960,123,
0,62400,29787,8977,123,
0,62500,29818,9013,123,
0,62600,29863,9024,123,
0,62700,29908,9044,123,
0,62800,29963,9052,123,
0,62900,30019,9054,123,
0,63000,30073,9055,123,
0,63100,30096,9090,123,
0,63200,30125,9126,123,
0,63300,30178,9134,123,
0,63400,30215,9160,123,
0,63500,30275,9164,123,
0,63600,30340,9170,123,
0,63700,30393,9171,123,
0,63800,30425,9197,123,
0,63900,30484,9201,123,
0,64000,30541,9206,123,
0,64100,30599,9215,123,
0,64200,30617,9248,123,
0,64300,30657,9267,123,
0,64400,30702,9280,123,
0,64500,30729,9311,123,
0,64600,30757,9341,125,
0,64700,30815,9351,125,
0,64800,30880,9356,125,
0,64900,30906,9391,125,
0,65000,30961,9415,125,
0,65100,31007,9427,125,
0,65200,31071,9435,125,
0,65300,31133,9439,125,
0,65400,31185,9447,125,
0,65500,31229,9472,125,
0,65600,31280,9476,125,
0,65700,31341,9478,125,
0,65800,31402,9479,125,
0,65900,31452,9498,125,
0,66000,31508,9512,125,
0,66100,31555,9520,125,
0,66200,31590,9545,125,
0,66300,31636,9554,125,
0,66400,31697,9556,125,
0,66500,31755,9557,125,
0,66600,31791,9583,125,
0,66700,31827,9615,127,
0,66800,31881,9620,127,
0,66900,31952,9621,127,
0,67000,31972,9652,129,
0,67100,32011,9670,129,
0,67200,32066,9677,129,
0,67300,32129,9683,129,
0,67400,32160,9713,131,
0,67500,32211,9718,131,
0,67600,32268,9722,131,
0,67700,32286,9758,133,
0,67800,32346,9763,133,
0,67900,32408,9768,133,
0,68000,32443,9801,133,
0,68100,32498,9817,133,
0,68200,32555,9819,133,
0,68300,32618,9820,133,
0,68400,32645,9850,133,
0,68500,32692,9864,135,
0,68600,32746,9873,135,
0,68700,32797,9891,135,
0,68800,32835,9920,135,
0,68900,32891,9925,135,
0,69000,32956,9926,135,
0,69100,33008,9931,135,
0,69200,33084,9940,135,
0,69300,33137,9945,137,
0,69400,33166,9974,137,
0,69500,33223,9978,137,
0,69600,33276,9987,139,
0,69700,33315,10008,139,
0,69800,33354,10022,139,
0,69900,33413,10031,139,
0,70000,33468,10032,139,
0,70100,33508,10063,139,
0,70200,33570,10067,141,
0,70300,33632,10071,141,
0,70400,33674,10091,141,
0,70500,33715,10117,141,
0,70600,33768,10118,141,
0,70700,33823,10119,141,
0,70800,33857,10144,143,
0,70900,33918,10148,143,
0,71000,33970,10156,143,
0,71100,34031,10158,143,
0,71200,34080,10175,143,
0,71300,34139,10178,145,
0,71400,34191,10179,145,
0,71500,34240,10196,145,
0,71600,34270,10228,145,
0,71700,34332,10235,145,
0,71800,34376,10254,145,
0,71900,34404,10287,145,
0,72000,34472,10290,145,
0,72100,34521,10296,145,
0,72200,34561,10317,145,
0,72300,34607,10343,145,
0,72400,34667,10353,145,
0,72500,34703,10373,147,
0,72600,34749,10389,147,
0,72700,34811,10392,147,
0,72800,34865,10393,147,
0,72900,34923,10398,147,
0,73000,34979,10403,147,
0,73100,35028,10413,147,
0,73200,35070,10434,147,
0,73300,35101,10458,147,
0,73400,35159,10459,147,
0,73500,35216,10460,147,
0,73600,35242,10488,147,
0,73700,35303,10496,147,
0,73800,35350,10504,147,
0,73900,35394,10530,147,
0,74000,35452,10534,147,
0,74100,35514,10536,147,
0,74200,35567,10537,147,
0,74300,35629,10544,147,
0,74400,35690,10549,147,
0,74500,35744,10552,147,
0,74600,35807,10554,147,
0,74700,35861,10559,147,
0,74800,35913,10576,147,
0,74900,35957,10587,147,
0,75000,36001,10620,147,
0,75100,36027,10650,147,
0,75200,36089,10657,147,
0,75300,36147,10660,147,
0,75400,36166,10693,147,
0,75500,36210,10711,147,
0,75600,36265,10720,147,
0,75700,36320,10734,147,
0,75800,36370,10752,147,
0,75900,36425,10761,147,
0,76000,36470,10786,147,
0,76100,36502,10814,147,
0,76200,36562,10821,147,
0,76300,36624,10822,147,
0,76400,36654,10852,147,
0,76500,36681,10884,147,
0,76600,36730,10891,147,
0,76700,36766,10911,147,
0,76800,36806,10934,147,
0,76900,36853,10954,147,
0,77000,36913,10955,147,
0,77100,36973,10965,147,
0,77200,37036,10968,149,
0,77300,37092,10973,149,
0,77400,37157,10974,149,
0,77500,37184,11005,149,
0,77600,37225,11027,149,
0,77700,37270,11034,149,
0,77800,37308,11065,149,
0,77900,37336,11097,149,
0,78000,37388,11100,149,
0,78100,37461,11101,149,
0,78200,37511,11108,149,
0,78300,37555,11128,149,
0,78400,37602,11138,149,
0,78500,37658,11149,149,
0,78600,37688,11175,151,
0,78700,37738,11176,153,
0,78800,37801,11177,153,
0,78900,37837,11207,153,
0,79000,37883,11228,153,
0,79100,37927,11237,153,
0,79200,37957,11269,153,
0,79300,38018,11273,153,
0,79400,38063,11284,153,
0,79500,38101,11306,153,
0,79600,38120,11335,153,
0,79700,38162,11358,153,
0,79800,38211,11365,153,
0,79900,38236,11399,153,
0,80000,38300,11402,153,
0,80100,38347,11411,155,
0,80200,38393,11431,155,
0,80300,38416,11463,155,
0,80400,38464,11485,155,
0,80500,38510,11495,157,
0,80600,38542,11526,157,
0,80700,38573,11556,157,
0,80800,38629,11559,157,
0,80900,38698,11560,157,
0,81000,38719,11591,157,
0,81100,38777,11601,157,
0,81200,38839,11603,157,
0,81300,38872,11630,157,
0,81400,38934,11637,157,
0,81500,38991,11647,157,
0,81600,39026,11669,157,
0,81700,39051,11696,157,
0,81800,39104,11703,157,
0,81900,39156,11704,157,
0,82000,39198,11732,157,
0,82100,39254,11734,157,
0,82200,39307,11743,157,
0,82300,39377,11745,157,
0,82400,39413,11772,157,
0,82500,39481,11778,157,
0,82600,39536,11781,157,
0,82700,39589,11790,157,
0,82800,39651,11793,157,
0,82900,39706,11795,157,
0,83000,39770,11796,157,
0,83100,39821,11798,157,
0,83200,39883,11801,159,
0,83300,39937,11802,159,
0,83400,39964,11837,159,
0,83500,40023,11839,159,
0,83600,40084,11843,159,
0,83700,40151,11844,159,
0,83800,40208,11851,159,
0,83900,40248,11870,161,
0,84000,40300,11882,161,
0,84100,40369,11890,161,
0,84200,40429,11895,161,
0,84300,40493,11896,161,
0,84400,40546,11905,161,
0,84500,40595,11919,161,
0,84600,40637,11938,161,
0,84700,40680,11947,163,
0,84800,40739,11955,165,
0,84900,40768,11986,165,
0,85000,40823,11993,165,
0,85100,40889,11994,165,
0,85200,40912,12029,165,
0,85300,40963,12052,165,
0,85400,41009,12064,165,
0,85500,41072,12067,165,
0,85600,41135,12069,165,
0,85700,41200,12070,165,
0,85800,41258,12071,165,
0,85900,41313,12078,165,
0,86000,41350,12097,165,
0,86100,41405,12106,165,
0,86200,41468,12111,165,
0,86300,41527,12125,165,
0,86400,41585,12127,165,
