0,100,36,11,0,
0,200,72,39,0,
0,300,113,50,2,
0,400,149,69,2,
0,500,179,100,2,
0,600,226,121,2,
0,700,277,135,2,
0,800,334,145,2,
0,900,362,170,2,
0,1000,420,173,2,
0,1100,485,175,2,
0,1200,531,180,2,
0,1300,568,201,2,
0,1400,626,209,2,
0,1500,676,240,2,
0,1600,742,251,2,
0,1700,806,256,2,
0,1800,848,278,2,
0,1900,880,301,2,
0,2000,943,306,4,
0,2100,999,307,4,
0,2200,1039,336,4,
0,2300,1079,367,4,
0,2400,1140,372,4,
0,2500,1203,383,4,
0,2600,1248,388,4,
0,2700,1288,409,4,
0,2800,1337,417,4,
0,2900,1393,422,4,
0,3000,1460,426,6,
0,3100,1515,429,6,
0,3200,1577,430,6,
0,3300,1604,458,6,
0,3400,1667,462,6,
0,3500,1725,463,6,
0,3600,1766,490,6,
0,3700,1822,496,6,
0,3800,1874,502,6,
0,3900,1933,508,6,
0,4000,1962,537,6,
0,4100,2021,539,6,
0,4200,2080,540,6,
0,4300,2134,553,6,
0,4400,2195,555,8,
0,4500,2248,566,8,
0,4600,2286,588,8,
0,4700,2327,607,8,
0,4800,2389,611,8,
0,4900,2450,616,8,
0,5000,2492,645,8,
0,5100,2548,668,10,
0,5200,2606,673,10,
0,5300,2666,674,10,
0,5400,2718,676,10,
0,5500,2771,687,10,
0,5600,2831,689,10,
0,5700,2873,716,10,
0,5800,2900,745,10,
0,5900,2958,750,10,
0,6000,3025,751,10,
0,6100,3081,754,10,
0,6200,3127,775,10,
0,6300,3171,786,12,
0,6400,3227,796,12,
0,6500,3257,826,12,
0,6600,3311,831,14,
0,6700,3370,832,17,
0,6800,3397,866,17,
0,6900,3460,871,17,
0,7000,3515,873,17,
0,7100,3545,901,17,
0,7200,3578,929,17,
0,7300,3628,934,17,
0,7400,3685,935,17,
0,7500,3708,967,17,
0,7600,3764,987,17,
0,7700,3812,1000,17,
0,7800,3868,1009,17,
0,7900,3901,1041,17,
0,8000,3952,1051,17,
0,8100,3995,1069,17,
0,8200,4019,1100,17,
0,8300,4084,1103,17,
0,8400,4140,1104,17,
0,8500,4203,1108,17,
0,8600,4261,1115,17,
0,8700,4325,1121,17,
0,8800,4390,1122,20,
0,8900,4412,1151,20,
0,9000,4453,1174,20,
0,9100,4501,1185,20,
0,9200,4528,1215,20,
0,9300,4591,1224,20,
0,9400,4644,1234,20,
0,9500,4712,1235,22,
0,9600,4741,1265,22,
0,9700,4783,1283,24,
0,9800,4832,1291,24,
0,9900,4891,1295,24,
0,10000,4957,1297,24,
0,10100,5013,1300,24,
0,10200,5078,1301,24,
0,10300,5109,1326,24,
0,10400,5158,1347,24,
0,10500,5205,1358,24,
0,10600,5238,1393,24,
0,10700,5273,1427,24,
0,10800,5329,1434,24,
0,10900,5398,1437,24,
0,11000,5447,1441,24,
0,11100,5488,1463,24,
0,11200,5533,1471,24,
0,11300,5582,1494,24,
0,11400,5646,1499,24,
0,11500,5695,1510,24,
0,11600,5735,1536,24,
0,11700,5796,1541,24,
0,11800,5858,1549,24,
0,11900,5913,1550,24,
0,12000,5944,1580,24,
0,12100,6000,1609,24,
0,12200,6055,1611,24,
0,12300,6120,1612,24,
0,12400,6171,1616,24,
0,12500,6238,1618,24,
0,12600,6305,1619,24,
0,12700,6354,1632,24,
0,12800,6388,1661,24,
0,12900,6452,1666,24,
0,13000,6515,1667,24,
0,13100,6546,1694,26,
0,13200,6600,1699,26,
0,13300,6663,1702,26,
0,13400,6685,1733,26,
0,13500,6720,1761,26,
0,13600,6776,1764,26,
0,13700,6842,1765,26,
0,13800,6886,1779,26,
0,13900,6933,1799,28,
0,14000,6989,1810,28,
0,14100,7024,1838,28,
0,14200,7088,1841,28,
0,14300,7135,1852,28,
0,14400,7175,1873,28,
0,14500,7226,1879,28,
0,14600,7275,1899,28,
0,14700,7324,1910,28,
0,14800,7351,1938,28,
0,14900,7409,1944,28,
0,15000,7464,1948,28,
0,15100,7500,1973,28,
0,15200,7549,1982,28,
0,15300,7588,2004,28,
0,15400,7631,2014,28,
0,15500,7688,2019,28,
0,15600,7718,2047,28,
0,15700,7779,2057,28,
0,15800,7827,2077,28,
0,15900,7852,2109,28,
0,16000,7918,2114,28,
0,16100,7971,2115,28,
0,16200,8006,2144,28,
0,16300,8069,2150,28,
0,16400,8120,2158,28,
0,16500,8178,2166,28,
0,16600,8210,2196,28,
0,16700,8279,2203,28,
0,16800,8335,2205,28,
0,16900,8367,2236,28,
0,17000,8396,2273,28,
0,17100,8454,2282,28,
0,17200,8492,2303,28,
0,17300,8517,2338,28,
0,17400,8576,2343,28,
0,17500,8635,2344,30,
0,17600,8667,2376,30,
0,17700,8699,2406,30,
0,17800,8754,2409,30,
0,17900,8825,2410,30,
0,18000,8850,2444,30,
0,18100,8920,2446,30,
0,18200,8980,2447,30,
0,18300,9016,2478,30,
0,18400,9074,2486,30,
0,18500,9120,2495,30,
0,18600,9187,2508,30,
0,18700,9213,2539,30,
0,18800,9274,2544,30,
0,18900,9330,2545,32,
0,19000,9366,2573,32,
0,19100,9399,2605,32,
0,19200,9457,2615,32,
0,19300,9502,2634,32,
0,19400,9554,2639,32,
0,19500,9612,2646,32,
0,19600,9672,2647,32,
0,19700,9727,2653,32,
0,19800,9786,2657,35,
0,19900,9842,2662,35,
0,20000,9907,2663,35,
0,20100,9942,2687,35,
0,20200,9997,2696,35,
0,20300,10043,2707,35,
0,20400,10107,2710,35,
0,20500,10140,2740,35,
0,20600,10185,2752,37,
0,20700,10221,2774,37,
0,20800,10275,2780,37,
0,20900,10318,2802,39,
0,21000,10372,2812,39,
0,21100,10415,2837,39,
0,21200,10443,2868,41,
0,21300,10491,2875,44,
0,21400,10547,2876,47,
0,21500,10594,2883,47,
0,21600,10661,2885,47,
0,21700,10713,2886,47,
0,21800,10773,2891,47,
0,21900,10801,2920,47,
0,22000,10848,2929,47,
0,22100,10887,2951,47,
0,22200,10923,2978,47,
0,22300,10980,2981,47,
0,22400,11033,2982,47,
0,22500,11072,3003,47,
0,22600,11099,3032,47,
0,22700,11164,3036,47,
0,22800,11210,3059,47,
0,22900,11235,3093,47,
0,23000,11295,3097,49,
0,23100,11361,3098,49,
0,23200,11423,3101,49,
0,23300,11490,3102,49,
0,23400,11539,3112,49,
0,23500,11587,3136,49,
0,23600,11612,3171,49,
0,23700,11662,3189,49,
0,23800,11708,3202,49,
0,23900,11747,3231,49,
0,24000,11775,3262,49,
0,24100,11827,3272,49,
0,24200,11892,3279,49,
0,24300,11940,3287,51,
0,24400,12003,3288,51,
0,24500,12065,3289,51,
0,24600,12107,3312,51,
0,24700,12140,3348,51,
0,24800,12196,3356,51,
0,24900,12262,3357,51,
0,25000,12293,3386,51,
0,25100,12341,3404,51,
0,25200,12389,3413,51,
0,25300,12453,3418,51,
0,25400,12485,3452,51,
0,25500,12530,3463,51,
0,25600,12569,3484,53,
0,25700,12606,3511,53,
0,25800,12642,3533,53,
0,25900,12685,3544,53,
0,26000,12719,3578,53,
0,26100,12774,3581,53,
0,26200,12830,3588,53,
0,26300,12901,3592,53,
0,26400,12959,3595,53,
0,26500,13005,3615,53,
0,26600,13046,3627,53,
0,26700,13084,3663,53,
0,26800,13120,3691,53,
0,26900,13172,3695,53,
0,27000,13212,3717,53,
0,27100,13264,3724,53,
0,27200,13323,3727,53,
0,27300,13385,3728,53,
0,27400,13446,3733,53,
0,27500,13477,3764,53,
0,27600,13521,3772,53,
0,27700,13561,3794,53,
0,27800,13597,3824,53,
0,27900,13661,3825,53,
0,28000,13719,3826,53,
0,28100,13775,3830,53,
0,28200,13814,3858,53,
0,28300,13863,3864,53,
0,28400,13934,3866,53,
0,28500,13985,3870,53,
0,28600,14024,3895,53,
0,28700,14073,3908,53,
0,28800,14114,3943,53,
0,28900,14173,3949,53,
0,29000,14227,3958,53,
0,29100,14267,3981,53,
0,29200,14294,4006,55,
0,29300,14332,4028,55,
0,29400,14385,4029,55,
0,29500,14448,4031,55,
0,29600,14481,4062,55,
0,29700,14535,4071,55,
0,29800,14594,4072,55,
0,29900,14645,4079,55,
0,30000,14713,4082,55,
0,30100,14767,4083,55,
0,30200,14807,4113,55,
0,30300,14832,4148,55,
0,30400,14884,4154,55,
0,30500,14948,4155,55,
0,30600,14974,4185,55,
0,30700,15037,4186,55,
0,30800,15091,4187,57,
0,30900,15126,4215,57,
0,31000,15186,4223,59,
0,31100,15239,4233,59,
0,31200,15277,4255,59,
0,31300,15332,4258,59,
0,31400,15376,4279,61,
0,31500,15434,4280,61,
0,31600,15493,4289,61,
0,31700,15528,4317,61,
0,31800,15585,4320,61,
0,31900,15649,4321,61,
0,32000,15674,4356,61,
0,32100,15739,4361,61,
0,32200,15793,4363,61,
0,32300,15847,4368,61,
0,32400,15909,4373,61,
0,32500,15967,4376,61,
0,32600,16027,4378,61,
0,32700,16054,4404,63,
0,32800,16099,4424,63,
0,32900,16148,4437,63,
0,33000,16200,4450,63,
0,33100,16251,4484,63,
0,33200,16306,4497,65,
0,33300,16349,4522,65,
0,33400,16400,4529,65,
0,33500,16464,4549,67,
0,33600,16512,4557,67,
0,33700,16539,4596,67,
0,33800,16567,4628,67,
0,33900,16622,4632,67,
0,34000,16686,4634,67,
0,34100,16707,4665,67,
0,34200,16765,4683,67,
0,34300,16804,4692,69,
0,34400,16849,4715,69,
0,34500,16902,4722,69,
0,34600,16955,4729,69,
0,34700,17026,4732,69,
0,34800,17056,4766,69,
0,34900,17113,4770,69,
0,35000,17171,4776,69,
0,35100,17202,4811,69,
0,35200,17262,4814,69,
0,35300,17316,4823,69,
0,35400,17358,4847,69,
0,35500,17379,4874,69,
0,35600,17442,4879,69,
0,35700,17508,4880,69,
0,35800,17533,4911,69,
0,35900,17596,4915,69,
0,36000,17651,4918,69,
0,36100,17705,4931,69,
0,36200,17726,4962,69,
0,36300,17792,4965,69,
0,36400,17841,4966,69,
0,36500,17900,4975,69,
0,36600,17933,5006,71,
0,36700,17989,5011,71,
0,36800,18051,5014,71,
0,36900,18102,5020,71,
0,37000,18166,5023,71,
0,37100,18222,5024,71,
0,37200,18257,5059,71,
0,37300,18319,5065,71,
0,37400,18372,5069,71,
0,37500,18436,5070,71,
0,37600,18461,5102,71,
0,37700,18518,5112,73,
0,37800,18587,5113,73,
0,37900,18651,5116,73,
0,38000,18674,5146,75,
0,38100,18725,5154,75,
0,38200,18760,5178,75,
0,38300,18786,5209,75,
0,38400,18835,5227,75,
0,38500,18882,5238,75,
0,38600,18907,5269,75,
0,38700,18941,5300,75,
0,38800,19002,5303,75,
0,38900,19060,5304,75,
0,39000,19114,5306,75,
0,39100,19180,5315,75,
0,39200,19239,5320,77,
0,39300,19282,5346,77,
0,39400,19318,5379,77,
0,39500,19373,5384,77,
0,39600,19433,5386,77,
0,39700,19468,5410,77,
0,39800,19537,5413,77,
0,39900,19601,5414,77,
0,40000,19624,5450,77,
0,40100,19673,5470,77,
0,40200,19726,5479,77,
0,40300,19765,5508,77,
0,40400,19816,5516,77,
0,40500,19861,5541,77,
0,40600,19916,5545,77,
0,40700,19972,5548,77,
0,40800,20000,5577,79,
0,40900,20047,5589,79,
0,41000,20116,5597,79,
0,41100,20165,5610,79,
0,41200,20232,5611,79,
0,41300,20285,5614,79,
0,41400,20350,5622,79,
0,41500,20413,5624,79,
0,41600,20468,5630,79,
0,41700,20538,5631,79,
0,41800,20589,5636,79,
0,41900,20630,5656,79,
0,42000,20680,5667,79,
0,42100,20734,5674,79,
0,42200,20791,5679,79,
0,42300,20837,5689,81,
0,42400,20878,5711,81,
0,42500,20916,5730,81,
0,42600,20951,5752,81,
0,42700,21000,5766,81,
0,42800,21036,5795,81,
0,42900,21065,5827,81,
0,43000,21112,5837,81,
0,43100,21166,5854,81,
0,43200,21191,5879,83,
0,43300,21247,5902,83,
0,43400,21295,5914,83,
0,43500,21327,5945,83,
0,43600,21354,5977,85,
0,43700,21403,5986,85,
0,43800,21447,6007,85,
0,43900,21479,6030,85,
0,44000,21523,6054,85,
0,44100,21573,6065,85,
0,44200,21605,6091,85,
0,44300,21643,6120,85,
0,44400,21694,6130,85,
0,44500,21735,6151,85,
0,44600,21763,6183,85,
0,44700,21824,6186,85,
0,44800,21885,6188,85,
0,44900,21946,6190,85,
0,45000,21980,6215,87,
0,45100,22023,6225,87,
0,45200,22068,6250,89,
0,45300,22118,6255,89,
0,45400,22173,6267,91,
0,45500,22236,6268,91,
0,45600,22290,6271,91,
0,45700,22320,6307,91,
0,45800,22367,6317,91,
0,45900,22410,6343,91,
0,46000,22461,6350,91,
0,46100,22522,6353,93,
0,46200,22584,6354,93,
0,46300,22645,6358,93,
0,46400,22687,6378,95,
0,46500,22742,6388,95,
0,46600,22784,6409,95,
0,46700,22810,6443,95,
0,46800,22872,6446,95,
0,46900,22926,6447,97,
0,47000,22954,6480,99,
0,47100,22994,6510,99,
0,47200,23043,6513,99,
0,47300,23108,6515,99,
0,47400,23165,6520,99,
0,47500,23228,6521,99,
0,47600,23283,6522,99,
0,47700,23342,6525,99,
0,47800,23373,6553,99,
0,47900,23424,6563,99,
0,48000,23462,6588,99,
0,48100,23515,6600,99,
0,48200,23560,6623,99,
0,48300,23606,6638,99,
0,48400,23672,6655,99,
0,48500,23736,6657,101,
0,48600,23784,6666,101,
0,48700,23823,6690,101,
0,48800,23846,6723,101,
0,48900,23900,6736,101,
0,49000,23956,6737,101,
0,49100,24019,6743,101,
0,49200,24084,6747,101,
0,49300,24140,6752,101,
0,49400,24217,6755,101,
0,49500,24271,6761,101,
0,49600,24338,6762,101,
0,49700,24399,6764,101,
0,49800,24437,6793,101,
0,49900,24483,6811,101,
0,50000,24536,6814,101,
0,50100,24614,6815,101,
0,50200,24667,6822,103,
0,50300,24706,6843,103,
0,50400,24749,6857,103,
0,50500,24776,6892,105,
0,50600,24834,6907,105,
0,50700,24887,6913,105,
0,50800,24956,6914,105,
0,50900,24983,6949,105,
0,51000,25040,6953,105,
0,51100,25105,6954,105,
0,51200,25163,6959,105,
0,51300,25187,6991,105,
0,51400,25244,6999,105,
0,51500,25285,7020,105,
0,51600,25312,7055,105,
0,51700,25367,7057,107,
0,51800,25427,7058,107,
0,51900,25463,7095,109,
0,52000,25493,7129,109,
0,52100,25551,7132,109,
0,52200,25611,7133,109,
0,52300,25631,7165,109,
0,52400,25691,7167,112,
0,52500,25752,7168,112,
0,52600,25818,7175,112,
0,52700,25854,7208,112,
0,52800,25906,7211,112,
0,52900,25963,7223,112,
0,53000,25985,7252,112,
0,53100,26042,7266,112,
0,53200,26096,7267,112,
0,53300,26152,7280,112,
0,53400,26208,7287,114,
0,53500,26264,7291,114,
0,53600,26335,7293,114,
0,53700,26352,7326,114,
0,53800,26393,7347,114,
0,53900,26440,7354,114,
0,54000,26468,7383,114,
0,54100,26527,7388,114,
0,54200,26584,7400,114,
0,54300,26645,7410,114,
0,54400,26671,7440,114,
0,54500,26704,7464,114,
0,54600,26748,7474,114,
0,54700,26808,7483,114,
0,54800,26833,7514,114,
0,54900,26892,7524,114,
0,55000,26949,7530,114,
0,55100,27005,7540,114,
0,55200,27063,7552,114,
0,55300,27117,7556,114,
0,55400,27162,7584,114,
0,55500,27193,7617,114,
0,55600,27242,7628,116,
0,55700,27280,7655,116,
0,55800,27335,7665,116,
0,55900,27378,7688,116,
0,56000,27439,7689,116,
0,56100,27499,7695,116,
0,56200,27554,7698,116,
0,56300,27610,7707,116,
0,56400,27654,7728,116,
0,56500,27692,7747,116,
0,56600,27735,7765,116,
0,56700,27784,7779,116,
0,56800,27830,7808,116,
0,56900,27885,7820,116,
0,57000,27940,7831,116,
0,57100,27994,7853,116,
0,57200,28047,7863,116,
0,57300,28115,7865,116,
0,57400,28178,7866,116,
0,57500,28206,7898,116,
0,57600,28271,7901,116,
0,57700,28324,7906,116,
0,57800,28395,7907,116,
0,57900,28413,7940,116,
0,58000,28454,7961,118,
0,58100,28500,7968,118,
0,58200,28538,7994,118,
0,58300,28599,7996,118,
0,58400,28648,8006,118,
0,58500,28689,8025,118,
0,58600,28737,8039,118,
0,58700,28796,8052,118,
0,58800,28841,8066,118,
0,58900,28897,8073,118,
0,59000,28955,8077,118,
0,59100,29016,8084,118,
0,59200,29071,8085,118,
0,59300,29105,8110,118,
0,59400,29173,8112,118,
0,59500,29232,8113,118,
0,59600,29282,8136,118,
0,59700,29348,8140,118,
0,59800,29403,8148,118,
0,59900,29465,8153,118,
0,60000,29519,8157,118,
0,60100,29580,8159,118,
0,60200,29637,8160,118,
0,60300,29678,8188,118,
0,60400,29741,8193,118,
0,60500,29798,8204,118,
0,60600,29832,8231,118,
0,60700,29861,8264,120,
0,60800,29920,8275,120,
0,60900,29964,8286,120,
0,61000,30007,8310,120,
0,61100,30040,8341,120,
0,61200,30099,8348,120,
0,61300,30145,8370,120,
0,61400,30201,8374,120,
0,61500,30264,8382,120,
0,61600,30321,8383,120,
0,61700,30365,8406,120,
0,61800,30422,8412,120,
0,61900,30472,8422,120,
0,62000,30524,8437,120,
0,62100,30546,8467,120,
0,62200,30622,8469,120,
0,62300,30681,8470,120,
0,62400,30713,8497,120,
0,62500,30748,8527,122,
0,62600,30790,8535,122,
0,62700,30831,8554,122,
0,62800,30887,8562,122,
0,62900,30936,8578,122,
0,63000,30993,8579,122,
0,63100,31031,8607,122,
0,63200,31094,8609,122,
0,63300,31147,8613,122,
0,63400,31214,8613,124,
0,63500,31243,8641,124,
0,63600,31285,8661,124,
0,63700,31340,8662,124,
0,63800,31373,8688,124,
0,63900,31401,8716,124,
0,64000,31461,8722,124,
0,64100,31525,8723,124,
0,64200,31557,8752,124,
0,64300,31600,8772,124,
0,64400,31661,8781,124,
0,64500,31713,8796,127,
0,64600,31746,8824,127,
0,64700,31799,8834,127,
0,64800,31866,8837,127,
0,64900,31916,8840,127,
0,65000,31981,8844,127,
0,65100,32043,8845,127,
0,65200,32077,8869,127,
0,65300,32119,8900,127,
0,65400,32176,8903,127,
0,65500,32228,8919,127,
0,65600,32280,8925,127,
0,65700,32346,8933,127,
0,65800,32407,8934,127,
0,65900,32451,8956,127,
0,66000,32480,8985,129,
0,66100,32526,8994,131,
0,66200,32568,9017,131,
0,66300,32598,9049,131,
0,66400,32639,9069,131,
0,66500,32695,9077,131,
0,66600,32756,9081,131,
0,66700,32793,9113,131,
0,66800,32837,9123,131,
0,66900,32875,9147,131,
0,67000,32911,9167,131,
0,67100,32953,9188,131,
0,67200,33005,9197,131,
0,67300,33063,9206,131,
0,67400,33128,9210,131,
0,67500,33191,9216,131,
0,67600,33253,9232,131,
0,67700,33277,9262,133,
0,67800,33348,9275,133,
0,67900,33402,9276,133,
0,68000,33430,9307,133,
0,68100,33482,9322,133,
0,68200,33534,9333,133,
0,68300,33572,9359,133,
0,68400,33624,9378,133,
0,68500,33678,9392,133,
0,68600,33717,9403,135,
0,68700,33745,9431,135,
0,68800,33798,9451,135,
0,68900,33853,9463,135,
0,69000,33895,9479,135,
0,69100,33951,9487,135,
0,69200,34001,9510,135,
0,69300,34048,9519,135,
0,69400,34109,9534,135,
0,69500,34166,9537,135,
0,69600,34212,9544,135,
0,69700,34280,9551,135,
0,69800,34323,9571,137,
0,69900,34390,9576,137,
0,70000,34446,9578,139,
0,70100,34480,9608,139,
0,70200,34545,9613,141,
0,70300,34595,9621,141,
0,70400,34632,9644,141,
0,70500,34685,9652,141,
0,70600,34745,9656,143,
0,70700,34801,9657,143,
0,70800,34836,9685,145,
0,70900,34895,9691,145,
0,71000,34954,9692,145,
0,71100,35020,9697,145,
0,71200,35053,9716,145,
0,71300,35115,9722,147,
0,71400,35166,9725,147,
0,71500,35228,9727,147,
0,71600,35261,9761,147,
0,71700,35315,9769,147,
0,71800,35352,9792,147,
0,71900,35401,9796,147,
0,72000,35469,9799,147,
0,72100,35527,9800,147,
0,72200,35560,9830,147,
0,72300,35590,9861,147,
0,72400,35644,9863,149,
0,72500,35716,9864,149,
0,72600,35758,9879,149,
0,72700,35817,9881,149,
0,72800,35874,9882,149,
0,72900,35942,9888,149,
0,73000,36008,9897,151,
0,73100,36060,9903,151,
0,73200,36125,9904,151,
0,73300,36147,9933,151,
0,73400,36213,9935,151,
0,73500,36279,9936,151,
0,73600,36306,9968,151,
0,73700,36361,9978,151,
0,73800,36414,9981,151,
0,73900,36477,9982,151,
0,74000,36500,10015,151,
0,74100,36563,10025,151,
0,74200,36627,10027,153,
0,74300,36684,10029,153,
0,74400,36738,10035,153,
0,74500,36777,10042,153,
0,74600,36813,10063,153,
0,74700,36864,10070,153,
0,74800,36929,10079,155,
0,74900,36993,10080,155,
0,75000,37017,10116,155,
0,75100,37054,10149,155,
0,75200,37113,10156,157,
0,75300,37179,10157,157,
0,75400,37226,10160,159,
0,75500,37291,10163,159,
0,75600,37351,10164,159,
0,75700,37383,10195,159,
0,75800,37415,10227,159,
0,75900,37479,10235,159,
0,76000,37524,10259,159,
0,76100,37572,10269,159,
0,76200,37627,10273,159,
0,76300,37686,10279,159,
0,76400,37756,10283,159,
0,76500,37831,10287,159,
0,76600,37875,10300,159,
0,76700,37914,10323,159,
0,76800,37941,10349,159,
0,76900,38005,10352,159,
0,77000,38057,10353,159,
0,77100,38087,10389,159,
0,77200,38117,10420,159,
0,77300,38163,10427,159,
0,77400,38203,10448,159,
0,77500,38251,10453,159,
0,77600,38301,10465,159,
0,77700,38356,10474,159,
0,77800,38422,10478,159,
0,77900,38477,10485,159,
0,78000,38525,10495,159,
0,78100,38567,10517,159,
0,78200,38596,10547,159,
0,78300,38659,10549,159,
0,78400,38717,10550,159,
0,78500,38752,10580,159,
0,78600,38807,10587,159,
0,78700,38855,10593,159,
0,78800,38897,10616,161,
0,78900,38921,10646,161,
0,79000,38975,10656,161,
0,79100,39030,10657,161,
0,79200,39059,10689,161,
0,79300,39119,10693,161,
0,79400,39181,10696,161,
0,79500,39243,10702,161,
0,79600,39289,10715,161,
0,79700,39329,10736,161,
0,79800,39376,10743,161,
0,79900,39409,10782,161,
0,80000,39463,10790,161,
0,80100,39513,10793,161,
0,80200,39573,10794,161,
0,80300,39622,10797,163,
0,80400,39681,10802,163,
0,80500,39741,10803,163,
0,80600,39801,10808,163,
0,80700,39834,10832,163,
0,80800,39887,10840,163,
0,80900,39926,10866,163,
0,81000,39952,10899,163,
0,81100,40011,10901,163,
0,81200,40069,10903,163,
0,81300,40099,10932,163,
0,81400,40127,10965,163,
0,81500,40176,10972,163,
0,81600,40219,10992,163,
0,81700,40270,11000,163,
0,81800,40321,11021,165,
0,81900,40361,11033,165,
0,82000,40409,11064,165,
0,82100,40470,11073,165,
0,82200,40520,11077,165,
0,82300,40591,11078,165,
0,82400,40645,11084,165,
0,82500,40703,11104,167,
0,82600,40759,11114,167,
0,82700,40787,11144,167,
0,82800,40820,11173,167,
0,82900,40872,11182,167,
0,83000,40934,11199,167,
0,83100,40964,11226,167,
0,83200,41029,11230,167,
0,83300,41091,11231,167,
0,83400,41121,11260,167,
0,83500,41154,11287,167,
0,83600,41206,11290,167,
0,83700,41272,11291,167,
0,83800,41305,11322,167,
0,83900,41356,11342,167,
0,84000,41397,11356,167,
0,84100,41429,11388,167,
0,84200,41485,11393,167,
0,84300,41543,11403,167,
0,84400,41591,11428,167,
0,84500,41641,11434,167,
0,84600,41691,11451,167,
0,84700,41743,11452,167,
0,84800,41772,11485,167,
0,84900,41829,11495,167,
0,85000,41879,11503,167,
0,85100,41945,11507,167,
0,85200,41977,11540,167,
0,85300,42040,11544,167,
0,85400,42098,11546,169,
0,85500,42123,11576,169,
0,85600,42163,11608,169,
0,85700,42209,11615,169,
0,85800,42251,11638,169,
0,85900,42278,11672,169,
0,86000,42336,11673,169,
0,86100,42399,11678,169,
0,86200,42434,11708,169,
0,86300,42459,11742,171,
0,86400,42505,11753,171,
