11,2,000011,-1.75,17.3567,2111,3,000011,-1.75,17.3567,21
11,4,000003,1.75,18.2796,21
12,5,000002,-1.75,-19.4991,21
12,6,000009,1.75,12,7,000009,-18.7595,51
1.75,-18.7595,51
12,8,000002,-1.75,-19.4991,21
48,9,000008,1.75,15.6298,51
48,10,000081,-1.75,13.7111,21
150,11,000093,1.75,-12.0819,21
150,12,000161,-1.75,-13.5978,21
180,13,000119,1.75,-11.9227,21
180,14,000167,-1.75,-13.5977,21
180,15,000167,-1.75,-13.5977,21
180,16,000119,1.75,-11.9227,21
181,17,000135,-1.75,14.0933,21
181,18,000178,1.75,15.6294,51
15.6294,51
181,20,000135,-1.75,14.0933,21
335,21,000314,-1.75,-13.5977,21
335,22,000356,1.75,-12.5303,21
338,23,000255,-1.75,13.804,21
338,24,000291,338,1.75,5,000291,1.75297,178,,1
15.6297,51
338,26,000255,-1.75,13.804,21
404,27,000332,-1.75,-13.6433,21
404,28,000431,1.75,-12.1851,21
467,29,000383,-1.75,12.5862,21
467,30,000441,1.75,13.5971,21
502,31,000343,-1.75,18.168,51
502,32,000451,1.75,19.8549,21
567,33,000407,-1.75,12.3384,21
567,34,000536,1.75,13.5977,21
711,35,000611,-1.75,10.118,21
711,36,000679,1.75,11.0644,21
817,37,000681,7.53182,-0.718181,21
817,38,000821,5.25,-0.216382,21
819,39,000814,1.75,0.656855,51
821,40,000820,-5.37393,2.87607,51
858,41,000782,-1.75,11.7941,21
858,42,000830,1.75,13.5973,21
893,43,000804,-1.75,14.4649,21
893,44,000834,1.75,15.6302,51
1.75,15.6302,51
893,46,000804,-1.75,14.4649,21
1019,47,000917,1.75,-12.0973,21
1019,48,000951,-1.75,-13.5977,21
1019,49,000951,-1.75,-13.5977,21
1019,50,000917,1.75,-12.0973,21
1033,51,000954,1.75,13.5974,21
1033,52,000936,-1.75,12.3118,21
1033,53,000954,1.75,13.5974,21
-1.75,12.3118,21
1127,55,001030,1.75,-12.3385,21
1127,56,001087,-1.75,-13.6037,21
1161,57,001056,-1.75,12.4847,21
1161,58,001097,1.75,13.5973,21
1.75,13.5973,21
1161,60,001056,-1.75,12.4847,21
1163,61,001045,1.75,-12.3921,21
1163,62,001090,-1.75,-13.5978,21
1163,63,001090,-1.75,-13.5978,21
1163,64,001045,1.75,-12.3921,21
1195,65,001096,-0.0110791,-8.26108,51
1195,66,001113,5.25,-6.7702,21
1309,67,001175,1.75,-10.0429,21
1309,68,001218,-1.75,-10.7828,21
1309,69,001218,-1.75,-10.7828,21
1309,70,001175,1.75,-10.0429,21
1376,71,001256,-1.75,-15.9108,21
1376,72,001254,1.75,-14.4548,21
1.75,-14.4548,21
1376,74,001256,-1.75,-15.9108,21
1418,75,001287,-1.75,10.5144,21
1418,76,001368,1.75,12.2007,21
1422,77,001295,1.75,-12.218,21
1422,78,001361,-1.75,-13.597,21
1450,79,001296,-1.75,12.0443,51
1450,80,001322,1.75,-12.6215,21
1450,81,001371,1.75,13.5971,21
1450,82,001363,-1.75,-13.5977,21
-1.75,-13.5977,21
1450,84,001322,1.75,-12.6215,21
1521,85,001454,-2.34947,5.90053,21
1521,86,001474,-5.25,3.87786,51
1522,87,001462,1.75,7.66041,21
1580,88,001451,1.75,-12.2163,21
1580,89,001464,-1.75,1580,21
0,121
1580,91,001451,1.75,-12.2163,21
1582,92,001424,-1.75,12.5755,21
1582,93,001492,1.75,13.5971,21
1590,94,001453,1.75,-14.6127,21
1590,95,001475,-1.75,-16.0982,21
-1.75,-16.0982,21
1590,97,001453,1.75,-14.6127,21
1728,98,001522,1.75,13.5975,21
1728,99,001555,-1.75,1728,12.12931,00155500,421
1728,101,001522,1.75,13.5975,21
1738,102,001526,1.75,16.0982,21
1738,103,001560,1738-1.75,04,,001560,14.51,621
14.5106,21
1738,105,001526,1.75,16.0982,21
