3676,2,003539,-1.75,-15.6301,513676,3,003539,-1.75,-15.6301,51
3676,4,003507,1.75,-14.4109,21
5790,5,005378,-1.75,-13.5973,21
5790,6,005522,1.75,-12.1341,21
7160,7,006741,-1.75,12.277,21
7160,8,006800,1.75,13.5976,21
7298,9,006857,1.75,-11.7929,21
7298,10,006948,-1.75,-13.5973,21
7734,11,007295,-2.75387,-5.49613,21
7734,12,007400,1.2961,-5.25,21
8989,13,008430,1.75,13.9802,51
8989,14,008499,-1.75,12.8882,21
8989,15,008499,-1.75,12.8882,21
8989,16,008430,1.75,13.9802,51
12194,17,011485,1.75,-12.416,21
12194,18,011540,-1.75,-13.5974,21
13325,19,012555,-1.75,12.6176,21
13325,20,012623,1.75,13.597,21
17276,21,016361,-1.75,-13.5968,21
17276,22,016424,1.75,-12.1084,21
19486,23,018438,-1.75,12.4225,21
19486,24,018499,1.75,13.5977,21
22566,25,021297,1.75,-11.2629,21
22566,26,021312,-1.75,-12.8027,21
22566,27,021312,-1.75,-12.8027,21
22566,28,021297,1.75,-11.2629,21
24401,29,023020,-1.75,11.9843,21
24401,30,023072,1.75,13.5975,21
29689,31,028041,-1.75,14.4057,21
29689,32,028113,1.75,15.6294,51
29804,33,028150,1.75,-7.82151,21
29804,34,028226,-1.04947,-9.29947,21
29982,35,028267,-1.75,-13.5978,21
29982,36,028334,1.75,-12.211,21
35954,37,033962,-1.75,-13.5971,21
35954,38,033975,1.75,-12.6359,51
-12.6359,51
35954,40,033962,-1.75,-13.5971,21
39214,41,037089,-1.75,14.0665,21
39214,42,037149,1.75,15.6298,51
50436,43,047657,1.75,-10.0305,21
50436,44,047705,-1.75,-10.5988,21
51275,45,048432,-1.75,-11.3641,21
51275,46,048484,1.75,51275,47,048484-,51
1.75,-10.5671,51
51275,48,048432,-1.75,-11.3641,21
51295,49,048548,1.75,13.5975,21
51295,50,048575,-1.75,12.4119,21
55214,51,052199,1.75,-12.0564,21
55214,52,052226,-1.75,-13.5971,21214
53,052226,-1.75,-13.5971,21
55214,54,052199,1.75,-12.0564,21
60308,55,056946,-1.75,-13.7233,21
60308,56,056975,1.75,60308,57,056975,-12.3892,51
1.75,-12.3892,51
60308,58,056946,-1.75,-13.7233,21
63294,59,059854,-1.75,12.3453,21
63294,60,059880,1.75,13.5973,21
64805,61,061272,3.78778,-4.46222,21
64805,62,061359,5.25,-2.83141,21
64866,63,061323,1.75,-12.5196,21
64866,64,061345,-1.75,-13.5977,21
-1.75,-13.5977,21
64866,66,061323,1.75,-12.5196,21
67651,67,063975,-1.75,14.0322,21
67651,68,064024,1.75,15.6301,51
68231,69,064506,-1.75,-13.5971,21
68231,70,064581,1.75,-12.0222,21
71967,71,068048,-1.75,11.8917,51
71967,72,068110,1.75,13.5974,21
73530,73,069515,-1.75,11.9442,21
73530,74,069533,1.75,73530,75,069533,13.5972,21
73530,74,069533,1.75,73530,75,069533,13.5972,21
1.75,13.5972,21
73530,76,069515,-1.75,11.9442,21
76191,77,072035,-1.75,12.2159,51
76191,78,072082,1.75,13.5976,21
