39,1,000014,-1.75,-13.5972,21
39,2,000045,1.75,-12.4404,21
39,3,000045,1.75,-12.4404,21
39,4,000014,-1.75,-13.5972,21
585,5,000494,-1.75,-13.5971,21
585,6,000517,1.75,-12.6135,21
,585,6,000517,1.75,-12.6135,21
,000517,1.75,-12.613,21
585,8,000494,-1.75,-13.5971,21
661,9,000584,-1.75,12.688,21
661,10,000604,1.75,13.5141,21
661,11,000604,1.75,13.5141,21
661,12,000584,-1.75,12.688,21
790,13,000694,-1.75,-14.7306,51
790,14,000709,1.75,790,15,-12.5878,,51
1.75,-12.5878,51
790,16,000694,-1.75,-14.7306,51
984,17,000892,1.75,-12.0057,21
984,18,000952,-1.75,-13.6054,21
1426,19,001292,1.75,-12.1822,21
1426,20,001343,-1.75,-13.5975,21
1573,21,001431,-1.75,12.182,21
1573,22,001461,1.75,13.5971,21
1599,23,001438,-1.75,12.0141,21
1599,24,001470,1.75,1599,3.5977
,25
1599,24,001470,1.75,1599,3.5977
,25
001470,1.75,13.5977,21
1599,26,001438,-1.75,12.0141,21
1780,27,001668,0.438429,-7.81157,51
1780,28,001749,5.25,-5.94414,51
1830,29,001717,-1.75,11.9788,21
1830,30,001750,1.75,13.597,21
1976,31,001835,-1.75,14.1025,21
1976,32,001891,1.75,15.6299,51
1981,33,001834,1.75,-13.9565,21
1981,34,001906,-1.75,-15.63,51
2527,35,002317,-1.75,11.8035,21
2527,36,002389,1.75,13.5971,21
2557,37,002330,1.75,-12.3662,51
2557,38,002376,-1.75,-13.5971,21
2643,39,002418,1.75,15.5555,21
2643,40,002505,-1.75,13.785,51
2809,41,002582,1.75,-12.1875,21
2809,42,002647,-1.75,-13.5969,21
2874,43,002637,-3.19797,5.05203,21
2874,44,002655,-5.25,3.67054,51
3715,45,003442,-1.75,-23.9216,51
3715,46,003449,1.75,-23.4797,21
-23.4797,21
3715,48,003442,-1.75,-23.9216,51
3752,49,003463,1.75,13.597,21
3752,50,003549,-1.75,12.5967,21
3809,51,003469,1.75,15.6301,51
3809,52,003524,-1.75,13.4916,51
3809,53,003524,-1.75,13.4916,51
3809,54,003469,1.75,15.6301,51
3810,55,003515,1.75,-12.2172,21
3810,56,003575,-1.75,-13.597,21
3858,57,003550,1.75,-12.0084,21
3858,58,003578,-1.75,-13.5045,21
3858,59,003578,-1.75,-13.5045,21
3858,60,003550,1.75,-12.0084,21
3954,61,003675,-1.75,13.9221,51
3954,62,003720,1.75,15.6295,51
4245,63,003934,-1.75,12.6206,21
4245,64,003989,1.75,13.5977,21
4261,65,003944,-1.75,13.496,51
4261,66,003997,1.75,15.6756,51
4347,67,003952,-1.75,12.3385,21
4347,68,004117,1.75,13.5976,21
4364,69,004036,1.75,-14.1237,21
4364,70,004120,-1.75,-15.6294,51
4529,71,004261,-1.75,-15.6295,51
4529,72,004313,1.75,-14.0369,21
4768,73,004476,1.75,-12.7007,21
4768,74,004523,-1.75,-13.5972,21
4817,75,004526,1.75,13.5975,21
4817,76,004532,4817513.5,777,004532,12.4246-1.75215
12.4246,21
4817,78,004526,1.75,13.5975,21
4946,79,004640,-1.75,14.2558,21
4946,80,004677,1.75,15.6302,51
15.6302,51
4946,82,004640,-1.75,14.2558,21
4953,83,004680,-1.75,-13.5976,21
4953,84,004743,1.75,-11.9758,51
5141,85,004837,1.75,-13.3548,21
5141,86,004847,-1.75,-14.20565141,62187,05141,86,004847,-1.75,-14.20565141,62187,0004847,-1.75,-14.2056,21
5141,88,004837,1.75,-13.3548,21
5265,89,004946,-1.75,-13.5976,21
5265,90,004944,1.75,-11.7934,51
5265,90,004944,1.75,-11.7934,51
5265,91,004944,1.75,-11.7934,51
5265,92,004946,-1.75,-13.5976,21
5673,93,005354,1.31309,-6.93691,21
5673,94,005355,5.25,-6.35949,21
5901,95,005564,-2.14834,-6.10166,21
5901,96,005578,1.43425,-5.25,21
6082,97,005757,-1.75,-13.5977,21
6082,98,005828,1.75,-11.8874,21
6307,99,005985,-1.75,11.8035,21
6307,100,006032,1.75,13.5978,21
6618,101,006266,1.75,-11.9952,21
6618,102,006337,-1.75,-13.5977,21
