4:12:25,100,72,17,0,
4:12:25,200,147,37,0,
4:12:26,300,220,53,0,
4:12:26,400,299,72,0,
4:12:27,500,363,97,0,
4:12:28,600,442,120,0,
4:12:28,700,508,137,0,
4:12:29,800,587,160,0,
4:12:29,900,666,176,0,
4:12:30,1000,748,196,0,
4:12:30,1100,837,216,0,
4:12:31,1200,907,233,0,
4:12:32,1300,990,252,0,
4:12:32,1400,1055,270,0,
4:12:33,1500,1130,294,0,
4:12:33,1600,1198,316,0,
4:12:34,1700,1279,333,0,
4:12:35,1800,1362,353,0,
4:12:35,1900,1432,370,4,
4:12:36,2000,1507,396,4,
4:12:36,2100,1586,413,4,
4:12:37,2200,1667,437,6,
4:12:38,2300,1736,449,6,
4:12:38,2400,1811,466,6,
4:12:39,2500,1891,490,6,
4:12:39,2600,1960,507,6,
4:12:40,2700,2029,528,6,
4:12:41,2800,2100,552,6,
4:12:41,2900,2179,572,6,
4:12:42,3000,2271,589,6,
4:12:42,3100,2343,607,6,
4:12:43,3200,2422,628,6,
4:12:44,3300,2502,642,6,
4:12:44,3400,2584,662,6,
4:12:45,3500,2666,675,6,
4:12:45,3600,2737,697,6,
4:12:46,3700,2818,717,6,
4:12:47,3800,2895,730,6,
4:12:47,3900,2982,755,6,
4:12:48,4000,3047,775,6,
4:12:48,4100,3134,795,6,
4:12:49,4200,3218,810,6,
4:12:50,4300,3286,830,6,
4:12:50,4400,3359,846,6,
4:12:51,4500,3429,863,6,
4:12:51,4600,3514,887,6,
4:12:52,4700,3576,908,6,
4:12:52,4800,3652,928,6,
4:12:53,4900,3732,949,6,
4:12:54,5000,3822,962,6,
4:12:54,5100,3895,981,6,
4:12:55,5200,3963,1008,6,
4:12:55,5300,4036,1026,6,
4:12:56,5400,4104,1048,6,
4:12:57,5500,4187,1064,6,
4:12:57,5600,4264,1077,6,
4:12:58,5700,4339,1103,6,
4:12:58,5800,4415,1125,6,
4:12:59,5900,4510,1137,6,
4:13:0,6000,4592,1157,6,
4:13:0,6100,4657,1175,6,
4:13:1,6200,4746,1196,6,
4:13:1,6300,4817,1213,6,
4:13:2,6400,4910,1235,6,
4:13:3,6500,4990,1254,6,
4:13:3,6600,5060,1277,6,
4:13:4,6700,5140,1302,6,
4:13:4,6800,5215,1320,8,
4:13:5,6900,5295,1335,8,
4:13:6,7000,5363,1356,8,
4:13:6,7100,5442,1377,8,
4:13:7,7200,5530,1394,8,
4:13:7,7300,5601,1416,8,
4:13:8,7400,5676,1440,8,
4:13:9,7500,5751,1459,10,
4:13:9,7600,5835,1476,10,
4:13:10,7700,5914,1492,10,
4:13:10,7800,5996,1515,10,
4:13:11,7900,6074,1530,10,
4:13:12,8000,6154,1548,10,
4:13:12,8100,6225,1562,10,
4:13:13,8200,6300,1581,10,
4:13:13,8300,6390,1594,10,
4:13:14,8400,6455,1613,10,
4:13:14,8500,6533,1636,10,
4:13:15,8600,6607,1656,10,
4:13:16,8700,6672,1672,10,
4:13:16,8800,6746,1690,10,
4:13:17,8900,6829,1705,10,
4:13:18,9000,6908,1722,10,
4:13:18,9100,6978,1739,10,
4:13:19,9200,7053,1761,10,
4:13:19,9300,7113,1788,10,
4:13:20,9400,7194,1809,10,
4:13:20,9500,7275,1831,10,
4:13:21,9600,7341,1846,10,
4:13:22,9700,7421,1868,10,
4:13:22,9800,7490,1887,10,
4:13:23,9900,7566,1910,10,
4:13:23,10000,7645,1932,10,
4:13:24,10100,7706,1950,10,
4:13:25,10200,7776,1969,10,
4:13:25,10300,7837,1990,10,
4:13:26,10400,7901,2019,10,
4:13:26,10500,7969,2041,10,
4:13:27,10600,8046,2059,10,
4:13:28,10700,8130,2082,10,
4:13:28,10800,8195,2107,10,
4:13:29,10900,8287,2130,10,
4:13:29,11000,8367,2147,10,
4:13:30,11100,8445,2164,10,
4:13:30,11200,8523,2182,10,
4:13:31,11300,8590,2207,10,
4:13:32,11400,8662,2226,10,
4:13:32,11500,8735,2249,10,
4:13:33,11600,8817,2266,10,
4:13:33,11700,8878,2285,12,
4:13:34,11800,8960,2303,12,
4:13:35,11900,9046,2322,12,
4:13:35,12000,9129,2344,12,
4:13:36,12100,9200,2362,14,
4:13:37,12200,9272,2374,14,
4:13:37,12300,9360,2385,18,
4:13:38,12400,9435,2401,18,
4:13:38,12500,9524,2416,18,
4:13:39,12600,9591,2428,22,
4:13:40,12700,9679,2447,22,
4:13:40,12800,9744,2467,22,
4:13:41,12900,9819,2480,22,
4:13:41,13000,9889,2509,22,
4:13:42,13100,9957,2526,22,
4:13:43,13200,10029,2548,22,
4:13:43,13300,10098,2565,22,
4:13:44,13400,10173,2589,22,
4:13:44,13500,10248,2615,22,
4:13:45,13600,10325,2634,22,
4:13:46,13700,10396,2656,22,
4:13:46,13800,10472,2668,22,
4:13:47,13900,10544,2698,22,
4:13:47,14000,10620,2722,22,
4:13:48,14100,10692,2742,22,
4:13:48,14200,10774,2759,22,
4:13:49,14300,10847,2776,22,
4:13:50,14400,10913,2800,22,
4:13:50,14500,10997,2817,22,
4:13:51,14600,11073,2843,22,
4:13:51,14700,11137,2862,22,
4:13:52,14800,11216,2881,22,
4:13:53,14900,11288,2899,22,
4:13:53,15000,11361,2923,22,
4:13:54,15100,11443,2939,22,
4:13:54,15200,11510,2960,24,
4:13:55,15300,11585,2982,24,
4:13:55,15400,11649,3006,24,
4:13:56,15500,11717,3024,24,
4:13:57,15600,11785,3048,24,
4:13:57,15700,11862,3068,24,
4:13:58,15800,11941,3088,24,
4:13:58,15900,12011,3102,24,
4:13:59,16000,12090,3116,24,
4:14:0,16100,12155,3138,24,
4:14:0,16200,12236,3165,24,
4:14:1,16300,12312,3189,24,
4:14:1,16400,12387,3211,24,
4:14:2,16500,12464,3225,24,
4:14:3,16600,12540,3238,26,
4:14:3,16700,12610,3255,26,
4:14:4,16800,12682,3268,26,
4:14:4,16900,12763,3284,26,
4:14:5,17000,12829,3309,26,
4:14:6,17100,12892,3335,26,
4:14:6,17200,12970,3348,28,
4:14:7,17300,13046,3365,28,
4:14:7,17400,13127,3386,28,
4:14:8,17500,13196,3407,28,
4:14:9,17600,13275,3423,28,
4:14:9,17700,13352,3450,28,
4:14:10,17800,13426,3470,28,
4:14:10,17900,13495,3493,32,
4:14:11,18000,13577,3508,32,
4:14:12,18100,13651,3532,32,
4:14:12,18200,13715,3551,32,
4:14:13,18300,13810,3565,32,
4:14:13,18400,13876,3586,32,
4:14:14,18500,13950,3604,32,
4:14:15,18600,14043,3619,32,
4:14:15,18700,14098,3649,32,
4:14:16,18800,14172,3670,32,
4:14:16,18900,14237,3693,32,
4:14:17,19000,14307,3714,32,
4:14:18,19100,14384,3731,32,
4:14:18,19200,14455,3756,36,
4:14:19,19300,14530,3771,36,
4:14:19,19400,14606,3785,36,
4:14:20,19500,14685,3805,36,
4:14:21,19600,14753,3826,36,
4:14:21,19700,14830,3846,36,
4:14:22,19800,14897,3871,36,
4:14:22,19900,14973,3885,36,
4:14:23,20000,15061,3896,36,
4:14:24,20100,15131,3916,36,
4:14:24,20200,15220,3936,36,
4:14:25,20300,15291,3951,36,
4:14:25,20400,15368,3977,36,
4:14:26,20500,15442,3991,36,
4:14:27,20600,15527,4006,36,
4:14:27,20700,15593,4025,36,
4:14:28,20800,15668,4041,36,
4:14:28,20900,15749,4060,36,
4:14:29,21000,15813,4072,36,
4:14:30,21100,15890,4093,36,
4:14:30,21200,15976,4111,36,
4:14:31,21300,16051,4127,36,
4:14:32,21400,16127,4142,36,
4:14:32,21500,16203,4157,36,
4:14:33,21600,16275,4178,36,
4:14:33,21700,16346,4191,36,
4:14:34,21800,16428,4208,36,
4:14:35,21900,16498,4232,36,
4:14:35,22000,16572,4251,36,
4:14:36,22100,16658,4270,36,
4:14:36,22200,16726,4293,36,
4:14:37,22300,16798,4316,36,
4:14:37,22400,16875,4340,40,
4:14:38,22500,16963,4358,40,
4:14:39,22600,17023,4387,40,
4:14:39,22700,17100,4403,40,
4:14:40,22800,17172,4422,40,
4:14:40,22900,17230,4444,40,
4:14:41,23000,17312,4464,40,
4:14:42,23100,17383,4479,40,
4:14:42,23200,17442,4499,42,
4:14:43,23300,17518,4517,42,
4:14:44,23400,17606,4532,42,
4:14:44,23500,17680,4555,42,
4:14:45,23600,17741,4578,42,
4:14:45,23700,17822,4600,42,
4:14:46,23800,17904,4620,42,
4:14:47,23900,17977,4643,42,
4:14:47,24000,18066,4659,42,
4:14:48,24100,18122,4688,42,
4:14:48,24200,18217,4703,42,
4:14:49,24300,18282,4722,42,
4:14:50,24400,18347,4747,42,
4:14:50,24500,18413,4764,42,
4:14:51,24600,18490,4783,42,
4:14:51,24700,18572,4795,42,
4:14:52,24800,18659,4809,42,
4:14:53,24900,18753,4826,42,
4:14:53,25000,18818,4848,42,
4:14:54,25100,18901,4871,42,
4:14:54,25200,18968,4891,42,
4:14:55,25300,19052,4904,42,
4:14:56,25400,19123,4929,42,
4:14:56,25500,19203,4947,42,
4:14:57,25600,19285,4967,42,
4:14:57,25700,19366,4985,42,
4:14:58,25800,19442,5013,42,
4:14:59,25900,19521,5027,42,
4:14:59,26000,19609,5045,42,
4:15:0,26100,19686,5060,42,
4:15:0,26200,19767,5076,42,
4:15:1,26300,19838,5096,42,
4:15:2,26400,19902,5118,42,
4:15:2,26500,19987,5140,42,
4:15:3,26600,20057,5152,42,
4:15:3,26700,20133,5177,42,
4:15:4,26800,20207,5196,42,
4:15:5,26900,20276,5222,46,
4:15:5,27000,20347,5238,46,
4:15:6,27100,20421,5254,46,
4:15:6,27200,20486,5277,46,
4:15:7,27300,20562,5289,46,
4:15:8,27400,20646,5309,46,
4:15:8,27500,20733,5325,46,
4:15:9,27600,20800,5338,46,
4:15:9,27700,20877,5362,48,
4:15:10,27800,20946,5382,48,
4:15:11,27900,21028,5402,48,
4:15:11,28000,21101,5416,48,
4:15:12,28100,21190,5434,48,
4:15:12,28200,21267,5452,48,
4:15:13,28300,21334,5475,48,
4:15:14,28400,21403,5497,48,
4:15:14,28500,21480,5513,48,
4:15:15,28600,21550,5533,48,
4:15:15,28700,21615,5552,48,
4:15:16,28800,21702,5567,48,
4:15:17,28900,21782,5584,48,
4:15:17,29000,21861,5603,48,
4:15:18,29100,21940,5620,48,
4:15:18,29200,22012,5634,48,
4:15:19,29300,22086,5654,48,
4:15:20,29400,22164,5669,48,
4:15:20,29500,22241,5688,48,
4:15:21,29600,22314,5705,48,
4:15:21,29700,22392,5718,48,
4:15:22,29800,22464,5736,48,
4:15:23,29900,22543,5754,48,
4:15:23,30000,22613,5779,48,
4:15:24,30100,22685,5795,48,
4:15:24,30200,22753,5814,48,
4:15:25,30300,22829,5835,48,
4:15:26,30400,22900,5853,48,
4:15:26,30500,22972,5874,50,
4:15:27,30600,23056,5890,50,
4:15:27,30700,23132,5913,54,
4:15:28,30800,23213,5933,54,
4:15:29,30900,23297,5949,54,
4:15:29,31000,23369,5971,54,
4:15:30,31100,23448,5991,54,
4:15:30,31200,23538,6014,54,
4:15:31,31300,23623,6032,54,
4:15:32,31400,23705,6048,54,
4:15:32,31500,23778,6066,54,
4:15:33,31600,23854,6083,58,
4:15:33,31700,23929,6099,58,
4:15:34,31800,24000,6117,58,
4:15:35,31900,24076,6140,58,
4:15:35,32000,24148,6156,58,
4:15:36,32100,24218,6172,58,
4:15:36,32200,24286,6190,58,
4:15:37,32300,24368,6204,58,
4:15:38,32400,24442,6221,58,
4:15:38,32500,24506,6240,58,
4:15:39,32600,24587,6264,58,
4:15:39,32700,24664,6278,58,
4:15:40,32800,24751,6293,58,
4:15:41,32900,24827,6313,58,
4:15:41,33000,24908,6330,58,
4:15:42,33100,24986,6354,58,
4:15:42,33200,25054,6368,58,
4:15:43,33300,25134,6389,58,
4:15:44,33400,25211,6402,58,
4:15:44,33500,25276,6427,58,
4:15:45,33600,25347,6449,58,
4:15:45,33700,25421,6470,58,
4:15:46,33800,25487,6484,58,
4:15:47,33900,25560,6501,58,
4:15:47,34000,25644,6516,58,
4:15:48,34100,25718,6538,58,
4:15:48,34200,25792,6558,58,
4:15:49,34300,25856,6580,58,
4:15:50,34400,25927,6599,58,
4:15:50,34500,25992,6623,58,
4:15:51,34600,26063,6643,60,
4:15:51,34700,26143,6655,60,
4:15:52,34800,26216,6670,60,
4:15:53,34900,26298,6688,60,
4:15:53,35000,26362,6706,60,
4:15:54,35100,26449,6728,60,
4:15:54,35200,26525,6749,60,
4:15:55,35300,26591,6770,60,
4:15:56,35400,26672,6794,60,
4:15:56,35500,26748,6816,60,
4:15:57,35600,26833,6837,60,
4:15:57,35700,26903,6851,60,
4:15:58,35800,26981,6878,60,
4:15:59,35900,27059,6898,60,
4:15:59,36000,27132,6915,60,
4:16:0,36100,27216,6930,60,
4:16:0,36200,27287,6949,62,
4:16:1,36300,27371,6969,62,
4:16:2,36400,27449,6983,62,
4:16:2,36500,27543,7007,62,
4:16:3,36600,27624,7023,62,
4:16:3,36700,27695,7041,62,
4:16:4,36800,27776,7057,62,
4:16:5,36900,27845,7072,62,
4:16:5,37000,27934,7087,62,
4:16:6,37100,28001,7108,62,
4:16:6,37200,28078,7126,62,
4:16:7,37300,28148,7145,62,
4:16:8,37400,28224,7161,62,
4:16:8,37500,28288,7185,62,
4:16:9,37600,28368,7202,62,
4:16:9,37700,28453,7219,62,
4:16:10,37800,28519,7239,62,
4:16:11,37900,28597,7250,62,
4:16:11,38000,28680,7268,62,
4:16:12,38100,28749,7288,62,
4:16:12,38200,28833,7305,62,
4:16:13,38300,28905,7324,62,
4:16:14,38400,28978,7349,62,
4:16:14,38500,29050,7364,62,
4:16:15,38600,29132,7381,62,
4:16:15,38700,29213,7403,62,
4:16:16,38800,29280,7424,62,
4:16:17,38900,29363,7442,62,
4:16:17,39000,29441,7456,64,
4:16:18,39100,29528,7477,64,
4:16:18,39200,29601,7495,64,
4:16:19,39300,29677,7511,64,
4:16:20,39400,29759,7524,64,
4:16:20,39500,29833,7540,64,
4:16:21,39600,29917,7559,64,
4:16:21,39700,29984,7581,64,
4:16:22,39800,30068,7598,64,
4:16:23,39900,30127,7615,64,
4:16:23,40000,30194,7632,64,
4:16:24,40100,30260,7656,64,
4:16:24,40200,30332,7677,64,
4:16:25,40300,30406,7698,64,
4:16:26,40400,30474,7717,64,
4:16:26,40500,30561,7738,64,
4:16:27,40600,30634,7758,64,
4:16:27,40700,30716,7773,66,
4:16:28,40800,30799,7795,66,
4:16:29,40900,30869,7812,66,
4:16:29,41000,30934,7835,66,
4:16:30,41100,31000,7852,70,
4:16:30,41200,31066,7874,70,
4:16:31,41300,31141,7888,72,
4:16:32,41400,31229,7906,72,
4:16:32,41500,31299,7925,72,
4:16:33,41600,31383,7940,72,
4:16:33,41700,31463,7960,72,
4:16:34,41800,31542,7973,72,
4:16:35,41900,31617,7987,72,
4:16:35,42000,31686,8008,72,
4:16:36,42100,31778,8019,72,
4:16:36,42200,31854,8045,72,
4:16:37,42300,31923,8058,76,
4:16:38,42400,31993,8087,76,
4:16:38,42500,32066,8105,76,
4:16:39,42600,32129,8129,76,
4:16:39,42700,32207,8154,76,
4:16:40,42800,32293,8165,76,
4:16:41,42900,32361,8185,76,
4:16:41,43000,32431,8203,76,
4:16:42,43100,32510,8225,76,
4:16:42,43200,32581,8248,76,
4:16:43,43300,32657,8267,76,
4:16:44,43400,32716,8284,76,
4:16:44,43500,32798,8298,76,
4:16:45,43600,32877,8319,76,
4:16:45,43700,32949,8338,76,
4:16:46,43800,33022,8360,76,
4:16:47,43900,33091,8383,76,
4:16:47,44000,33182,8402,76,
4:16:48,44100,33269,8416,76,
4:16:48,44200,33349,8442,76,
4:16:49,44300,33422,8463,76,
4:16:50,44400,33500,8477,76,
4:16:50,44500,33574,8494,76,
4:16:51,44600,33654,8512,76,
4:16:51,44700,33726,8535,76,
4:16:52,44800,33791,8555,76,
4:16:53,44900,33870,8574,76,
4:16:53,45000,33944,8596,76,
4:16:54,45100,34018,8616,76,
4:16:54,45200,34091,8635,76,
4:16:55,45300,34165,8653,76,
4:16:56,45400,34237,8675,76,
4:16:56,45500,34320,8692,76,
4:16:57,45600,34396,8715,76,
4:16:57,45700,34489,8730,76,
4:16:58,45800,34561,8751,76,
4:16:59,45900,34638,8762,76,
4:16:59,46000,34711,8775,76,
4:17:0,46100,34792,8796,76,
4:17:0,46200,34871,8813,76,
4:17:1,46300,34964,8828,76,
4:17:2,46400,35041,8853,76,
4:17:2,46500,35103,8873,76,
4:17:3,46600,35184,8892,76,
4:17:3,46700,35256,8909,76,
4:17:4,46800,35359,8927,76,
4:17:5,46900,35421,8946,76,
4:17:5,47000,35489,8975,76,
4:17:6,47100,35570,8997,76,
4:17:6,47200,35638,9017,76,
4:17:7,47300,35710,9039,76,
4:17:8,47400,35772,9058,76,
4:17:8,47500,35850,9087,76,
4:17:9,47600,35914,9106,76,
4:17:9,47700,35999,9126,76,
4:17:10,47800,36081,9139,78,
4:17:10,47900,36159,9156,78,
4:17:11,48000,36242,9179,78,
4:17:12,48100,36311,9208,78,
4:17:12,48200,36409,9223,78,
4:17:13,48300,36485,9243,78,
4:17:13,48400,36574,9255,78,
4:17:14,48500,36641,9277,78,
4:17:15,48600,36708,9293,78,
4:17:15,48700,36790,9315,78,
4:17:16,48800,36862,9332,78,
4:17:16,48900,36940,9353,78,
4:17:17,49000,37013,9369,78,
4:17:18,49100,37095,9386,80,
4:17:18,49200,37177,9405,80,
4:17:19,49300,37248,9426,80,
4:17:19,49400,37315,9449,80,
4:17:20,49500,37382,9474,80,
4:17:21,49600,37457,9491,80,
4:17:21,49700,37529,9506,80,
4:17:22,49800,37602,9530,80,
4:17:22,49900,37690,9546,80,
4:17:23,50000,37764,9566,80,
4:17:24,50100,37846,9584,80,
4:17:24,50200,37918,9597,80,
4:17:25,50300,38002,9620,80,
4:17:25,50400,38081,9642,80,
4:17:26,50500,38148,9665,80,
4:17:27,50600,38229,9686,80,
4:17:27,50700,38301,9698,80,
4:17:28,50800,38381,9722,80,
4:17:28,50900,38456,9732,80,
4:17:29,51000,38550,9749,82,
4:17:30,51100,38615,9769,82,
4:17:30,51200,38690,9791,82,
4:17:31,51300,38759,9808,82,
4:17:31,51400,38836,9824,82,
4:17:32,51500,38904,9846,82,
4:17:33,51600,38972,9866,84,
4:17:33,51700,39058,9888,84,
4:17:34,51800,39133,9906,84,
4:17:34,51900,39211,9929,84,
4:17:35,52000,39287,9949,84,
4:17:36,52100,39353,9968,84,
4:17:36,52200,39441,9985,84,
4:17:37,52300,39519,10002,84,
4:17:37,52400,39600,10025,84,
4:17:38,52500,39673,10045,84,
4:17:39,52600,39746,10065,84,
4:17:39,52700,39822,10089,84,
4:17:40,52800,39888,10113,84,
4:17:40,52900,39961,10135,84,
4:17:41,53000,40030,10152,84,
4:17:42,53100,40115,10165,84,
4:17:42,53200,40194,10181,84,
4:17:43,53300,40270,10203,84,
4:17:43,53400,40335,10226,84,
4:17:44,53500,40411,10247,84,
4:17:45,53600,40487,10266,84,
4:17:45,53700,40568,10279,84,
4:17:46,53800,40640,10301,84,
4:17:46,53900,40717,10312,84,
4:17:47,54000,40789,10330,84,
4:17:48,54100,40865,10349,84,
4:17:48,54200,40942,10367,84,
4:17:49,54300,41030,10383,84,
4:17:49,54400,41088,10398,84,
4:17:50,54500,41167,10419,86,
4:17:51,54600,41242,10436,86,
4:17:51,54700,41322,10456,88,
4:17:52,54800,41390,10476,88,
4:17:52,54900,41451,10500,88,
4:17:53,55000,41528,10521,88,
4:17:53,55100,41592,10542,88,
4:17:54,55200,41668,10565,88,
4:17:55,55300,41737,10586,88,
4:17:55,55400,41820,10604,88,
4:17:56,55500,41909,10614,90,
4:17:56,55600,41985,10633,90,
4:17:57,55700,42063,10659,90,
4:17:58,55800,42129,10677,92,
4:17:58,55900,42207,10697,92,
4:17:59,56000,42282,10715,92,
4:17:59,56100,42368,10730,92,
4:18:0,56200,42447,10746,92,
4:18:1,56300,42530,10757,92,
4:18:1,56400,42603,10786,96,
4:18:2,56500,42670,10804,96,
4:18:3,56600,42755,10822,96,
4:18:3,56700,42822,10842,96,
4:18:4,56800,42908,10862,96,
4:18:4,56900,42985,10881,96,
4:18:5,57000,43051,10900,96,
4:18:6,57100,43133,10917,96,
4:18:6,57200,43197,10938,96,
4:18:7,57300,43277,10959,96,
4:18:7,57400,43349,10978,96,
4:18:8,57500,43430,10995,96,
4:18:8,57600,43509,11019,96,
4:18:9,57700,43583,11035,96,
4:18:10,57800,43667,11053,96,
4:18:10,57900,43743,11068,96,
4:18:11,58000,43817,11087,96,
4:18:11,58100,43890,11106,96,
4:18:12,58200,43960,11133,96,
4:18:13,58300,44028,11149,96,
4:18:13,58400,44107,11166,96,
4:18:14,58500,44181,11186,96,
4:18:14,58600,44255,11204,96,
4:18:15,58700,44334,11227,100,
4:18:16,58800,44398,11243,100,
4:18:16,58900,44484,11258,100,
4:18:17,59000,44563,11275,100,
4:18:17,59100,44626,11294,100,
4:18:18,59200,44705,11320,100,
4:18:19,59300,44779,11341,100,
4:18:19,59400,44868,11360,100,
4:18:20,59500,44934,11377,100,
4:18:20,59600,45006,11401,100,
4:18:21,59700,45079,11425,100,
4:18:22,59800,45150,11453,100,
4:18:22,59900,45238,11473,102,
