3:54:50,100,85,23,0,
3:54:51,200,168,48,0,
3:54:51,300,245,63,0,
3:54:52,400,341,78,0,
3:54:53,500,411,99,0,
3:54:53,600,498,117,0,
3:54:54,700,573,132,0,
3:54:54,800,657,155,0,
3:54:55,900,739,165,0,
3:54:56,1000,817,186,0,
3:54:56,1100,896,207,0,
3:54:57,1200,979,225,0,
3:54:57,1300,1053,244,0,
3:54:58,1400,1123,261,0,
3:54:59,1500,1206,277,0,
3:54:59,1600,1277,303,0,
3:55:0,1700,1341,326,0,
3:55:1,1800,1418,344,0,
3:55:1,1900,1490,366,0,
3:55:2,2000,1574,381,0,
3:55:2,2100,1649,398,0,
3:55:3,2200,1729,420,0,
3:55:4,2300,1818,430,0,
3:55:4,2400,1889,451,0,
3:55:5,2500,1967,470,0,
3:55:6,2600,2043,495,0,
3:55:6,2700,2119,513,0,
3:55:7,2800,2191,541,0,
3:55:7,2900,2269,559,0,
3:55:8,3000,2343,579,0,
3:55:9,3100,2427,599,0,
3:55:9,3200,2499,620,0,
3:55:10,3300,2560,642,0,
3:55:10,3400,2641,663,0,
3:55:11,3500,2696,674,0,
3:55:12,3600,2769,702,0,
3:55:12,3700,2848,723,4,
3:55:13,3800,2923,744,4,
3:55:14,3900,2994,775,4,
3:55:14,4000,3059,788,4,
3:55:15,4100,3131,805,4,
3:55:15,4200,3195,821,4,
3:55:16,4300,3274,841,4,
3:55:17,4400,3354,865,4,
3:55:17,4500,3433,878,4,
3:55:18,4600,3514,896,4,
3:55:19,4700,3573,911,4,
3:55:19,4800,3650,934,4,
3:55:20,4900,3715,951,4,
3:55:21,5000,3790,973,4,
3:55:21,5100,3856,993,4,
3:55:22,5200,3935,1002,4,
3:55:22,5300,4009,1020,4,
3:55:23,5400,4073,1037,4,
3:55:24,5500,4155,1056,4,
3:55:24,5600,4231,1072,4,
3:55:25,5700,4310,1092,4,
3:55:25,5800,4382,1104,6,
3:55:26,5900,4453,1119,6,
3:55:27,6000,4530,1140,6,
3:55:27,6100,4601,1151,6,
3:55:28,6200,4686,1175,6,
3:55:29,6300,4762,1190,6,
3:55:29,6400,4841,1205,6,
3:55:30,6500,4919,1220,6,
3:55:30,6600,4995,1241,6,
3:55:31,6700,5093,1257,6,
3:55:32,6800,5159,1279,6,
3:55:32,6900,5231,1296,6,
3:55:33,7000,5303,1314,6,
3:55:34,7100,5385,1330,6,
3:55:34,7200,5461,1345,8,
3:55:35,7300,5546,1364,10,
3:55:36,7400,5628,1389,10,
3:55:36,7500,5701,1407,10,
3:55:37,7600,5782,1430,10,
3:55:37,7700,5853,1448,10,
3:55:38,7800,5942,1463,12,
3:55:39,7900,6022,1483,12,
3:55:39,8000,6097,1503,12,
3:55:40,8100,6176,1522,12,
3:55:41,8200,6250,1544,12,
3:55:41,8300,6313,1561,12,
3:55:42,8400,6379,1578,12,
3:55:42,8500,6466,1590,12,
3:55:43,8600,6546,1607,12,
3:55:44,8700,6617,1620,12,
3:55:44,8800,6699,1634,12,
3:55:45,8900,6773,1661,12,
3:55:46,9000,6843,1684,16,
3:55:46,9100,6902,1702,16,
3:55:47,9200,6978,1718,16,
3:55:48,9300,7047,1748,16,
3:55:48,9400,7116,1763,16,
3:55:49,9500,7188,1787,16,
3:55:49,9600,7258,1806,16,
3:55:50,9700,7342,1829,16,
3:55:51,9800,7411,1850,16,
3:55:51,9900,7478,1879,16,
3:55:52,10000,7560,1895,16,
3:55:53,10100,7629,1917,16,
3:55:53,10200,7696,1935,16,
3:55:54,10300,7755,1955,16,
3:55:54,10400,7831,1983,16,
3:55:55,10500,7897,2008,16,
3:55:56,10600,7980,2028,16,
3:55:56,10700,8044,2050,16,
3:55:57,10800,8116,2069,16,
3:55:57,10900,8194,2086,16,
3:55:58,11000,8261,2106,16,
3:55:59,11100,8350,2118,16,
3:55:59,11200,8418,2138,16,
3:56:0,11300,8505,2153,16,
3:56:1,11400,8584,2169,16,
3:56:1,11500,8654,2191,16,
3:56:2,11600,8730,2212,16,
3:56:2,11700,8816,2226,16,
3:56:3,11800,8896,2248,16,
3:56:4,11900,8975,2262,16,
3:56:4,12000,9047,2286,16,
3:56:5,12100,9127,2301,16,
3:56:6,12200,9191,2327,18,
3:56:6,12300,9274,2349,18,
3:56:7,12400,9350,2365,18,
3:56:7,12500,9437,2384,18,
3:56:8,12600,9510,2398,18,
3:56:9,12700,9587,2422,18,
3:56:9,12800,9658,2440,18,
3:56:10,12900,9734,2461,18,
3:56:11,13000,9823,2479,18,
3:56:11,13100,9896,2499,18,
3:56:12,13200,9965,2520,18,
3:56:12,13300,10052,2537,18,
3:56:13,13400,10118,2559,20,
3:56:14,13500,10200,2580,20,
3:56:14,13600,10282,2597,20,
3:56:15,13700,10373,2610,20,
3:56:16,13800,10449,2626,20,
3:56:16,13900,10524,2643,20,
3:56:17,14000,10600,2660,20,
3:56:17,14100,10689,2673,20,
3:56:18,14200,10762,2695,20,
3:56:19,14300,10834,2717,20,
3:56:19,14400,10914,2737,20,
3:56:20,14500,10981,2759,20,
3:56:20,14600,11059,2782,20,
3:56:21,14700,11125,2800,20,
3:56:22,14800,11212,2821,20,
3:56:22,14900,11292,2839,20,
3:56:23,15000,11357,2862,20,
3:56:24,15100,11432,2890,20,
3:56:24,15200,11498,2910,20,
3:56:25,15300,11576,2932,20,
3:56:25,15400,11636,2961,20,
3:56:26,15500,11719,2978,20,
3:56:27,15600,11802,2997,20,
3:56:27,15700,11876,3017,20,
3:56:28,15800,11950,3034,20,
3:56:28,15900,12020,3056,20,
3:56:29,16000,12092,3079,20,
3:56:30,16100,12177,3094,20,
3:56:30,16200,12258,3110,20,
3:56:31,16300,12341,3124,20,
3:56:32,16400,12419,3143,20,
3:56:32,16500,12495,3170,20,
3:56:33,16600,12570,3188,20,
3:56:33,16700,12641,3210,20,
3:56:34,16800,12719,3232,20,
3:56:35,16900,12795,3250,20,
3:56:35,17000,12865,3261,20,
3:56:36,17100,12936,3285,20,
3:56:37,17200,13013,3307,20,
3:56:37,17300,13076,3320,22,
3:56:38,17400,13150,3341,22,
3:56:39,17500,13227,3361,22,
3:56:39,17600,13315,3373,22,
3:56:40,17700,13391,3387,22,
3:56:40,17800,13450,3412,22,
3:56:41,17900,13523,3435,22,
3:56:42,18000,13590,3455,22,
3:56:42,18100,13670,3478,22,
3:56:43,18200,13741,3498,22,
3:56:43,18300,13820,3516,22,
3:56:44,18400,13898,3536,22,
3:56:45,18500,13988,3542,22,
3:56:45,18600,14066,3560,22,
3:56:46,18700,14139,3579,22,
3:56:47,18800,14218,3598,22,
3:56:47,18900,14305,3613,22,
3:56:48,19000,14392,3628,22,
3:56:48,19100,14472,3654,22,
3:56:49,19200,14535,3677,22,
3:56:50,19300,14615,3699,22,
3:56:50,19400,14688,3715,22,
3:56:51,19500,14779,3729,24,
3:56:52,19600,14847,3744,24,
3:56:52,19700,14921,3765,24,
3:56:53,19800,14991,3782,24,
3:56:53,19900,15064,3803,24,
3:56:54,20000,15139,3827,24,
3:56:55,20100,15206,3845,24,
3:56:55,20200,15293,3861,24,
3:56:56,20300,15356,3877,24,
3:56:56,20400,15443,3899,24,
3:56:57,20500,15522,3918,24,
3:56:58,20600,15597,3933,24,
3:56:58,20700,15671,3955,24,
3:56:59,20800,15731,3972,24,
3:57:0,20900,15801,3988,24,
3:57:0,21000,15862,4008,24,
3:57:1,21100,15937,4030,24,
3:57:1,21200,16008,4053,24,
3:57:2,21300,16082,4071,24,
3:57:3,21400,16154,4087,24,
3:57:3,21500,16232,4112,24,
3:57:4,21600,16309,4135,24,
3:57:5,21700,16387,4148,24,
3:57:5,21800,16455,4175,24,
3:57:6,21900,16533,4199,24,
3:57:6,22000,16607,4211,24,
3:57:7,22100,16691,4232,24,
3:57:8,22200,16763,4249,24,
3:57:8,22300,16839,4275,24,
3:57:9,22400,16887,4297,24,
3:57:9,22500,16959,4314,24,
3:57:10,22600,17032,4331,28,
3:57:11,22700,17110,4356,28,
3:57:11,22800,17193,4375,28,
3:57:12,22900,17266,4397,28,
3:57:13,23000,17342,4419,28,
3:57:13,23100,17418,4431,28,
3:57:14,23200,17502,4449,28,
3:57:15,23300,17579,4472,28,
3:57:15,23400,17658,4485,28,
3:57:16,23500,17739,4505,28,
3:57:16,23600,17804,4524,28,
3:57:17,23700,17887,4547,28,
3:57:18,23800,17955,4568,28,
3:57:18,23900,18032,4591,28,
3:57:19,24000,18110,4611,28,
3:57:20,24100,18176,4629,28,
3:57:20,24200,18256,4652,28,
3:57:21,24300,18323,4668,28,
3:57:21,24400,18389,4692,28,
3:57:22,24500,18459,4710,30,
3:57:23,24600,18544,4730,30,
3:57:23,24700,18609,4751,30,
3:57:24,24800,18682,4772,30,
3:57:25,24900,18758,4793,30,
3:57:25,25000,18839,4810,30,
3:57:26,25100,18909,4834,30,
3:57:26,25200,18973,4854,30,
3:57:27,25300,19049,4873,30,
3:57:28,25400,19135,4889,30,
3:57:28,25500,19210,4904,30,
3:57:29,25600,19276,4926,30,
3:57:30,25700,19351,4945,30,
3:57:30,25800,19418,4970,30,
3:57:31,25900,19493,4987,30,
3:57:31,26000,19578,5013,30,
3:57:32,26100,19645,5031,30,
3:57:33,26200,19729,5052,30,
3:57:33,26300,19814,5069,30,
3:57:34,26400,19889,5088,30,
3:57:35,26500,19961,5105,30,
3:57:35,26600,20034,5122,30,
3:57:36,26700,20117,5140,30,
3:57:36,26800,20196,5154,30,
3:57:37,26900,20279,5176,30,
3:57:38,27000,20362,5188,30,
3:57:38,27100,20434,5206,30,
3:57:39,27200,20508,5224,30,
3:57:40,27300,20580,5240,30,
3:57:40,27400,20658,5255,30,
3:57:41,27500,20741,5273,30,
3:57:41,27600,20818,5295,30,
3:57:42,27700,20900,5317,30,
3:57:43,27800,20969,5341,30,
3:57:43,27900,21045,5364,30,
3:57:44,28000,21112,5386,30,
3:57:45,28100,21192,5407,30,
3:57:45,28200,21251,5429,30,
3:57:46,28300,21326,5448,30,
3:57:46,28400,21394,5473,30,
3:57:47,28500,21457,5498,30,
3:57:48,28600,21535,5515,30,
3:57:48,28700,21608,5531,30,
3:57:49,28800,21688,5553,30,
3:57:50,28900,21765,5570,30,
3:57:50,29000,21845,5586,30,
3:57:51,29100,21921,5608,30,
3:57:51,29200,22001,5628,30,
3:57:52,29300,22085,5643,30,
3:57:53,29400,22161,5661,30,
3:57:53,29500,22243,5682,30,
3:57:54,29600,22312,5704,30,
3:57:55,29700,22372,5728,32,
3:57:55,29800,22453,5751,32,
3:57:56,29900,22519,5766,34,
3:57:56,30000,22603,5783,36,
3:57:57,30100,22683,5797,36,
3:57:58,30200,22773,5822,36,
3:57:58,30300,22841,5845,36,
3:57:59,30400,22917,5861,36,
3:58:0,30500,22997,5880,36,
3:58:0,30600,23069,5905,36,
3:58:1,30700,23146,5925,36,
3:58:1,30800,23213,5944,36,
3:58:2,30900,23289,5972,36,
3:58:3,31000,23368,5998,36,
3:58:3,31100,23449,6017,36,
3:58:4,31200,23533,6036,36,
3:58:4,31300,23609,6053,36,
3:58:5,31400,23698,6067,36,
3:58:6,31500,23759,6087,36,
3:58:6,31600,23840,6110,36,
3:58:7,31700,23917,6129,36,
3:58:7,31800,23990,6147,36,
3:58:8,31900,24055,6166,36,
3:58:9,32000,24134,6181,36,
3:58:9,32100,24201,6199,36,
3:58:10,32200,24272,6220,36,
3:58:11,32300,24350,6235,36,
3:58:11,32400,24419,6257,36,
3:58:12,32500,24482,6280,36,
3:58:12,32600,24557,6302,36,
3:58:13,32700,24626,6318,36,
3:58:14,32800,24697,6340,36,
3:58:14,32900,24766,6355,36,
3:58:15,33000,24843,6379,36,
3:58:16,33100,24917,6397,36,
3:58:16,33200,24993,6416,36,
3:58:17,33300,25076,6430,36,
3:58:17,33400,25154,6450,36,
3:58:18,33500,25224,6466,36,
3:58:19,33600,25296,6492,36,
3:58:19,33700,25377,6514,36,
3:58:20,33800,25452,6533,36,
3:58:21,33900,25535,6553,36,
3:58:21,34000,25629,6572,36,
3:58:22,34100,25699,6589,36,
3:58:22,34200,25771,6617,36,
3:58:23,34300,25833,6635,36,
3:58:24,34400,25905,6659,36,
3:58:24,34500,25979,6683,36,
3:58:25,34600,26051,6697,36,
3:58:26,34700,26121,6715,36,
3:58:26,34800,26203,6729,36,
3:58:27,34900,26283,6749,36,
3:58:27,35000,26337,6770,36,
3:58:28,35100,26419,6794,36,
3:58:29,35200,26502,6810,36,
3:58:29,35300,26588,6831,36,
3:58:30,35400,26663,6846,36,
3:58:30,35500,26726,6864,36,
3:58:31,35600,26793,6889,36,
3:58:32,35700,26867,6909,36,
3:58:32,35800,26951,6941,36,
3:58:33,35900,27031,6954,36,
3:58:34,36000,27100,6982,40,
3:58:34,36100,27183,6998,40,
3:58:35,36200,27256,7011,40,
3:58:35,36300,27338,7031,40,
3:58:36,36400,27413,7052,40,
3:58:37,36500,27492,7072,40,
3:58:37,36600,27577,7087,40,
3:58:38,36700,27652,7105,40,
3:58:39,36800,27735,7128,40,
3:58:39,36900,27819,7140,40,
3:58:40,37000,27908,7153,40,
3:58:41,37100,27985,7162,40,
3:58:41,37200,28061,7178,40,
3:58:42,37300,28129,7199,40,
3:58:42,37400,28218,7212,40,
3:58:43,37500,28295,7227,40,
3:58:44,37600,28367,7250,40,
3:58:44,37700,28452,7271,40,
3:58:45,37800,28519,7290,40,
3:58:45,37900,28589,7318,40,
3:58:46,38000,28665,7339,40,
3:58:47,38100,28735,7355,40,
3:58:47,38200,28813,7382,40,
3:58:48,38300,28895,7401,40,
3:58:49,38400,28962,7419,40,
3:58:49,38500,29028,7440,40,
3:58:50,38600,29122,7457,40,
3:58:50,38700,29187,7476,40,
3:58:51,38800,29268,7494,40,
3:58:52,38900,29347,7521,40,
3:58:52,39000,29418,7539,40,
3:58:53,39100,29501,7552,40,
3:58:54,39200,29575,7566,40,
3:58:54,39300,29660,7580,42,
3:58:55,39400,29745,7597,42,
3:58:56,39500,29822,7611,42,
3:58:56,39600,29887,7631,42,
3:58:57,39700,29971,7647,42,
3:58:57,39800,30051,7665,42,
3:58:58,39900,30121,7684,42,
3:58:59,40000,30200,7702,42,
3:58:59,40100,30270,7724,42,
3:59:0,40200,30340,7740,42,
3:59:1,40300,30422,7756,42,
3:59:1,40400,30505,7769,42,
3:59:2,40500,30590,7784,42,
3:59:3,40600,30671,7803,42,
3:59:3,40700,30757,7823,42,
3:59:4,40800,30833,7844,42,
3:59:4,40900,30910,7862,42,
3:59:5,41000,30988,7885,42,
3:59:6,41100,31054,7908,42,
3:59:6,41200,31139,7926,42,
3:59:7,41300,31211,7939,42,
3:59:8,41400,31292,7956,42,
3:59:8,41500,31360,7977,42,
3:59:9,41600,31437,7993,42,
3:59:9,41700,31513,8008,42,
3:59:10,41800,31583,8038,42,
3:59:11,41900,31655,8065,42,
3:59:11,42000,31723,8089,42,
3:59:12,42100,31804,8111,42,
3:59:12,42200,31880,8124,42,
3:59:13,42300,31947,8148,42,
3:59:14,42400,32027,8165,42,
3:59:14,42500,32092,8184,42,
3:59:15,42600,32169,8202,42,
3:59:16,42700,32241,8225,42,
3:59:16,42800,32323,8252,42,
3:59:17,42900,32395,8274,42,
3:59:17,43000,32453,8294,42,
3:59:18,43100,32530,8317,42,
3:59:19,43200,32605,8333,42,
3:59:19,43300,32677,8356,42,
3:59:20,43400,32756,8370,42,
3:59:21,43500,32836,8387,42,
3:59:21,43600,32916,8406,42,
3:59:22,43700,32996,8427,42,
3:59:22,43800,33064,8444,42,
3:59:23,43900,33137,8458,42,
3:59:24,44000,33218,8482,42,
3:59:24,44100,33299,8503,42,
3:59:25,44200,33388,8515,42,
3:59:26,44300,33456,8535,42,
3:59:26,44400,33525,8557,42,
3:59:27,44500,33602,8575,42,
3:59:27,44600,33669,8594,42,
3:59:28,44700,33742,8612,42,
3:59:29,44800,33817,8634,42,
3:59:29,44900,33894,8650,42,
3:59:30,45000,33971,8664,42,
3:59:31,45100,34042,8686,42,
3:59:31,45200,34123,8711,42,
3:59:32,45300,34203,8726,42,
3:59:33,45400,34281,8744,42,
3:59:33,45500,34349,8760,42,
3:59:34,45600,34423,8780,42,
3:59:34,45700,34488,8800,42,
3:59:35,45800,34562,8824,42,
3:59:36,45900,34642,8846,42,
3:59:36,46000,34703,8871,42,
3:59:37,46100,34781,8896,42,
3:59:38,46200,34852,8917,42,
3:59:38,46300,34939,8936,42,
3:59:39,46400,35022,8952,42,
3:59:39,46500,35094,8968,42,
3:59:40,46600,35175,8988,42,
3:59:41,46700,35254,9005,42,
3:59:41,46800,35322,9026,42,
3:59:42,46900,35379,9050,42,
3:59:43,47000,35458,9067,42,
3:59:43,47100,35531,9097,42,
3:59:44,47200,35605,9112,42,
3:59:44,47300,35684,9129,42,
3:59:45,47400,35754,9148,42,
3:59:46,47500,35822,9170,42,
3:59:46,47600,35890,9188,42,
3:59:47,47700,35966,9211,42,
3:59:48,47800,36039,9228,42,
3:59:48,47900,36120,9249,42,
3:59:49,48000,36194,9275,42,
3:59:49,48100,36273,9285,42,
3:59:50,48200,36352,9308,42,
3:59:51,48300,36409,9327,42,
3:59:51,48400,36483,9348,42,
3:59:52,48500,36554,9366,42,
3:59:53,48600,36627,9386,42,
3:59:53,48700,36715,9401,42,
3:59:54,48800,36772,9420,42,
3:59:54,48900,36840,9444,42,
3:59:55,49000,36916,9456,42,
3:59:56,49100,37005,9477,42,
3:59:56,49200,37086,9497,42,
3:59:57,49300,37163,9520,42,
3:59:58,49400,37238,9542,42,
3:59:58,49500,37307,9559,42,
3:59:59,49600,37391,9574,42,
3:59:59,49700,37457,9594,42,
4:0:0,49800,37541,9616,42,
4:0:1,49900,37618,9630,42,
4:0:1,50000,37681,9650,42,
4:0:2,50100,37748,9664,42,
4:0:3,50200,37816,9682,42,
4:0:3,50300,37901,9701,42,
4:0:4,50400,37976,9719,42,
4:0:5,50500,38058,9736,44,
4:0:5,50600,38134,9758,44,
4:0:6,50700,38227,9779,44,
4:0:6,50800,38304,9800,44,
4:0:7,50900,38380,9816,44,
4:0:8,51000,38459,9833,44,
4:0:8,51100,38541,9852,44,
4:0:9,51200,38617,9871,44,
4:0:9,51300,38681,9894,50,
4:0:10,51400,38743,9915,50,
4:0:11,51500,38815,9942,50,
4:0:11,51600,38881,9962,50,
4:0:12,51700,38958,9979,50,
4:0:13,51800,39046,9993,50,
4:0:13,51900,39125,10018,50,
4:0:14,52000,39216,10042,50,
4:0:14,52100,39292,10062,50,
4:0:15,52200,39364,10079,50,
4:0:16,52300,39438,10090,50,
4:0:16,52400,39517,10111,50,
4:0:17,52500,39594,10129,50,
4:0:18,52600,39675,10152,50,
4:0:18,52700,39754,10170,50,
4:0:19,52800,39818,10187,50,
4:0:20,52900,39895,10209,50,
4:0:20,53000,39968,10230,50,
4:0:21,53100,40048,10248,50,
4:0:21,53200,40119,10267,50,
4:0:22,53300,40200,10288,50,
4:0:23,53400,40279,10303,50,
4:0:23,53500,40353,10322,50,
4:0:24,53600,40432,10344,50,
4:0:25,53700,40502,10354,50,
4:0:25,53800,40577,10368,50,
4:0:26,53900,40639,10393,50,
4:0:26,54000,40723,10408,50,
4:0:27,54100,40797,10425,50,
4:0:28,54200,40881,10441,50,
4:0:28,54300,40955,10463,50,
4:0:29,54400,41036,10476,50,
4:0:30,54500,41128,10488,50,
4:0:30,54600,41201,10503,50,
4:0:31,54700,41284,10523,50,
4:0:32,54800,41348,10547,50,
4:0:32,54900,41413,10564,50,
4:0:33,55000,41487,10586,50,
4:0:33,55100,41572,10594,50,
4:0:34,55200,41657,10620,50,
4:0:35,55300,41728,10637,54,
4:0:35,55400,41805,10661,54,
4:0:36,55500,41877,10679,54,
4:0:37,55600,41948,10693,54,
4:0:37,55700,42028,10711,54,
4:0:38,55800,42096,10732,54,
4:0:38,55900,42171,10747,54,
4:0:39,56000,42239,10769,54,
4:0:40,56100,42310,10795,54,
4:0:40,56200,42387,10821,54,
4:0:41,56300,42462,10840,54,
4:0:42,56400,42538,10860,54,
4:0:42,56500,42600,10882,54,
4:0:43,56600,42669,10903,54,
4:0:43,56700,42735,10920,54,
4:0:44,56800,42823,10940,54,
4:0:45,56900,42895,10956,54,
4:0:45,57000,42968,10971,54,
4:0:46,57100,43052,10991,54,
4:0:47,57200,43130,11008,54,
4:0:47,57300,43202,11032,54,
4:0:48,57400,43278,11057,54,
4:0:48,57500,43341,11079,54,
4:0:49,57600,43421,11097,54,
4:0:50,57700,43486,11117,54,
4:0:50,57800,43561,11133,54,
4:0:51,57900,43640,11143,54,
4:0:51,58000,43724,11168,54,
4:0:52,58100,43804,11184,54,
4:0:53,58200,43876,11205,54,
4:0:53,58300,43956,11226,54,
4:0:54,58400,44031,11243,54,
4:0:55,58500,44115,11265,54,
4:0:55,58600,44194,11280,54,
4:0:56,58700,44267,11298,54,
4:0:57,58800,44342,11312,54,
4:0:57,58900,44418,11330,54,
4:0:58,59000,44502,11345,54,
4:0:58,59100,44588,11354,54,
4:0:59,59200,44662,11382,54,
4:1:0,59300,44726,11399,54,
4:1:0,59400,44795,11413,54,
4:1:1,59500,44860,11428,54,
4:1:2,59600,44931,11451,54,
4:1:2,59700,45001,11470,54,
4:1:3,59800,45075,11487,54,
4:1:3,59900,45144,11514,54,
4:1:4,60000,45204,11532,54,
4:1:5,60100,45283,11555,54,
4:1:5,60200,45349,11574,54,
4:1:6,60300,45430,11591,54,
4:1:6,60400,45500,11613,58,
4:1:7,60500,45586,11634,58,
4:1:8,60600,45661,11651,58,
4:1:8,60700,45730,11671,58,
4:1:9,60800,45806,11694,58,
4:1:10,60900,45878,11709,58,
4:1:10,61000,45953,11726,58,
4:1:11,61100,46021,11752,58,
4:1:12,61200,46103,11773,58,
4:1:12,61300,46185,11795,58,
4:1:13,61400,46278,11808,58,
4:1:13,61500,46348,11831,58,
4:1:14,61600,46422,11847,58,
4:1:15,61700,46511,11866,58,
4:1:15,61800,46591,11885,58,
4:1:16,61900,46667,11901,58,
4:1:16,62000,46753,11922,58,
4:1:17,62100,46826,11937,58,
4:1:18,62200,46907,11954,58,
4:1:18,62300,46982,11975,58,
4:1:19,62400,47061,11995,58,
4:1:20,62500,47140,12010,58,
4:1:20,62600,47209,12030,58,
4:1:21,62700,47278,12056,58,
4:1:21,62800,47361,12077,58,
4:1:22,62900,47445,12093,58,
4:1:23,63000,47513,12111,58,
4:1:23,63100,47593,12131,58,
4:1:24,63200,47662,12160,58,
4:1:25,63300,47732,12173,60,
4:1:25,63400,47816,12193,60,
4:1:26,63500,47892,12210,60,
4:1:26,63600,47962,12232,60,
4:1:27,63700,48039,12249,60,
4:1:28,63800,48114,12271,60,
4:1:28,63900,48183,12294,60,
4:1:29,64000,48250,12314,60,
4:1:29,64100,48321,12335,60,
4:1:30,64200,48389,12348,60,
4:1:31,64300,48478,12367,60,
4:1:31,64400,48554,12387,60,
4:1:32,64500,48638,12402,60,
4:1:33,64600,48716,12423,60,
4:1:33,64700,48790,12438,60,
4:1:34,64800,48888,12446,60,
4:1:35,64900,48950,12466,66,
4:1:35,65000,49026,12490,66,
4:1:36,65100,49091,12511,66,
4:1:36,65200,49180,12536,66,
4:1:37,65300,49253,12556,66,
4:1:38,65400,49319,12577,66,
4:1:38,65500,49398,12595,66,
4:1:39,65600,49480,12604,66,
4:1:40,65700,49576,12618,66,
4:1:40,65800,49666,12630,66,
4:1:41,65900,49744,12655,66,
4:1:41,66000,49819,12679,66,
4:1:42,66100,49887,12697,66,
4:1:43,66200,49966,12721,66,
4:1:43,66300,50032,12735,66,
4:1:44,66400,50110,12751,66,
4:1:45,66500,50187,12765,66,
4:1:45,66600,50260,12793,66,
4:1:46,66700,50326,12812,66,
4:1:46,66800,50396,12830,66,
4:1:47,66900,50471,12848,66,
4:1:48,67000,50540,12868,66,
4:1:48,67100,50626,12892,66,
4:1:49,67200,50694,12912,66,
4:1:50,67300,50783,12928,66,
4:1:50,67400,50855,12949,66,
4:1:51,67500,50930,12962,66,
4:1:51,67600,51011,12979,66,
4:1:52,67700,51074,12997,68,
4:1:53,67800,51150,13019,68,
4:1:53,67900,51222,13035,68,
4:1:54,68000,51295,13050,68,
4:1:55,68100,51369,13069,68,
4:1:55,68200,51434,13093,68,
4:1:56,68300,51507,13119,70,
4:1:56,68400,51577,13133,70,
4:1:57,68500,51661,13155,70,
4:1:58,68600,51733,13174,70,
4:1:58,68700,51818,13193,70,
4:1:59,68800,51882,13214,70,
4:2:0,68900,51956,13231,70,
4:2:0,69000,52030,13256,70,
4:2:1,69100,52092,13273,70,
4:2:1,69200,52182,13288,70,
4:2:2,69300,52262,13303,70,
4:2:3,69400,52335,13328,70,
4:2:3,69500,52419,13344,70,
4:2:4,69600,52486,13364,70,
4:2:5,69700,52565,13382,70,
4:2:5,69800,52639,13401,70,
4:2:6,69900,52719,13420,70,
4:2:6,70000,52795,13434,70,
4:2:7,70100,52865,13454,70,
4:2:8,70200,52949,13471,70,
4:2:8,70300,53028,13487,70,
4:2:9,70400,53105,13509,70,
4:2:10,70500,53192,13522,70,
4:2:10,70600,53273,13548,70,
4:2:11,70700,53340,13570,70,
4:2:11,70800,53423,13586,70,
4:2:12,70900,53516,13601,70,
4:2:13,71000,53589,13617,70,
4:2:13,71100,53666,13643,70,
4:2:14,71200,53731,13665,70,
4:2:15,71300,53803,13688,70,
4:2:15,71400,53874,13711,70,
4:2:16,71500,53948,13738,70,
4:2:16,71600,54024,13760,70,
4:2:17,71700,54105,13773,70,
4:2:18,71800,54187,13790,70,
4:2:18,71900,54253,13808,70,
4:2:19,72000,54328,13825,72,
4:2:20,72100,54393,13844,72,
4:2:20,72200,54460,13871,72,
4:2:21,72300,54543,13882,72,
4:2:21,72400,54623,13899,72,
4:2:22,72500,54699,13923,72,
4:2:23,72600,54770,13945,72,
4:2:23,72700,54838,13974,72,
4:2:24,72800,54914,13985,72,
4:2:25,72900,54990,14006,72,
4:2:25,73000,55063,14022,72,
4:2:26,73100,55135,14039,72,
4:2:26,73200,55207,14056,72,
4:2:27,73300,55278,14066,72,
4:2:28,73400,55358,14086,72,
4:2:28,73500,55425,14104,72,
4:2:29,73600,55515,14123,76,
4:2:30,73700,55598,14144,76,
4:2:30,73800,55672,14168,76,
4:2:31,73900,55746,14186,76,
4:2:32,74000,55823,14199,76,
4:2:32,74100,55903,14223,76,
4:2:33,74200,55981,14238,76,
4:2:33,74300,56062,14268,76,
4:2:34,74400,56131,14285,76,
4:2:35,74500,56192,14311,76,
4:2:35,74600,56266,14331,76,
4:2:36,74700,56335,14347,76,
4:2:36,74800,56411,14365,76,
4:2:37,74900,56476,14384,76,
4:2:38,75000,56557,14404,76,
4:2:38,75100,56632,14428,76,
4:2:39,75200,56715,14450,76,
4:2:40,75300,56797,14471,76,
4:2:40,75400,56868,14488,76,
4:2:41,75500,56952,14508,76,
4:2:42,75600,57024,14523,76,
4:2:42,75700,57091,14551,76,
4:2:43,75800,57158,14572,76,
4:2:43,75900,57221,14591,76,
4:2:44,76000,57305,14616,76,
4:2:45,76100,57375,14629,76,
4:2:45,76200,57458,14647,78,
4:2:46,76300,57531,14669,78,
4:2:47,76400,57613,14681,78,
4:2:47,76500,57681,14700,78,
4:2:48,76600,57752,14714,78,
4:2:48,76700,57838,14735,78,
4:2:49,76800,57899,14762,78,
4:2:50,76900,57989,14776,78,
4:2:50,77000,58056,14791,78,
4:2:51,77100,58132,14808,78,
4:2:52,77200,58207,14826,78,
4:2:52,77300,58282,14846,78,
4:2:53,77400,58356,14871,78,
4:2:54,77500,58433,14886,78,
4:2:54,77600,58514,14905,78,
4:2:55,77700,58587,14921,78,
4:2:55,77800,58671,14939,78,
4:2:56,77900,58758,14956,78,
4:2:57,78000,58828,14973,78,
4:2:57,78100,58914,14994,78,
4:2:58,78200,58992,15008,78,
4:2:59,78300,59077,15021,78,
4:2:59,78400,59151,15044,78,
4:3:0,78500,59227,15061,78,
4:3:0,78600,59300,15084,78,
4:3:1,78700,59366,15108,78,
4:3:2,78800,59450,15127,78,
4:3:2,78900,59514,15144,78,
4:3:3,79000,59593,15165,78,
4:3:4,79100,59667,15178,78,
4:3:4,79200,59737,15198,78,
4:3:5,79300,59819,15214,78,
4:3:6,79400,59890,15232,78,
4:3:6,79500,59967,15249,78,
4:3:7,79600,60043,15268,78,
4:3:7,79700,60126,15289,78,
4:3:8,79800,60197,15308,78,
4:3:9,79900,60283,15327,78,
4:3:9,80000,60371,15344,78,
4:3:10,80100,60447,15358,78,
4:3:11,80200,60522,15373,78,
4:3:11,80300,60597,15394,78,
4:3:12,80400,60672,15418,78,
4:3:12,80500,60740,15439,78,
4:3:13,80600,60825,15451,78,
4:3:14,80700,60918,15466,78,
4:3:14,80800,60993,15485,78,
4:3:15,80900,61064,15511,78,
4:3:16,81000,61139,15527,78,
4:3:16,81100,61206,15555,78,
4:3:17,81200,61267,15577,78,
4:3:17,81300,61349,15594,78,
4:3:18,81400,61416,15618,78,
4:3:19,81500,61497,15642,78,
4:3:19,81600,61578,15662,78,
4:3:20,81700,61638,15685,78,
4:3:21,81800,61718,15705,78,
4:3:21,81900,61783,15728,78,
4:3:22,82000,61865,15737,78,
4:3:22,82100,61944,15754,78,
4:3:23,82200,62012,15770,78,
4:3:24,82300,62098,15786,78,
4:3:24,82400,62174,15806,78,
4:3:25,82500,62263,15817,78,
4:3:26,82600,62337,15832,78,
4:3:26,82700,62406,15853,78,
4:3:27,82800,62458,15880,78,
4:3:27,82900,62544,15896,78,
4:3:28,83000,62604,15919,78,
4:3:29,83100,62676,15934,78,
4:3:29,83200,62748,15961,78,
4:3:30,83300,62820,15973,78,
4:3:31,83400,62899,16001,78,
4:3:31,83500,62973,16019,78,
4:3:32,83600,63037,16039,78,
4:3:32,83700,63119,16055,78,
4:3:33,83800,63197,16077,78,
4:3:34,83900,63285,16089,78,
4:3:34,84000,63359,16111,78,
4:3:35,84100,63426,16135,78,
4:3:36,84200,63495,16157,78,
4:3:36,84300,63567,16177,78,
4:3:37,84400,63650,16190,78,
4:3:37,84500,63719,16205,78,
4:3:38,84600,63800,16222,78,
4:3:39,84700,63867,16239,78,
4:3:39,84800,63950,16263,78,
4:3:40,84900,64019,16280,78,
4:3:41,85000,64092,16304,78,
4:3:41,85100,64171,16324,78,
4:3:42,85200,64234,16337,78,
4:3:42,85300,64322,16357,78,
4:3:43,85400,64388,16375,78,
4:3:44,85500,64463,16391,78,
4:3:44,85600,64539,16411,78,
4:3:45,85700,64609,16429,78,
4:3:45,85800,64678,16451,78,
4:3:46,85900,64749,16473,78,
4:3:47,86000,64820,16493,78,
4:3:47,86100,64887,16506,78,
4:3:48,86200,64966,16526,78,
4:3:49,86300,65040,16544,78,
4:3:49,86400,65103,16566,78,
