1,1,000002,-94.1333,1.75,21
32,2,000052,29.9366,-5.25,21
146,3,000084,28.5595,-5.25,21
176,4,000093,22.2654,-1.75,21
179,5,000149,23.3961,-1.75,21
181,6,000151,24.5017,-1.75,21
217,7,000057,5.25,23.3906,21
292,8,000185,30.5708,-1.75,51
377,9,000226,-5.25,-23.4604,21
438,10,000284,36.1481,-1.75,21
514,11,000374,1.75,31.2079,21
606,12,000437,-36.7227,1.75,21
634,13,000234,-5.25,-23.6989,21
716,14,000426,34.6351,-1.75,21
870,15,000598,28.9493,-1.75,21
991,16,000548,-29.8244,5.25,21
1121,17,000595,-20.7491,1.75,21
1165,18,000795,-29.7743,5.25,21
1209,19,000766,5.25,29.8181,21
1275,20,000784,21.067,-1.75,21
1307,21,000880,-30.5655,1.75,21
1309,22,000882,-29.8091,1.75,21
1338,23,000770,-5.25,-24.6911,21
1340,24,000855,5.25,24.8854,21
1427,25,000956,-29.9918,5.25,22
1493,26,000997,5.25,29.9782,21
1553,27,000900,26.2742,-5.25,21
1573,28,001048,-29.9993,5.25,22
1590,29,001063,-31.3686,1.75,21
1704,30,001137,91.4754,-1.75,21
1796,31,001196,1.75,28.7389,21
1803,32,001203,1.75,29.1669,21
1821,33,001130,-26.5874,1.75,21
1826,34,001129,-23.7362,5.25,21
1972,35,001251,-25.0767,1.75,21
1976,36,001252,-24.528,5.25,21
1980,37,001255,-25.7258,5.25,21
1996,38,001314,-29.4897,1.75,21
2004,39,001322,-31.1895,1.75,21
2112,40,001316,29.9783,-5.25,21
2171,41,001290,1.75,18.8405,21
2198,42,001441,-1.75,-29.7335,21
2198,43,001442,-5.25,-28.865,51
2349,44,001555,-1.75,-53.8027,21
2383,45,001520,23.7923,-5.25,51
2453,46,001485,1.75,22.6777,51
2530,47,001610,-37.1524,1.75,51
2532,48,001609,-28.6426,5.25,21
2559,49,001676,-29.4434,5.25,21
2646,50,001733,-1.75,-29.3582,21
2661,51,001530,14.6221,-1.75,21
2666,52,001538,23.736,-5.25,21
2666,53,001692,-23.6424,5.25,21
2681,54,001613,25.3346,-1.75,21
2739,55,001633,1.75,22.6971,21
2747,56,001741,-5.25,-29.9552,21
2762,57,001797,-1.75,-26.2803,21
2765,58,001802,-5.25,-29.8557,21
2917,59,001914,-1.75,-29.3525,21
2943,60,001784,21.6366,-1.75,21
3014,61,001922,-5.25,-23.6989,21
3020,62,001892,5.25,27.1334,21
3091,63,001968,-22.5797,5.25,21
3107,64,002024,35.1922,-1.75,51
3255,65,002127,55.4218,-1.75,21
3260,66,002029,-27.5798,5.25,21
3263,67,002034,-29.9681,5.25,21
3385,68,002206,-29.8433,5.25,21
3408,69,002221,-31.0134,1.75,21
3467,70,002252,5.25,28.9662,21
3539,71,002303,-29.3732,1.75,21
3549,72,002314,-53.162,1.75,21
3646,73,002320,-23.7235,1.75,21
3671,74,002378,22.9308,-1.75,21
3688,75,002396,29.2648,-1.75,21
3731,76,002422,1.75,72.6025,21
3741,77,002428,5.25,29.7508,21
3780,78,002404,17.2474,-5.25,21
3783,79,002407,28.4013,-5.25,21
3821,80,002475,29.8129,-1.75,21
3995,81,002535,1.75,24.2524,51
4089,82,002646,33.4001,-1.75,21
4174,83,002528,-1.75,-18.7105,21
4215,84,002681,28.3286,-5.25,21
4231,85,002743,29.0186,-1.75,21
4245,86,002644,-28.1566,5.25,21
4303,87,002793,1.75,29.1186,21
4367,88,002827,-32.9706,1.75,51
4426,89,002733,-1.75,-27.507,21
4483,90,002759,22.8907,-5.25,51
4484,91,002852,-23.4042,5.25,21
4523,92,002924,-28.0199,1.75,21
4656,93,003009,-29.4186,5.25,21
4691,94,002890,-5.25,-18.841,21
4697,95,002979,5.25,24.6055,21
4811,96,003109,29.3554,-5.25,21
4850,97,003074,5.25,29.9896,21
4883,98,003078,5.25,28.9897,51
5118,99,003233,-5.25,-26.932,51
5209,100,003370,27.1869,-5.25,21
5228,101,003389,29.5449,-1.75,21
5282,102,003421,1.75,32.4758,21
5302,103,003441,1.75,53.262,51
5341,104,003411,29.7329,-5.25,21
5366,105,003475,36.4868,-1.75,21
5369,106,003280,-20.743,1.75,51
5486,107,003498,29.2938,-5.25,21
5492,108,003487,-22.0744,5.25,21
5512,109,003565,51.518,-1.75,51
5777,110,003724,29.1256,-1.75,21
5812,111,003696,-5.25,-21.817,21
5822,112,003698,-5.25,-29.3797,21
5956,113,003782,5.25,29.9203,21
5973,114,003787,1.75,23.4492,21
5984,115,003795,5.25,25.3775,21
5988,116,003851,-1.75,-26.4911,21
6055,117,003900,-27.8429,1.75,21
6100,118,003878,-5.25,-29.8508,21
6193,119,004001,-29.554,5.25,21
6265,120,004043,1.75,23.7992,21
6311,121,003994,25.9098,-5.25,21
6374,122,004050,-5.25,-29.8082,51
6421,123,004080,1.75,25.6782,51
6424,124,004081,5.25,26.3029,21
6445,125,004028,-24.4848,5.25,51
6446,126,004029,-24.4356,1.75,21
6451,127,004033,-27.7266,1.75,51
6468,128,004175,-30.8567,1.75,51
6517,129,004084,5.25,19.0654,21
6517,130,004153,-1.75,-21.4223,21
6651,131,004241,5.25,18.8413,21
6679,132,004306,1.75,49.0805,21
6762,133,004362,53.1163,-1.75,51
6861,134,004373,22.8223,-1.75,21
6884,135,004433,32.5722,-1.75,51
6886,136,004436,32.7778,-1.75,21
6894,137,004442,30.4599,-1.75,21
6900,138,004445,33.0999,-1.75,21
6930,139,004417,1.75,13.6626,21
6974,140,004484,-5.25,-29.4704,21
6980,141,004487,-5.25,-29.7803,21
7011,142,004462,29.3228,-5.25,21
7013,143,004461,30.6445,-1.75,51
7017,144,004513,87.2066,-1.75,21
7175,145,004606,30.0717,-1.75,21
7190,146,004619,40.3533,-1.75,21
7216,147,004429,1.75,23.7366,21
7299,148,004634,29.1883,-5.25,21
7326,149,004694,28.8967,-1.75,21
7330,150,004698,29.0609,-5.25,21
7362,151,004638,-1.75,-44.1989,21
7367,152,004641,-1.75,-29.5044,51
7388,153,004728,-1.75,-29.2772,21
7458,154,004770,30.4215,-1.75,21
7504,155,004749,-1.75,-28.217,21
7561,156,004551,-18.8415,1.75,21
7591,157,004861,-29.4981,5.25,21
7607,158,004875,-29.959,5.25,21
7631,159,004839,-5.25,-18.4006,21
7640,160,004812,1.75,28.0221,21
7652,161,004852,1.75,28.5169,21
7658,162,004900,1.75,44.682,21
7742,163,004940,26.274,-1.75,21
7785,164,004929,5.25,27.7126,21
7792,165,004990,-1.75,-47.2442,21
7811,166,005004,-1.75,-33.9813,21
7854,167,004974,26.3411,-1.75,51
7858,168,004976,28.0924,-5.25,21
7869,169,005036,31.5167,-1.75,21
7935,170,005074,1.75,31.4317,51
7987,171,005063,24.0242,-5.25,21
8015,172,005068,16.2845,-1.75,21
8089,173,005188,5.25,29.6493,21
8220,174,005263,-1.75,-51.4745,21
8223,175,005265,-1.75,-31.3558,21
8225,176,005266,-5.25,-29.5709,21
8273,177,005165,-25.4305,5.25,21
8358,178,005353,5.25,27.8956,21
8372,179,005363,1.75,33.9182,21
8380,180,005370,1.75,32.9963,21
8384,181,005376,1.75,77.3629,21
8408,182,005221,-20.3014,1.75,21
8408,183,005223,-29.8372,5.25,21
8629,184,005446,-1.75,-29.0643,21
8661,185,005550,-1.75,-29.4945,21
8692,186,005482,26.6236,-1.75,21
8695,187,005486,21.5628,-1.75,21
8705,188,005526,26.1859,-5.25,21
8734,189,005523,-28.0187,5.25,51
8770,190,005532,1.75,29.5731,21
8861,191,005671,-54.6858,1.75,21
8963,192,005686,-21.6364,5.25,21
9043,193,005734,5.25,24.5731,21
9049,194,005648,-1.75,-28.4705,21
9108,195,005774,-29.0282,1.75,21
9114,196,005779,-28.6359,1.75,21
9128,197,005835,-28.9364,5.25,21
9320,198,005827,-5.25,-25.5459,21
9528,199,005945,-24.8991,5.25,21
9532,200,005950,-26.5589,5.25,21
9540,201,006006,-29.8797,5.25,21
9595,202,006065,-5.25,-24.2742,21
9638,203,006144,-1.75,-27.9757,21
9639,204,006140,-5.25,-29.8551,51
9661,205,006023,18.8417,-5.25,21
9669,206,006107,-18.8437,1.75,21
9904,207,006318,1.75,42.5961,21
9956,208,006300,-26.2015,1.75,21
10035,209,006357,-1.75,-28.9173,21
10037,210,006398,-1.75,-29.7125,51
10200,211,006427,-5.25,-21.0661,51
10234,212,006436,-29.3039,5.25,21
10253,213,006527,27.9701,-1.75,21
10412,214,006631,-31.6418,1.75,21
10414,215,006633,-29.9961,5.25,21
10446,216,006601,-5.25,-29.0708,21
10599,217,006744,1.75,33.5667,21
10603,218,006748,1.75,29.6529,21
10646,219,006725,-27.587,5.25,21
10743,220,006837,-1.75,-30.8515,21
10784,221,006815,-23.6991,1.75,21
10899,222,006946,1.75,38.3607,51
10921,223,006824,18.8412,-1.75,21
10921,224,006904,-22.1365,5.25,21
11022,225,007010,5.25,29.0034,21
11070,226,006994,-27.6109,1.75,21
11107,227,007075,-29.2851,5.25,21
11135,228,007035,1.75,26.1824,51
11415,229,007208,-5.25,-25.1145,21
11422,230,007141,1.75,28.5467,21
11449,231,007282,-1.75,-28.646,21
11451,232,007285,-1.75,-29.3858,21
11488,233,007262,-26.7987,5.25,21
11581,234,007374,1.75,29.2546,21
11646,235,007270,-17.5929,1.75,21
11672,236,007417,-26.6073,1.75,21
11719,237,007395,5.25,19.384,21
11780,238,007444,-29.3531,5.25,21
11833,239,007485,1.75,20.645,21
11851,240,007540,1.75,31.2977,21
11871,241,007556,1.75,34.7023,51
11918,242,007534,28.6672,-1.75,21
11948,243,007610,29.1349,-5.25,21
12047,244,007600,-25.3774,5.25,21
12068,245,007677,-29.5559,5.25,21
12118,246,007665,-5.25,-24.8996,21
12181,247,007698,-25.1302,5.25,21
12278,248,007808,1.75,42.215,21
12287,249,007755,-1.75,-20.7302,21
12435,250,007913,-1.75,-26.6508,21
12464,251,007678,26.3005,-1.75,21
12479,252,007876,-29.8706,1.75,21
12613,253,007976,-28.9367,5.25,51
12671,254,007896,5.25,18.8415,21
12699,255,008083,5.25,29.5338,21
12720,256,008104,5.25,29.0398,21
12857,257,008189,1.75,50.6843,21
12883,258,008153,-21.7598,5.25,21
12902,259,008215,29.3923,-1.75,21
12956,260,008198,5.25,25.0962,21
13030,261,008251,25.8226,-5.25,21
13231,262,008294,-5.25,-18.8414,21
13267,263,008456,5.25,28.0495,21
13268,264,008457,1.75,31.9177,21
13328,265,008439,19.0084,-1.75,21
13338,266,008495,27.1074,-1.75,21
13352,267,008514,31.7869,-1.75,21
13354,268,008516,29.973,-1.75,21
13373,269,008474,1.75,21.6365,21
13453,270,008527,26.0984,-5.25,21
13459,271,008531,28.1724,-1.75,21
13595,272,008510,-24.7988,1.75,21
13622,273,008675,-27.7134,1.75,22
13630,274,008680,-29.0673,5.25,21
13749,275,008758,31.3988,-1.75,21
13910,276,008859,65.6195,-1.75,21
13931,277,008820,-5.25,-18.8417,21
13952,278,008879,-1.75,-28.0769,21
13973,279,008898,-1.75,-57.9858,21
14044,280,008942,30.3239,-1.75,21
14096,281,008977,1.75,31.1421,21
14166,282,009031,-28.4197,5.25,21
14225,283,009018,5.25,29.7099,21
14226,284,008978,-1.75,-23.3616,21
14228,285,009017,1.75,16.4883,21
14230,286,008990,-5.25,-29.8024,21
14305,287,009125,29.1238,-5.25,51
14331,288,009043,-21.278,1.75,21
14356,289,009075,1.75,27.1284,51
14440,290,009153,-28.3518,5.25,51
14454,291,009216,-23.3389,5.25,21
14491,292,009106,-1.75,-14.6223,21
14531,293,009264,1.75,28.9568,21
14598,294,009301,29.6709,-5.25,21
14678,295,009359,-5.25,-28.7003,21
14682,296,009361,-1.75,-31.8705,21
14708,297,009249,-26.9118,5.25,51
14712,298,009322,28.2812,-5.25,21
14782,299,009334,1.75,27.7092,21
14807,300,009439,1.75,51.0032,21
14841,301,009405,18.8415,-5.25,21
14846,302,009409,23.4297,-5.25,21
14937,303,009515,-1.75,-32.3862,51
14943,304,009524,-1.75,-30.0936,21
14990,305,009388,-26,1.75,21
15133,306,009592,-28.4087,1.75,21
15143,307,009648,-28.3156,5.25,21
15145,308,009654,-46.1047,1.75,21
15148,309,009656,-32.7088,1.75,51
15226,310,009710,1.75,28.835,21
15335,311,009728,1.75,18.7773,21
15343,312,009639,-1.75,-21.8324,21
15489,313,009704,-1.75,-23.6165,51
15568,314,009830,-24.4055,1.75,21
15570,315,009915,23.0389,-5.25,21
15588,316,009932,-29.7938,5.25,21
15615,317,009898,5.25,22.9016,21
15625,318,009899,1.75,21.9976,21
15641,319,009883,-1.75,-25.8208,21
15643,320,009884,-5.25,-26.0529,21
15644,321,009888,-5.25,-27.301,21
15684,322,009918,24.9655,-5.25,21
15726,323,010007,-28.0747,1.75,21
15753,324,009910,1.75,24.7095,51
15826,325,009995,29.9737,-5.25,51
15900,326,009981,1.75,29.563,21
15902,327,009984,5.25,27.3926,21
15928,328,010137,-5.25,-28.4321,21
15961,329,010108,-18.7104,5.25,21
16035,330,010126,1.75,27.358,51
16035,331,010161,-5.25,-23.2039,21
16045,332,010129,5.25,23.3049,21
16108,333,010084,28.6655,-5.25,51
16176,334,010168,-5.25,-24.8416,21
16264,335,010270,27.5476,-1.75,21
16280,336,010354,29.711,-5.25,21
16314,337,010257,1.75,24.9658,21
16410,338,010424,29.3558,-1.75,21
16526,339,010450,24.8459,-5.25,21
16542,340,010518,29.2986,-1.75,21
16661,341,010547,20.7305,-5.25,21
16673,342,010554,29.3726,-5.25,21
16705,343,010629,28.8856,-5.25,21
16731,344,010384,-5.25,-18.8405,21
16736,345,010469,-1.75,-27.6403,21
16741,346,010599,1.75,28.9788,21
16851,347,010733,30.6387,-1.75,21
16873,348,010513,-1.75,-21.6366,21
16967,349,010807,81.3928,-1.75,21
17011,350,010699,5.25,18.8417,21
17024,351,010792,-1.75,-29.8877,51
17116,352,010890,29.9294,-1.75,21
17174,353,010925,1.75,30.3786,21
17230,354,010908,22.6965,-5.25,21
17237,355,010909,25.6395,-1.75,51
17334,356,011042,-1.75,-28.971,21
17436,357,011054,-1.75,-24.4909,21
17438,358,011056,-1.75,-26.0649,21
17591,359,011194,-1.75,-44.1608,51
17595,360,011196,-5.25,-29.5895,21
17626,361,010972,1.75,17.3441,21
17787,362,011269,24.9956,-5.25,21
17788,363,011102,-28.1928,5.25,51
17818,364,011338,-28.512,5.25,21
17933,365,011329,20.0645,-1.75,51
17942,366,011342,39.1906,-1.75,51
17965,367,011440,-26.8836,1.75,21
17991,368,011403,-5.25,-20.7302,21
18146,369,011495,5.25,28.8112,21
18157,370,011559,1.75,30.2641,21
18183,371,011580,1.75,57.9618,21
18207,372,011541,-24.2581,1.75,21
18215,373,011544,-22.9866,1.75,21
18217,374,011546,-23.0266,1.75,21
18282,375,011588,1.75,25.8807,21
18345,376,011457,20.194,-1.75,21
18353,377,011601,48.0083,-1.75,21
18364,378,011604,22.0253,-1.75,21
18371,379,011693,-24.8363,1.75,21
18414,380,011506,-1.75,-22.8572,21
18430,381,011743,-1.75,-59.3176,21
18623,382,011731,-21.6374,5.25,21
18695,383,011686,1.75,27.1471,51
18831,384,011939,-5.25,-17.13,21
18833,385,011941,-5.25,-20.8004,21
18927,386,012057,29.3761,-5.25,21
18929,387,012060,-29.7849,5.25,21
18931,388,012062,-29.2532,5.25,21
19043,389,012066,21.6371,-1.75,21
19116,390,012115,-5.25,-27.1286,51
19189,391,012181,25.4517,-5.25,21
19256,392,012125,-1.75,-23.7367,21
19274,393,012129,-1.75,-16.406,21
19291,394,012296,5.25,24.7163,21
19477,395,012333,29.1474,-1.75,21
19552,396,012428,5.25,29.7031,21
19610,397,012457,29.7812,-5.25,51
19740,398,012378,-15.0081,1.75,51
19762,399,012547,27.8018,-1.75,21
19793,400,012619,29.6688,-1.75,21
19824,401,012580,-1.75,-19.0684,21
19830,402,012584,-5.25,-25.3219,21
19833,403,012586,-5.25,-28.089,51
19849,404,012650,-1.75,-29.7371,51
19903,405,012625,17.6976,-1.75,21
19908,406,012689,-21.1007,5.25,21
20020,407,012630,17.0264,-1.75,51
20023,408,012718,-23.6694,1.75,51
20058,409,012777,29.8278,-5.25,21
20092,410,012752,-1.75,-19.5942,21
20209,411,012870,28.6549,-5.25,21
20382,412,012917,1.75,30.6943,51
20384,413,012919,1.75,29.8907,21
20390,414,012927,1.75,29.885,21
20472,415,013019,-29.9557,1.75,21
20521,416,012922,-1.75,-31.4273,21
20534,417,013057,-1.75,-30.1766,21
20580,418,012963,15.6287,-1.75,51
20587,419,013037,-18.7046,5.25,21
20619,420,013114,-29.1985,5.25,21
20628,421,013122,-28.6541,5.25,21
20654,422,013086,-1.75,-26.3009,21
20695,423,013172,1.75,29.8519,21
20696,424,013173,5.25,29.637,21
20730,425,013130,-20.3169,5.25,21
20759,426,013210,28.6441,-1.75,21
20888,427,013237,27.1846,-1.75,21
20901,428,013299,28.3176,-5.25,21
20904,429,013303,28.9327,-1.75,21
20960,430,013340,-1.75,-29.1523,21
21013,431,013295,-24.4703,1.75,21
21100,432,013430,-1.75,-50.1358,21
21121,433,013437,-1.75,-23.7588,21
21145,434,013409,24.5948,-1.75,21
21169,435,013473,28.4716,-5.25,21
21213,436,013346,5.25,21.6367,21
21225,437,013457,-1.75,-34.3733,21
21230,438,013459,-1.75,-23.9668,21
21242,439,013522,-1.75,-44.7517,21
21307,440,013563,-29.3539,5.25,21
21320,441,013579,-29.3402,5.25,21
21334,442,013589,-29.8213,1.75,21
21421,443,013592,-17.091,5.25,21
21504,444,013557,-1.75,-18.7485,21
21530,445,013655,1.75,19.8051,51
21645,446,013728,-1.75,-19.7572,21
21649,447,013733,-1.75,-23.519,21
21813,448,013883,-1.75,-29.2166,21
21841,449,013780,20.7491,-5.25,21
21892,450,013929,-30.4609,1.75,21
21934,451,013951,-1.75,-28.5714,21
21951,452,013966,-1.75,-46.8514,21
22090,453,014043,-5.25,-29.5368,21
22092,454,014044,-1.75,-31.9173,21
22155,455,014101,73.9815,-1.75,21
22213,456,014075,-1.75,-26.328,21
22221,457,014140,-5.25,-29.472,21
22238,458,014153,-5.25,-29.5423,21
22298,459,014194,29.8073,-5.25,21
22309,460,014203,35.5978,-1.75,21
22331,461,014159,-5.25,-18.8409,21
22336,462,014068,1.75,25.0957,21
22377,463,014242,-1.75,-51.4095,21
22384,464,014247,-5.25,-29.7661,21
22424,465,014273,-29.4101,5.25,21
22452,466,014268,29.9694,-5.25,21
22767,467,014366,-5.25,-29.6274,21
22804,468,014437,5.25,19.3837,21
22862,469,014543,-29.968,1.75,21
22910,470,014574,1.75,32.4032,21
22912,471,014578,1.75,29.9764,21
23101,472,014646,24.7059,-5.25,21
23258,473,014756,-29.8144,5.25,21
23280,474,014819,-29.2625,5.25,21
23287,475,014824,-33.5397,1.75,51
23289,476,014747,17.8436,-1.75,21
23315,477,014707,-1.75,-30.9851,21
23318,478,014706,-5.25,-26.7876,51
23338,479,014859,-1.75,-29.228,21
23397,480,014842,-29.9426,1.75,21
23424,481,014921,29.7476,-1.75,21
23530,482,014937,26.8824,-1.75,21
23917,483,015230,-1.75,-30.2828,21
24024,484,015250,-5.25,-29.1427,21
24057,485,015317,1.75,26.7941,21
24090,486,015201,23.6264,-5.25,21
24452,487,015489,5.25,24.5737,21
24513,488,015550,31.5008,-1.75,21
24526,489,015624,27.7906,-1.75,21
24527,490,015628,28.5852,-5.25,21
24599,491,015668,1.75,29.0489,21
24604,492,015673,1.75,30.0871,21
24652,493,015579,-26.9711,5.25,21
24661,494,015701,-45.3324,1.75,21
24755,495,015758,-1.75,-34.5378,21
25132,496,015779,5.25,28.3187,21
25158,497,016002,-1.75,-30.372,21
25297,498,016083,1.75,28.5717,21
25299,499,016086,1.75,28.2687,21
25314,500,016100,1.75,29.2675,21
25376,501,016128,-19.0435,5.25,21
25432,502,016164,1.75,33.6411,51
25717,503,016287,-5.25,-28.7685,21
25725,504,016336,-1.75,-28.0736,21
25971,505,016460,-5.25,-22.2657,21
26006,506,016530,5.25,28.3367,21
26024,507,016536,-1.75,-27.0165,21
26045,508,016396,20.0389,-1.75,21
26047,509,016401,21.9092,-1.75,21
26119,510,016554,-1.75,-25.6609,21
26152,511,016627,5.25,28.158,21
26183,512,016599,21.6368,-1.75,21
26189,513,016515,-24.8901,1.75,21
26208,514,016614,28.7294,-1.75,21
26261,515,016640,5.25,20.7477,21
26321,516,016521,-14.6222,1.75,21
26330,517,016691,36.3853,-1.75,21
26362,518,016756,31.6509,-1.75,21
26404,519,016741,-1.75,-28.4395,21
26423,520,016798,-1.75,-29.7486,21
26507,521,016846,-34.0235,1.75,21
26543,522,016717,5.25,24.8252,21
26622,523,016783,19.3547,-5.25,21
26628,524,016914,-29.4792,5.25,22
26677,525,016896,-5.25,-28.2315,51
26705,526,016786,5.25,21.3625,51
26750,527,016935,-25.0911,1.75,21
26751,528,016910,28.2594,-5.25,51
26773,529,016942,28.5149,-1.75,21
26829,530,016960,1.75,31.0536,21
26831,531,016983,-5.25,-21.4734,51
26890,532,017017,19.1776,-5.25,21
26965,533,017037,-5.25,-28.3644,51
26978,534,017127,5.25,29.671,21
27026,535,017021,23.7366,-5.25,21
27068,536,017192,-51.3034,1.75,21
27103,537,017165,1.75,48.8445,21
27108,538,017164,5.25,29.6874,51
27112,539,017216,1.75,61.1008,51
27201,540,017265,34.1559,-1.75,51
27213,541,017273,34.3978,-1.75,21
27380,542,017323,-1.75,-47.4581,21
27402,543,017388,-5.25,-29.3099,21
27447,544,017362,24.7239,-1.75,21
27480,545,017428,33.0702,-1.75,21
27606,546,017496,-32.5123,1.75,21
27657,547,017412,-5.25,-25.377,21
27801,548,017574,1.75,27.4511,51
27938,549,017538,-5.25,-24.899,21
28010,550,017629,-29.5001,1.75,21
28029,551,017712,22.2654,-1.75,21
28037,552,017717,22.4663,-1.75,21
28043,553,017720,27.6568,-1.75,21
28168,554,017872,-29.6222,1.75,21
28232,555,017834,-1.75,-27.3997,21
28281,556,017813,18.2167,-5.25,21
28290,557,017898,-28.7868,1.75,21
28421,558,017908,-20.874,5.25,51
28423,559,017989,25.5985,-5.25,51
28450,560,018054,29.9781,-1.75,21
28472,561,018069,32.5651,-1.75,21
28642,562,018118,5.25,26.837,21
28782,563,018205,1.75,31.0545,21
28788,564,018210,5.25,23.2997,21
28812,565,018289,1.75,55.6973,21
28937,566,018366,-1.75,-53.8819,21
29173,567,018523,35.1757,-1.75,21
29244,568,018567,1.75,32.3891,21
29478,569,018661,-5.25,-27.6994,21
29505,570,018731,-1.75,-28.9686,21
29541,571,018591,-18.8413,5.25,22
29653,572,018823,-5.25,-29.818,51
29731,573,018874,-31.4008,1.75,21
29753,574,018836,-5.25,-21.6372,21
29762,575,018754,1.75,29.7026,21
29830,576,018803,26.7329,-1.75,21
29842,577,018880,-17.902,1.75,51
29920,578,018986,5.25,29.3989,21
29935,579,018913,-5.25,-26.0858,21
29936,580,018931,-1.75,-24.8793,21
29971,581,018948,26.7273,-1.75,21
30120,582,019043,-28.5518,1.75,21
30134,583,019073,27.3564,-5.25,21
30147,584,019140,29.2384,-1.75,21
30176,585,019107,5.25,25.7346,21
30192,586,019083,-1.75,-25.2054,21
30315,587,019197,1.75,22.6169,21
30339,588,019255,1.75,31.9095,51
30464,589,019191,-5.25,-26.0811,21
30474,590,019336,-1.75,-29.2031,21
30524,591,019296,-24.9658,5.25,21
30570,592,019403,-33.719,1.75,21
30613,593,019290,1.75,18.7098,21
30707,594,019496,-29.9745,5.25,21
30765,595,019527,-1.75,-26.1096,21
30774,596,019536,-1.75,-29.2385,21
30780,597,019541,-5.25,-29.5985,21
30830,598,019573,-28.4471,5.25,21
30871,599,019431,1.75,18.8413,21
30907,600,019621,-1.75,-29.5344,21
30909,601,019624,-5.25,-29.5371,21
31094,602,019693,29.809,-5.25,21
31098,603,019700,33.2589,-1.75,21
31170,604,019639,1.75,23.9931,21
31178,605,019742,1.75,30.2422,21
31196,606,019808,1.75,30.5542,21
31205,607,019737,-1.75,-18.3271,51
31321,608,019886,-5.25,-21.7154,21
31362,609,019848,-21.6276,5.25,51
31387,610,019937,-29.4774,5.25,21
31465,611,019982,-5.25,-29.934,21
31675,612,020102,35.8121,-1.75,51
31692,613,020118,29.9291,-5.25,21
31694,614,020119,30.1109,-1.75,21
31716,615,019923,1.75,25.7691,51
31723,616,020085,-1.75,-26.6178,21
31726,617,019929,1.75,18.9428,21
31757,618,020162,-1.75,-29.4707,21
31854,619,020091,5.25,23.4038,21
31858,620,020139,1.75,26.0043,21
31860,621,020145,5.25,25.8282,21
31963,622,020211,-19.3946,5.25,21
32033,623,020328,1.75,31.9218,21
32073,624,020221,-31.1828,1.75,21
32081,625,020231,-28.2657,1.75,21
32150,626,020340,5.25,23.4594,21
32210,627,020389,27.0961,-5.25,21
32214,628,020393,27.3439,-5.25,21
32225,629,020371,-31.6073,1.75,21
32276,630,020432,-1.75,-27.9422,21
32278,631,020435,-5.25,-25.8902,21
32289,632,020441,-5.25,-22.9581,21
32306,633,020501,1.75,29.0569,51
32375,634,020546,51.1388,-1.75,51
32439,635,020582,1.75,32.3887,21
32499,636,020567,29.8929,-5.25,21
32503,637,020568,25.2899,-1.75,21
32514,638,020628,28.852,-5.25,21
32591,639,020672,-1.75,-29.6291,21
32623,640,020621,-25.6595,5.25,21
32777,641,020735,21.5335,-5.25,21
32805,642,020805,-29.1342,5.25,21
32838,643,020773,-1.75,-26.3657,21
32852,644,020831,-5.25,-28.4381,21
32981,645,020664,1.75,24.3249,51
33018,646,020939,1.75,29.6482,21
33043,647,020783,21.6373,-1.75,21
33049,648,020785,19.6463,-5.25,21
33049,649,020908,-18.3905,1.75,21
33080,650,020980,48.5847,-1.75,21
33266,651,021040,-5.25,-28.3848,51
33400,652,021045,-5.25,-21.2691,21
33466,653,021153,23.7225,-1.75,21
33536,654,021192,-5.25,-23.7366,21
33544,655,021127,1.75,23.1725,21
33551,656,021173,1.75,28.1054,21
33579,657,021267,1.75,32.8257,21
33650,658,021305,-29.4384,5.25,21
33715,659,021355,-1.75,-29.6438,21
33748,660,021242,24.8997,-5.25,21
33811,661,021334,1.75,18.8415,21
33822,662,021369,-1.75,-28.7892,21
33825,663,021370,-5.25,-28.9499,51
34028,664,021494,24.684,-5.25,21
34057,665,021560,-29.4626,1.75,21
34061,666,021563,-30.5435,1.75,21
34069,667,021570,-29.9485,1.75,21
34105,668,021461,1.75,24.0515,21
34106,669,021547,-1.75,-31.573,21
34114,670,021519,5.25,29.3411,51
34117,671,021598,-1.75,-30.1767,21
34126,672,021604,-5.25,-29.169,21
34161,673,021491,18.8414,-1.75,21
34166,674,021580,-24.6259,1.75,21
34254,675,021691,-1.75,-29.5095,21
34308,676,021681,-29.028,1.75,21
34325,677,021730,-28.9994,5.25,21
34440,678,021506,17.0268,-1.75,51
34445,679,021761,-23.0827,1.75,21
34447,680,021763,-24.8491,1.75,21
34450,681,021766,-29.6147,1.75,21
34459,682,021772,-24.0504,1.75,21
34494,683,021853,-29.7646,5.25,21
34494,684,021854,-34.0232,1.75,21
34585,685,021652,26.0866,-1.75,21
34586,686,021858,-29.5258,1.75,51
34626,687,021937,-33.408,1.75,21
34677,688,021968,-1.75,-27.3242,21
34686,689,021977,-1.75,-30.2921,21
34688,690,021980,-1.75,-32.513,51
34721,691,021950,-18.8408,1.75,21
34725,692,021769,21.2727,-5.25,21
34830,693,022081,1.75,75.7285,21
34838,694,022005,-1.75,-18.8994,51
34874,695,022054,-29.8103,1.75,21
34915,696,022134,-29.7265,1.75,21
34960,697,022094,5.25,23.0693,21
34980,698,022167,1.75,29.0139,21
35020,699,022147,-27.8121,5.25,21
35148,700,022226,-28.2825,1.75,21
35153,701,022230,-31.2887,1.75,51
35216,702,022181,5.25,27.9238,21
35446,703,022205,18.7104,-1.75,21
35455,704,022457,-29.4742,5.25,22
35561,705,022476,-18.7097,5.25,21
35605,706,022553,-33.7,1.75,21
35669,707,022591,-5.25,-29.7142,21
35701,708,022561,-20.7494,1.75,51
35715,709,022570,29.9491,-1.75,51
35778,710,022598,-5.25,-26.875,51
35780,711,022601,-5.25,-28.6367,21
35813,712,022617,5.25,23.6022,51
35868,713,022724,32.9111,-1.75,21
35886,714,022737,29.9587,-5.25,21
35933,715,022719,1.75,28.9805,21
36034,716,022661,-24.0934,5.25,21
36145,717,022893,-30.854,1.75,21
36168,718,022914,-29.0207,5.25,21
36222,719,022942,-1.75,-29.0612,21
36282,720,022983,31.1733,-1.75,21
36340,721,022798,1.75,23.8399,51
36343,722,022801,1.75,25.3658,21
36369,723,022986,-5.25,-23.7778,21
36372,724,023031,-1.75,-24.8992,21
36471,725,022882,5.25,18.8413,21
36473,726,022891,5.25,21.7603,21
36478,727,022976,5.25,25.2287,21
36578,728,023161,29.9146,-1.75,21
36592,729,022984,-19.4473,1.75,21
36618,730,023136,-1.75,-24.0673,21
36777,731,023275,1.75,73.3168,21
36782,732,023278,1.75,31.4597,21
36921,733,023370,1.75,29.745,21
36985,734,023360,-27.8514,1.75,21
36992,735,023347,23.6167,-1.75,21
36997,736,023351,29.8881,-5.25,21
36998,737,023354,33.2016,-1.75,21
37012,738,023433,29.7213,-5.25,21
37049,739,023413,-1.75,-33.3859,21
37054,740,023449,-1.75,-27.9472,21
37180,741,023406,1.75,19.2294,21
37256,742,023528,-51.0872,1.75,21
37288,743,023595,-34.2079,1.75,21
37322,744,023561,5.25,27.2766,21
37381,745,023487,20.7497,-5.25,21
37418,746,023673,29.7878,-5.25,21
37459,747,023649,1.75,26.2345,21
37468,748,023655,1.75,25.5081,21
37486,749,023713,5.25,27.2936,21
37490,750,023719,1.75,28.9706,21
37495,751,023725,1.75,29.5649,21
37623,752,023796,1.75,28.3263,21
37631,753,023800,5.25,29.9835,21
37666,754,023778,-29.4529,5.25,21
37668,755,023777,-27.5114,1.75,51
37686,756,023696,18.7101,-1.75,21
37802,757,023703,19.5944,-5.25,21
37917,758,023988,-5.25,-29.1934,21
37941,759,023949,-18.7096,5.25,21
37943,760,023951,-22.0943,5.25,21
37954,761,023920,29.1665,-5.25,51
38024,762,023967,5.25,28.3878,51
38113,763,024112,26.6006,-1.75,21
38177,764,024147,5.25,26.327,21
38179,765,024151,1.75,42.1055,21
38304,766,024171,5.25,24.2395,21
38396,767,024292,-34.4174,1.75,21
38454,768,024333,-5.25,-29.9809,21
38465,769,024347,-1.75,-55.9653,21
38479,770,024354,-1.75,-33.6066,21
38506,771,024288,23.7365,-1.75,21
38528,772,024387,-29.7064,5.25,21
38540,773,024323,27.7131,-1.75,21
38552,774,024398,-23.3496,1.75,51
38586,775,024372,-1.75,-28.195,21
38671,776,024480,-27.1766,1.75,21
38685,777,024489,-24.8795,5.25,21
38711,778,024433,-1.75,-18.8409,21
38725,779,024467,-1.75,-42.8401,21
38781,780,024419,20.7499,-1.75,21
38823,781,024554,30.5202,-1.75,21
38933,782,024584,29.6875,-5.25,21
39089,783,024733,29.6467,-5.25,21
39109,784,024753,29.8025,-5.25,51
39140,785,024635,1.75,21.6239,21
39162,786,024778,1.75,41.5982,21
39207,787,024762,25.7167,-1.75,21
39216,788,024765,24.2949,-5.25,21
39319,789,024886,1.75,29.2482,21
39386,790,024929,28.6399,-1.75,21
39411,791,024892,1.75,22.2651,21
39415,792,024894,1.75,20.9773,21
39439,793,024965,1.75,94.1833,21
39446,794,024964,5.25,28.1945,21
39569,795,024991,1.75,44.5725,21
39595,796,025059,1.75,29.4476,21
39599,797,025062,5.25,29.6553,21
39602,798,025066,5.25,29.4469,21
39638,799,025038,29.8385,-5.25,21
39691,800,024987,-1.75,-22.7821,51
39700,801,024993,-5.25,-29.7729,21
39878,802,025239,1.75,28.3444,21
39906,803,025121,28.1163,-5.25,21
39923,804,025266,67.539,-1.75,21
39945,805,025287,33.4365,-1.75,51
40330,806,025495,-26.2695,5.25,21
40342,807,025504,-28.4361,5.25,21
40347,808,025553,-30.0782,1.75,21
40406,809,025537,5.25,20.1853,21
40482,810,025489,29.1073,-5.25,51
40491,811,025638,-32.3134,1.75,51
40535,812,025624,-1.75,-22.5059,51
40605,813,025505,19.5269,-1.75,21
40617,814,025639,28.0903,-1.75,21
40647,815,025669,-26.5833,5.25,51
40683,816,025596,5.25,29.2605,21
40686,817,025599,1.75,28.502,21
40688,818,025607,1.75,29.0759,21
40770,819,025819,29.3072,-1.75,21
40828,820,025811,1.75,29.058,21
40965,821,025894,1.75,32.2984,21
40990,822,025860,-1.75,-25.7327,21
41091,823,025955,1.75,18.8415,21
41108,824,025970,1.75,29.9491,21
41308,825,026112,-28.3981,1.75,51
41322,826,026178,54.9016,-1.75,51
41340,827,026179,-24.7496,1.75,21
41464,828,026195,25.1304,-1.75,21
41546,829,026331,-1.75,-28.6689,21
41554,830,026336,-1.75,-23.0257,21
41584,831,026312,-26.4637,5.25,21
41597,832,026227,23.4518,-5.25,21
41626,833,026381,-29.2719,1.75,21
41628,834,026384,-48.8424,1.75,21
41663,835,026359,-1.75,-37.2915,21
41739,836,026402,29.735,-5.25,21
41771,837,026467,60.0032,-1.75,21
41824,838,026492,-1.75,-29.327,21
41841,839,026506,-1.75,-29.2028,21
41883,840,026528,30.6435,-1.75,21
41961,841,026357,1.75,18.4988,21
41968,842,026419,5.25,26.8842,21
42029,843,026638,-92.1508,1.75,51
42079,844,026614,-5.25,-26.8029,21
42080,845,026613,-1.75,-27.6382,21
42194,846,026738,-34.1214,1.75,21
42257,847,026672,5.25,29.5158,51
42263,848,026780,-5.25,-29.8467,21
42286,849,026566,23.7363,-5.25,21
42290,850,026570,27.0837,-1.75,21
42294,851,026632,26.1518,-1.75,21
42296,852,026754,-16.93,5.25,21
42308,853,026807,28.9454,-5.25,21
42504,854,026879,1.75,30.4471,21
42542,855,026882,-5.25,-26.7746,21
42589,856,026989,-29.389,5.25,21
42593,857,026994,-29.1541,5.25,21
42645,858,026977,1.75,28.1975,21
42703,859,026933,21.6373,-5.25,21
42782,860,027031,-1.75,-41.8804,51
42790,861,027029,-5.25,-25.8669,21
42792,862,027117,5.25,29.4195,21
42810,863,027121,-1.75,-18.8697,21
42939,864,027221,1.75,29.8188,21
43126,865,027295,-23.7367,5.25,21
43168,866,027367,-28.2181,5.25,21
43193,867,027331,1.75,21.6367,21
43195,868,027239,-1.75,-24.275,21
43264,869,027277,23.4697,-5.25,21
43279,870,027350,28.0471,-5.25,21
43331,871,027419,-1.75,-14.622,21
43343,872,027341,1.75,22.8508,21
43374,873,027492,-1.75,-28.2328,21
43405,874,027383,-28.6636,5.25,21
43417,875,027469,29.632,-1.75,21
43420,876,027470,28.3614,-5.25,21
43471,877,027346,1.75,18.8414,21
43495,878,027513,-1.75,-18.6469,51
43502,879,027565,5.25,22.7502,21
43517,880,027568,5.25,27.224,51
43611,881,027592,-5.25,-18.8408,21
43628,882,027587,1.75,29.6582,21
43685,883,027638,-25.2181,5.25,51
43698,884,027645,-25.7471,1.75,21
43725,885,027705,-29.7193,1.75,51
43729,886,027557,22.0165,-5.25,21
43779,887,027733,1.75,29.5112,21
43823,888,027615,20.1391,-1.75,21
43930,889,027824,1.75,31.042,51
43970,890,027799,25.9507,-5.25,21
43991,891,027857,22.1671,-5.25,51
43999,892,027867,-24.3083,1.75,21
44033,893,027755,-5.25,-21.6372,21
44140,894,027987,30.9479,-1.75,21
44194,895,028016,-1.75,-31.9488,51
44196,896,027925,5.25,20.7556,21
44201,897,028020,-5.25,-27.9663,21
44255,898,028007,28.9793,-1.75,51
44290,899,028074,32.5689,-1.75,51
44316,900,028040,-1.75,-25.096,21
44451,901,028126,5.25,18.8409,21
44801,902,028325,18.8412,-1.75,21
44803,903,028352,-29.9364,5.25,21
44840,904,028364,-25.1912,5.25,21
44898,905,028388,-1.75,-21.7495,51
45114,906,028601,-92.1508,1.75,51
45153,907,028573,5.25,21.6371,21
45189,908,028650,1.75,33.4837,21
45191,909,028652,1.75,29.601,21
45195,910,028655,1.75,29.6515,21
45258,911,028689,30.862,-1.75,21
45361,912,028619,-24.7061,5.25,22
45382,913,028717,28.5985,-5.25,21
45517,914,028802,22.2132,-5.25,21
45571,915,028758,-1.75,-22.2657,21
45626,916,028925,-1.75,-23.5575,21
45680,917,028964,-29.5347,1.75,21
45786,918,028810,23.7366,-1.75,21
45791,919,028979,-29.1079,5.25,21
45797,920,028869,23.05,-5.25,21
45803,921,028988,-22.34,1.75,21
45832,922,029074,-29.5838,5.25,51
45867,923,029038,-1.75,-29.1539,21
45898,924,029112,-5.25,-29.435,21
45938,925,029063,27.0235,-1.75,21
45990,926,029024,1.75,14.9717,21
46010,927,029131,-5.25,-29.1055,51
46061,928,029084,-18.8408,1.75,21
46065,929,029159,24.179,-5.25,21
46090,930,029219,29.7096,-5.25,21
46100,931,029230,54.7506,-1.75,21
46183,932,029280,-1.75,-56.8921,21
46314,933,029368,1.75,77.5802,21
46356,934,029342,28.9688,-1.75,21
46391,935,029416,29.5165,-1.75,21
46411,936,029286,-1.75,-18.8408,21
46425,937,029288,-1.75,-16.0157,21
46534,938,029400,-27.8517,1.75,51
46651,939,029574,27.1561,-5.25,21
46657,940,029584,28.1172,-5.25,21
46721,941,029620,5.25,29.3963,51
47061,942,029794,28.1765,-5.25,21
47066,943,029839,28.5708,-5.25,21
47270,944,029897,1.75,22.9754,21
47606,945,030027,-23.7358,5.25,21
47618,946,030152,20.4286,-1.75,21
47636,947,030029,-18.7098,1.75,21
47758,948,030235,30.1339,-1.75,51
47789,949,030310,35.2892,-1.75,21
47821,950,030277,-1.75,-29.9206,21
47958,951,030184,5.25,26.3658,21
47969,952,030202,1.75,23.0202,21
47980,953,030374,5.25,29.4395,51
48113,954,030468,1.75,29.123,21
48185,955,030506,29.4427,-5.25,21
48385,956,030622,5.25,28.4868,51
48512,957,030708,-1.75,-21.8166,21
48564,958,030798,-5.25,-29.3949,21
48629,959,030832,-26.7311,5.25,21
48727,960,030846,-23.4279,5.25,21
48744,961,030898,-30.8118,1.75,21
48747,962,030829,22.8907,-5.25,21
48747,963,030900,-23.9985,1.75,21
48807,964,030890,5.25,29.007,21
48869,965,030933,-25.152,5.25,22
48882,966,030940,-22.5477,5.25,21
48934,967,030860,-5.25,-26.3003,21
48958,968,031051,5.25,29.4414,21
48963,969,031057,5.25,29.5172,21
49001,970,031026,18.7104,-5.25,21
49087,971,031093,1.75,28.8945,21
49155,972,031122,-25.5624,5.25,21
49167,973,031192,-30.9859,1.75,51
49238,974,031238,5.25,26.3629,21
49369,975,031281,1.75,29.4051,21
49511,976,031389,1.75,29.051,21
49656,977,031514,-1.75,-30.5533,21
49686,978,031537,-1.75,-29.3927,21
49785,979,031535,5.25,27.5451,21
49848,980,031592,-26.2732,5.25,21
49858,981,031601,-29.2849,5.25,21
49911,982,031550,1.75,18.8409,21
49929,983,031622,1.75,27.7445,21
49943,984,031710,1.75,29.5934,21
50002,985,031699,-30.8505,1.75,21
50007,986,031747,-29.8106,1.75,21
50028,987,031566,24.3921,-5.25,21
50031,988,031768,-26.8173,1.75,21
50087,989,031807,1.75,28.7395,21
50089,990,031809,1.75,27.8007,21
50162,991,031857,-28.0425,1.75,21
50164,992,031859,-27.3238,1.75,21
50168,993,031863,-30.4312,1.75,21
50170,994,031864,-28.2618,1.75,21
50199,995,031830,5.25,28.5158,21
50230,996,031901,-1.75,-29.6475,21
50288,997,031934,-27.8408,1.75,21
50292,998,031938,-29.1114,5.25,21
50309,999,031954,-28.486,1.75,21
50345,1000,031888,1.75,31.7309,21
50410,1001,031842,19.6272,-1.75,21
50505,1002,032063,-1.75,-29.954,21
50586,1003,031969,-23.3758,1.75,51
50587,1004,031971,-21.5974,5.25,21
50683,1005,031976,-21.6368,1.75,21
50719,1006,032191,27.1256,-1.75,21
50820,1007,032047,-14.9938,1.75,21
50899,1008,032223,-5.25,-26.2922,21
50906,1009,032233,-1.75,-25.7969,21
50908,1010,032269,1.75,30.7594,51
50912,1011,032271,1.75,23.7679,21
51068,1012,032356,5.25,24.4404,21
51226,1013,032438,1.75,17.6791,21
51246,1014,032399,-25.0962,1.75,21
51359,1015,032611,-1.75,-53.4204,51
51386,1016,032563,-29.9737,1.75,51
51405,1017,032584,24.9384,-1.75,21
51413,1018,032637,25.6119,-5.25,21
51456,1019,032620,-5.25,-23.7692,21
51591,1020,032504,5.25,22.2648,21
51666,1021,032749,29.4325,-1.75,21
51692,1022,032813,29.877,-1.75,21
51854,1023,032915,29.8732,-1.75,21
51873,1024,032703,-1.75,-21.6372,21
51876,1025,032871,5.25,20.7351,21
51990,1026,032995,-30.9513,1.75,21
52059,1027,033032,1.75,31.9203,21
52122,1028,033064,28.71,-5.25,21
52158,1029,032965,-1.75,-29.9211,21
52223,1030,033075,21.6369,-5.25,21
52259,1031,033151,-30.1848,1.75,51
52273,1032,033163,-29.4942,1.75,21
52325,1033,033195,1.75,29.5886,51
52384,1034,033231,31.7414,-1.75,21
52434,1035,033215,5.25,23.4045,21
52437,1036,033219,1.75,29.8017,51
52476,1037,033295,-1.75,-27.8614,21
52512,1038,033261,27.2249,-1.75,21
52548,1039,033173,-23.3431,1.75,21
52593,1040,033319,-5.25,-29.8668,21
52600,1041,033375,-1.75,-29.278,21
52650,1042,033348,23.6766,-1.75,21
52781,1043,033321,-18.8408,1.75,21
52792,1044,033360,-23.3042,5.25,21
52906,1045,033317,1.75,18.2666,21
52945,1046,033497,25.618,-5.25,21
52972,1047,033606,-33.4707,1.75,21
53017,1048,033626,-5.25,-29.4329,21
53060,1049,033609,-16.4412,5.25,21
53072,1050,033614,-29.037,5.25,21
53133,1051,033650,-1.75,-20.6449,21
53137,1052,033651,-1.75,-22.5122,51
53140,1053,033654,-1.75,-24.8332,21
53165,1054,033660,-5.25,-26.6864,51
53217,1055,033701,-31.5312,1.75,21
53271,1056,033744,1.75,24.7057,21
53281,1057,033748,1.75,21.9378,21
53416,1058,033733,-1.75,-27.9422,21
53432,1059,033860,5.25,29.7476,21
53603,1060,034022,-1.75,-56.7669,21
53620,1061,033998,5.25,61.9243,21
53699,1062,034027,-5.25,-28.777,21
53720,1063,034096,-1.75,-74.6087,21
53760,1064,034064,-11.717,1.75,21
53901,1065,034151,-22.2654,1.75,21
53904,1066,033991,23.3962,-5.25,21
54056,1067,034227,-24.0848,1.75,21
54112,1068,034300,-5.25,-19.5944,21
54231,1069,034423,33.3653,-1.75,21
54282,1070,034450,1.75,29.9812,21
54355,1071,034498,-29.2288,1.75,21
54406,1072,034446,-5.25,-28.4498,21
54407,1073,034529,-1.75,-58.381,21
54427,1074,034540,-1.75,-53.467,21
54461,1075,034430,18.8416,-5.25,21
54472,1076,034519,-28.8811,1.75,21
54533,1077,034553,-5.25,-24.2115,21
54539,1078,034477,1.75,20.682,21
54609,1079,034603,21.9508,-5.25,21
54680,1080,034556,-5.25,-20.4104,21
54696,1081,034705,5.25,29.5154,21
54761,1082,034697,-29.279,5.25,21
54774,1083,034762,-74.1434,1.75,21
54898,1084,034790,-29.9217,5.25,21
54905,1085,034847,-29.4921,5.25,21
54912,1086,034853,-29.3067,1.75,21
54921,1087,034863,-30.9609,1.75,21
54953,1088,034740,1.75,21.6367,21
55021,1089,034876,-24.2976,5.25,51
55106,1090,034889,-5.25,-21.6671,21
55179,1091,034952,29.7418,-5.25,51
55206,1092,035036,29.3528,-5.25,21
55252,1093,035016,-5.25,-28.3875,21
55261,1094,035079,-5.25,-29.7339,21
55323,1095,035047,19.3269,-1.75,21
55371,1096,035102,-5.25,-26.5886,21
55586,1097,035156,23.7366,-1.75,21
55591,1098,035160,23.6149,-1.75,21
55615,1099,035316,49.972,-1.75,21
55626,1100,035247,-18.1307,1.75,21
55656,1101,035285,5.25,23.4292,21
55671,1102,035350,-1.75,-30.6307,21
55725,1103,035260,-24.1574,5.25,51
55803,1104,035383,-1.75,-29.7838,21
55931,1105,035288,5.25,18.8412,21
55946,1106,035473,-5.25,-29.8934,51
56006,1107,035419,-24.4911,5.25,21
56076,1108,035479,-5.25,-23.6426,21
56096,1109,035617,5.25,29.4677,21
56102,1110,035627,1.75,53.5637,21
56147,1111,035597,-29.9731,5.25,51
56171,1112,035662,29.5922,-5.25,21
56190,1113,035682,28.9204,-1.75,21
56363,1114,035744,-1.75,-31.2316,21
56429,1115,035696,22.9784,-1.75,21
56466,1116,035864,30.0495,-1.75,21
56529,1117,035911,1.75,94.1833,21
56541,1118,035833,-1.75,-15.9139,21
56572,1119,035802,-27.0298,1.75,21
56575,1120,035884,29.8771,-5.25,21
56592,1121,035946,-29.9352,5.25,21
56631,1122,035837,-5.25,-18.8406,21
56668,1123,036009,1.75,28.6531,21
56680,1124,036024,1.75,33.2987,51
56778,1125,035995,-1.75,-26.353,21
56778,1126,036030,1.75,28.3623,51
56787,1127,036036,1.75,26.4984,21
56800,1128,036098,1.75,27.6953,21
56942,1129,036188,1.75,29.0918,21
56946,1130,036191,1.75,29.7126,21
57027,1131,036245,-29.3309,1.75,21
57051,1132,036207,1.75,18.8404,21
57102,1133,036279,1.75,30.5011,21
57206,1134,036267,-5.25,-29.1472,21
57216,1135,036347,-1.75,-29.7466,21
57229,1136,036361,-5.25,-29.2757,21
57234,1137,036365,-5.25,-29.9122,51
57307,1138,036414,29.7128,-1.75,21
57365,1139,036444,-1.75,-26.0399,21
57407,1140,036336,-29.9555,1.75,21
57433,1141,036486,-28.5786,5.25,21
57471,1142,036381,1.75,18.8416,21
57510,1143,036543,1.75,28.4156,21
57541,1144,036505,-18.841,1.75,21
57719,1145,036673,29.3668,-5.25,21
57750,1146,036557,-1.75,-20.7912,21
57760,1147,036559,-1.75,-19.2011,21
57773,1148,036566,-1.75,-21.3985,21
57786,1149,036699,-5.25,-29.1342,51
57823,1150,036685,22.2583,-1.75,21
57895,1151,036701,1.75,28.6269,21
57913,1152,036734,5.25,28.6874,21
57961,1153,036763,18.8412,-5.25,21
57966,1154,036767,23.4296,-5.25,21
57984,1155,036827,-29.0725,1.75,21
58003,1156,036849,-29.465,5.25,21
58117,1157,036825,28.0989,-1.75,21
58121,1158,036861,25.5373,-1.75,21
58137,1159,036935,57.4189,-1.75,21
58146,1160,036942,34.8934,-1.75,21
58186,1161,036887,-1.75,-28.4684,21
58188,1162,036963,-1.75,-42.6465,21
58201,1163,036974,-5.25,-29.3699,21
58203,1164,036976,-5.25,-28.838,21
58392,1165,037014,29.9909,-5.25,21
58397,1166,037046,29.8156,-5.25,21
58430,1167,037130,-29.3306,5.25,21
58484,1168,036978,1.75,15.8437,21
58497,1169,037166,-1.75,-25.5923,21
58533,1170,037146,-56.5355,1.75,21
58617,1171,037232,1.75,31.1259,21
58673,1172,037215,-22.0257,1.75,21
58872,1173,037355,-1.75,-21.6271,51
58873,1174,037354,-5.25,-21.6366,21
58884,1175,037359,-1.75,-23.2506,21
58923,1176,037415,-5.25,-29.4547,21
58941,1177,037309,-14.6226,1.75,21
58972,1178,037458,-29.1234,1.75,21
59014,1179,037430,-5.25,-25.0868,21
59061,1180,037518,5.25,29.6536,21
59112,1181,037549,27.8592,-1.75,21
59185,1182,037585,-5.25,-29.1819,21
59189,1183,037588,-5.25,-29.4511,21
59322,1184,037676,-1.75,-32.6108,21
59335,1185,037537,1.75,21.6067,21
59436,1186,037666,5.25,25.3038,21
59456,1187,037768,-5.25,-28.6905,21
59508,1188,037655,27.2558,-1.75,21
59526,1189,037812,28.2461,-1.75,21
59570,1190,037708,1.75,15.6303,51
59818,1191,037995,28.9913,-5.25,21
59994,1192,038053,1.75,24.966,21
60018,1193,037980,-1.75,-24.8108,21
60032,1194,038036,-5.25,-26.4901,21
60116,1195,038182,29.2131,-1.75,21
60131,1196,038125,5.25,18.8406,21
60136,1197,038143,-1.75,-25.096,21
60168,1198,038211,-1.75,-33.1536,21
60170,1199,038213,-1.75,-29.4342,21
60285,1200,038235,-5.25,-28.8267,21
60341,1201,038190,24.7051,-1.75,21
60365,1202,038284,-27.3821,5.25,21
60370,1203,038330,-28.1658,1.75,21
60383,1204,038342,-29.9108,5.25,21
60415,1205,038301,-1.75,-18.8987,21
60504,1206,038416,29.8932,-1.75,21
60519,1207,038428,58.4018,-1.75,21
60564,1208,038320,1.75,28.7138,21
60570,1209,038409,1.75,33.2175,21
60725,1210,038557,5.25,29.1445,21
61080,1211,038800,-31.4494,1.75,51
61184,1212,038706,25.0818,-5.25,21
61195,1213,038824,-28.2782,1.75,21
61223,1214,038885,-52.5057,1.75,21
61261,1215,038857,-1.75,-30.3955,21
61347,1216,038962,68.3103,-1.75,21
61396,1217,038927,-5.25,-22.4629,21
61542,1218,039031,5.25,29.2375,21
61543,1219,039034,1.75,29.9024,21
61573,1220,039078,5.25,29.9902,21
61607,1221,039067,-25.7171,1.75,21
61811,1222,039198,-1.75,-22.2651,21
61913,1223,039311,28.981,-5.25,51
61921,1224,039317,29.7783,-1.75,21
61933,1225,039325,56.743,-1.75,21
61973,1226,039304,5.25,29.4846,21
62001,1227,039370,1.75,29.8275,21
62033,1228,039252,-32.335,1.75,21
62049,1229,039398,-29.9467,5.25,51
62051,1230,039401,-29.2457,5.25,21
62123,1231,039450,1.75,29.4179,21
62182,1232,039400,22.9635,-5.25,21
62192,1233,039488,-28.511,5.25,21
62210,1234,039504,-29.8597,5.25,21
62306,1235,039512,-29.5446,1.75,21
62374,1236,039555,5.25,25.1298,21
62379,1237,039361,-1.75,-22.3057,21
62446,1238,039520,26.7401,-1.75,51
62472,1239,039679,-29.5697,5.25,21
62476,1240,039525,22.0712,-5.25,21
62581,1241,039697,14.6229,-1.75,21
62585,1242,039700,18.8987,-1.75,21
62605,1243,039727,29.0284,-5.25,21
62607,1244,039762,29.5053,-1.75,21
62733,1245,039789,27.9074,-5.25,21
62763,1246,039875,29.8315,-1.75,21
62791,1247,039837,-5.25,-18.7107,21
62796,1248,039841,-5.25,-23.7003,21
62798,1249,039844,-1.75,-18.9504,21
63027,1250,040023,-31.4841,1.75,51
63034,1251,040029,-32.8739,1.75,51
63044,1252,040038,-29.7516,5.25,21
63080,1253,040006,5.25,23.7876,21
63211,1254,040007,5.25,18.8411,21
63350,1255,040100,-1.75,-20.7912,21
63499,1256,040250,-1.75,-20.0584,21
63561,1257,040147,22.2648,-1.75,21
63749,1258,040469,-29.7889,5.25,21
63798,1259,040439,1.75,29.845,51
63862,1260,040485,-27.1361,1.75,21
63864,1261,040487,-28.2143,1.75,21
63866,1262,040530,-38.2758,1.75,21
63927,1263,040521,1.75,30.6346,21
63952,1264,040591,1.75,34.0735,21
63961,1265,040438,-5.25,-29.0703,21
63997,1266,040564,-25.2271,5.25,21
64055,1267,040442,-5.25,-26.3069,51
64095,1268,040441,-1.75,-18.7132,21
64129,1269,040643,-25.6516,5.25,22
64132,1270,040616,23.2166,-1.75,21
64223,1271,040750,1.75,25.1123,21
64234,1272,040764,5.25,29.3738,51
64244,1273,040777,1.75,29.1118,21
64304,1274,040814,30.9579,-1.75,21
64336,1275,040755,-5.25,-23.6431,21
64336,1276,040782,5.25,23.6424,21
64356,1277,040836,1.75,32.7975,21
64375,1278,040838,-5.25,-22.2985,21
64382,1279,040847,1.75,24.5489,21
64406,1280,040823,27.9421,-5.25,21
64502,1281,040932,5.25,29.3648,21
64581,1282,040985,52.7596,-1.75,21
64613,1283,040858,-1.75,-21.6367,21
64635,1284,040967,1.75,29.6749,21
64647,1285,041023,1.75,27.0167,51
64709,1286,041062,-26.9863,5.25,21
64751,1287,040867,-1.75,-20.8732,51
64751,1288,041037,5.25,18.8413,21
64787,1289,041113,-1.75,-29.3257,21
64796,1290,041120,-1.75,-33.4818,21
64833,1291,041065,23.1102,-1.75,21
64900,1292,041133,-5.25,-28.6963,51
64973,1293,041173,24.36,-1.75,21
65112,1294,041180,-27.4288,1.75,21
65176,1295,041274,-5.25,-29.3046,51
65205,1296,041380,-1.75,-30.6869,21
65216,1297,041391,-1.75,-51.6798,21
65250,1298,041361,-25.553,5.25,21
65252,1299,041362,-26.0766,5.25,21
65289,1300,041320,20.2569,-1.75,21
65321,1301,041319,1.75,29.6021,21
65521,1302,041348,20.8738,-1.75,51
65538,1303,041449,22.9964,-1.75,51
65567,1304,041608,28.7975,-1.75,21
65676,1305,041598,-30.6148,1.75,21
65682,1306,041682,-29.8896,1.75,21
65710,1307,041705,-28.9648,5.25,21
65732,1308,041581,-5.25,-19.5957,21
65754,1309,041731,5.25,28.8326,21
65842,1310,041790,35.8632,-1.75,51
65903,1311,041821,-5.25,-29.4351,21
65944,1312,041725,-24.9659,1.75,21
65946,1313,041801,25.675,-5.25,51
65973,1314,041870,-29.1392,5.25,21
65986,1315,041879,-27.0658,5.25,21
66020,1316,041848,-5.25,-27.0995,21
66041,1317,041913,5.25,29.7161,51
66158,1318,041934,5.25,25.4788,21
66159,1319,041937,1.75,24.9775,21
66165,1320,041940,1.75,29.6637,21
66317,1321,042029,-1.75,-26.3574,21
66344,1322,042100,-1.75,-22.7439,21
66371,1323,041984,20.4237,-1.75,21
66441,1324,042113,-5.25,-27.3864,21
66505,1325,042156,-22.9159,5.25,21
66540,1326,042235,29.1527,-1.75,21
66570,1327,042207,-1.75,-30.6532,51
66599,1328,042273,-5.25,-29.2471,21
66754,1329,042360,-1.75,-29.392,21
66808,1330,042307,29.3322,-5.25,21
66816,1331,042401,-30.7934,1.75,21
66869,1332,042383,-1.75,-28.2529,21
66880,1333,042448,-1.75,-30.4358,51
66893,1334,042345,5.25,24.9183,21
66901,1335,042439,1.75,26.8125,21
67001,1336,042480,5.25,29.3725,51
67002,1337,042479,1.75,27.3594,21
67021,1338,042547,5.25,29.8787,21
67039,1339,042563,1.75,35.4909,51
67100,1340,042602,28.3537,-5.25,21
67201,1341,042617,22.2654,-5.25,21
67225,1342,042683,68.6286,-1.75,21
67235,1343,042688,53.2377,-1.75,21
67304,1344,042728,-1.75,-29.9256,21
67424,1345,042754,-1.75,-27.5538,21
67432,1346,042810,5.25,29.2325,21
67437,1347,042757,-5.25,-20.4332,21
67586,1348,042915,-5.25,-26.8502,21
67599,1349,042931,-5.25,-29.1872,21
67812,1350,043074,27.537,-1.75,21
67940,1351,043165,29.1141,-5.25,21
68021,1352,043217,-1.75,-29.301,21
68056,1353,043151,-27.8096,1.75,21
68141,1354,043295,1.75,29.8837,51
68344,1355,043413,-29.6176,5.25,21
68344,1356,043369,26.446,-1.75,21
68355,1357,043432,-28.7263,5.25,51
68407,1358,043465,1.75,72.0212,21
68408,1359,043409,5.25,29.4272,51
68494,1360,043523,-29.9781,1.75,21
68692,1361,043589,-1.75,-25.9964,51
68724,1362,043657,-1.75,-31.2464,21
68743,1363,043507,23.6692,-1.75,51
68747,1364,043511,23.9342,-1.75,21
68825,1365,043644,5.25,26.6344,21
68827,1366,043647,5.25,27.0181,21
68883,1367,043710,-21.7059,5.25,21
68924,1368,043781,-31.6096,1.75,21
69022,1369,043698,19.2298,-5.25,21
69022,1370,043795,-21.8162,1.75,21
69043,1371,043812,-30.0652,1.75,21
69052,1372,043863,-32.8587,1.75,21
69069,1373,043872,-26.0796,1.75,21
69093,1374,043845,5.25,21.7056,21
69098,1375,043676,-5.25,-28.3012,21
69123,1376,043907,5.25,29.08,21
69126,1377,043910,1.75,32.4316,21
69128,1378,043681,-5.25,-19.3954,21
69161,1379,043876,-18.8413,5.25,22
69236,1380,043760,-5.25,-23.769,21
69412,1381,044089,1.75,29.2357,21
69540,1382,044104,1.75,18.6576,51
69764,1383,044219,19.3724,-5.25,21
69876,1384,044270,25.3502,-5.25,21
69880,1385,044276,27.12,-1.75,21
69882,1386,044309,29.0796,-1.75,51
69896,1387,044372,28.2848,-5.25,21
69912,1388,044385,33.3779,-1.75,21
69956,1389,044406,1.75,29.1697,21
69958,1390,044408,1.75,31.7272,51
69959,1391,044409,5.25,29.3933,21
70141,1392,044394,22.2648,-5.25,21
70141,1393,044465,-14.4356,1.75,21
70158,1394,044445,28.3192,-1.75,21
70171,1395,044521,28.7817,-1.75,21
70177,1396,044532,-25.1431,5.25,21
70186,1397,044528,26.7668,-5.25,21
70428,1398,044641,25.4498,-5.25,21
70454,1399,044711,32.1125,-1.75,21
70474,1400,044696,-18.4123,1.75,51
70502,1401,044683,-1.75,-27.3803,21
70608,1402,044802,29.9869,-5.25,21
70658,1403,044610,1.75,20.7437,51
70666,1404,044834,-1.75,-20.2552,21
70705,1405,044808,23.6326,-1.75,21
70710,1406,044739,-24.1029,1.75,21
70771,1407,044845,-1.75,-18.8408,21
70771,1408,044852,5.25,18.8413,21
70846,1409,044889,25.8014,-5.25,51
70862,1410,044928,-30.7431,1.75,21
70930,1411,044964,5.25,29.9363,21
70934,1412,045019,5.25,29.0651,21
70983,1413,044911,24.0458,-5.25,21
71075,1414,045111,1.75,65.1275,51
71133,1415,045103,-62.6593,1.75,21
71207,1416,045113,-1.75,-29.6466,21
71237,1417,045214,-5.25,-29.3545,21
71276,1418,045067,29.871,-5.25,21
71286,1419,045240,30.0322,-1.75,21
71417,1420,045186,-28.1402,1.75,21
71441,1421,045334,30.424,-1.75,21
71497,1422,045373,-1.75,-30.4426,21
71577,1423,045431,29.1896,-1.75,21
71616,1424,045287,1.75,35.5049,21
71632,1425,045414,5.25,29.8217,21
71652,1426,045483,1.75,32.9077,21
71691,1427,045418,-29.3835,1.75,21
71713,1428,045521,-26.8299,5.25,21
71751,1429,045494,5.25,20.8739,51
71754,1430,045402,-5.25,-25.541,51
71766,1431,045502,1.75,25.471,21
71770,1432,045505,5.25,29.085,51
71778,1433,045557,1.75,28.8188,21
71787,1434,045563,1.75,29.0515,21
71843,1435,045551,31.2403,-1.75,21
71891,1436,045468,-5.25,-18.841,21
71961,1437,045629,24.9176,-1.75,51
72008,1438,045701,29.804,-5.25,21
72102,1439,045706,21.6277,-5.25,51
72103,1440,045716,-21.6372,5.25,21
72148,1441,045805,35.832,-1.75,51
72150,1442,045808,33.6506,-1.75,21
72152,1443,045811,51.0993,-1.75,21
72184,1444,045779,-5.25,-27.5538,21
72214,1445,045827,-1.75,-21.4576,21
72283,1446,045901,29.8952,-1.75,21
72312,1447,045862,5.25,26.4185,21
72433,1448,045985,30.2554,-1.75,21
72523,1449,045989,21.7601,-5.25,21
72534,1450,045997,25.797,-5.25,21
72539,1451,046003,28.1293,-1.75,51
72548,1452,046059,28.8562,-1.75,21
72665,1453,046081,23.0828,-1.75,21
72693,1454,046136,-27.3429,5.25,21
72702,1455,046151,70.9299,-1.75,51
72708,1456,046156,34.2258,-1.75,21
72946,1457,046255,25.0831,-5.25,21
73041,1458,046390,1.75,31.1772,21
73043,1459,046394,5.25,29.4864,21
73129,1460,046444,33.1763,-1.75,21
73185,1461,046481,-1.75,-29.3679,21
73232,1462,046380,-26.2933,5.25,21
73242,1463,046511,30.3723,-1.75,21
73302,1464,046500,-1.75,-27.3185,21
73383,1465,046535,-28.4569,1.75,21
73399,1466,046616,-31.1585,1.75,51
73401,1467,046618,-31.4079,1.75,21
73436,1468,046473,5.25,29.4524,21
73438,1469,046596,-5.25,-24.7545,21
73508,1470,046610,21.7742,-5.25,21
73528,1471,046651,-27.1029,5.25,21
73580,1472,046688,5.25,25.2264,21
73668,1473,046735,29.8309,-1.75,21
73678,1474,046739,28.0189,-5.25,51
73718,1475,046784,1.75,41.3822,21
73744,1476,046836,1.75,29.5712,51
73756,1477,046845,1.75,28.7288,21
73825,1478,046893,32.9846,-1.75,21
73933,1479,046828,-27.3299,5.25,21
73934,1480,046906,19.4408,-5.25,21
73960,1481,046969,-32.8371,1.75,21
74012,1482,046947,5.25,24.7753,21
74067,1483,046985,-29.6717,5.25,51
74068,1484,046984,-26.8306,1.75,21
74068,1485,046911,25.4719,-5.25,21
74073,1486,046914,27.3651,-5.25,21
74083,1487,047048,-30.4835,1.75,21
74094,1488,047064,-28.6193,5.25,21
74139,1489,047001,1.75,26.2196,21
74160,1490,047099,-5.25,-26.0189,21
74233,1491,047147,29.4675,-5.25,21
74271,1492,047044,1.75,28.6211,51
74289,1493,047110,1.75,26.6024,21
74366,1494,047175,17.0512,-1.75,21
74411,1495,047212,5.25,18.7098,21
74413,1496,047214,5.25,22.0944,21
74486,1497,047231,26.7572,-5.25,21
74517,1498,047336,29.6056,-1.75,51
74592,1499,047386,-1.75,-32.7116,51
74623,1500,047271,-21.637,1.75,21
74642,1501,047326,-22.8711,5.25,21
74660,1502,047426,28.1114,-1.75,21
74728,1503,047477,-1.75,-28.9857,21
74743,1504,047490,-5.25,-29.1127,51
74766,1505,047338,-23.7369,5.25,21
74771,1506,047450,28.3634,-1.75,21
74836,1507,047499,-1.75,-31.6493,21
74975,1508,047510,-5.25,-27.0832,21
74978,1509,047583,1.75,24.8432,21
75048,1510,047632,24.8422,-5.25,21
75225,1511,047719,28.2241,-5.25,51
75227,1512,047794,-28.1823,1.75,21
75356,1513,047878,79.1395,-1.75,21
75468,1514,047892,26.8536,-5.25,21
75495,1515,047967,47.3508,-1.75,21
75499,1516,047815,-16.3113,1.75,21
75545,1517,047857,5.25,22.0036,21
75646,1518,048071,-34.981,1.75,21
75692,1519,048048,-1.75,-29.2991,21
75748,1520,047991,25.7533,-1.75,21
75768,1521,048142,29.6728,-5.25,51
75813,1522,048124,-5.25,-21.5067,21
75850,1523,048198,-1.75,-33.1885,21
75859,1524,048210,-1.75,-78.4571,51
75882,1525,048165,24.0349,-1.75,21
75894,1526,048093,-26.6677,1.75,21
75955,1527,048218,-5.25,-27.1474,51
75985,1528,048282,-5.25,-29.9006,21
75987,1529,048283,-1.75,-31.4518,21
76023,1530,048174,25.8409,-5.25,51
76110,1531,048315,-1.75,-31.2646,21
76259,1532,048466,-1.75,-33.7311,21
76319,1533,048451,28.6518,-1.75,21
76322,1534,048402,-18.7095,1.75,21
76348,1535,048501,-24.1804,1.75,21
76424,1536,048462,1.75,16.6247,21
76485,1537,048614,28.9751,-1.75,51
76487,1538,048616,28.9883,-1.75,21
76493,1539,048526,-22.0104,1.75,51
76518,1540,048578,-1.75,-24.8991,21
76581,1541,048622,18.841,-1.75,21
76751,1542,048738,26.3458,-1.75,21
76832,1543,048849,1.75,31.9468,21
76839,1544,048857,5.25,29.8358,21
76862,1545,048810,26.4197,-5.25,21
76935,1546,048747,-1.75,-22.2196,21
76941,1547,048751,-1.75,-19.9469,21
77011,1548,048823,23.9562,-1.75,21
77302,1549,049087,-31.188,1.75,21
77374,1550,049135,1.75,31.075,21
77459,1551,049240,77.9634,-1.75,21
77651,1552,049311,-1.75,-36.1057,21
77679,1553,049373,-5.25,-29.6319,21
77750,1554,049419,31.3418,-1.75,21
77792,1555,049394,-1.75,-28.9082,21
77816,1556,049454,-5.25,-29.7865,21
77857,1557,049480,-68.7255,1.75,21
77922,1558,049471,-1.75,-31.0831,51
77927,1559,049476,-5.25,-28.1059,21
77945,1560,049536,-1.75,-35.7704,21
78025,1561,049506,24.5217,-5.25,21
78069,1562,049563,-5.25,-29.5188,51
78521,1563,049919,1.75,28.8078,21
78778,1564,050103,1.75,30.9036,21
78850,1565,050152,31.0693,-1.75,21
78861,1566,050163,25.0395,-1.75,21
78866,1567,050165,21.4894,-1.75,21
78897,1568,050131,1.75,30.3097,21
78937,1569,050091,-1.75,-18.0052,21
79053,1570,050220,5.25,21.4391,51
79171,1571,050314,-5.25,-18.7102,21
79204,1572,050385,1.75,70.82,51
79244,1573,050193,26.7061,-5.25,51
79254,1574,050367,-28.306,5.25,21
79286,1575,050436,-33.213,1.75,21
79324,1576,050409,1.75,28.3927,21
79326,1577,050410,5.25,29.3755,21
79341,1578,050478,1.75,73.0392,21
79381,1579,050445,-18.8408,5.25,21
79394,1580,050422,28.9837,-1.75,21
79412,1581,050428,16.8061,-1.75,21
79458,1582,050411,-1.75,-26.3387,21
79466,1583,050481,-5.25,-24.5113,21
79469,1584,050475,-1.75,-15.2032,21
79490,1585,050567,-1.75,-32.3431,21
79602,1586,050565,5.25,26.0949,21
79636,1587,050668,-1.75,-32.3367,21
79666,1588,050553,23.7229,-5.25,21
79758,1589,050741,-1.75,-53.91,51
79812,1590,050725,25.7594,-1.75,21
79816,1591,050731,49.4646,-1.75,21
79836,1592,050716,-28.1372,1.75,51
79947,1593,050795,26.5466,-5.25,21
79977,1594,050890,30.8071,-1.75,21
80013,1595,050853,5.25,21.7063,21
80191,1596,051015,-5.25,-29.8925,51
80223,1597,050912,21.6374,-5.25,21
80431,1598,051036,-1.75,-20.8736,51
80436,1599,051115,1.75,25.0836,21
80597,1600,051257,1.75,51.3113,21
80616,1601,051270,1.75,32.9583,51
80739,1602,051295,5.25,26.0388,21
80787,1603,051342,-39.4947,1.75,21
80790,1604,051341,-26.886,5.25,21
80794,1605,051344,-27.7756,5.25,21
80808,1606,051403,-29.7829,1.75,51
80813,1607,051407,-35.2208,1.75,51
80875,1608,051444,-1.75,-27.8517,21
80999,1609,051454,1.75,27.7507,21
81000,1610,051483,-1.75,-25.9844,21
81043,1611,051559,1.75,29.1892,21
81075,1612,051440,-24.7364,5.25,21
81080,1613,051539,28.324,-1.75,21
81091,1614,051592,29.421,-5.25,21
81091,1615,051435,-18.2476,1.75,21
81097,1616,051596,19.6953,-5.25,21
81101,1617,051501,-19.0758,1.75,21
81133,1618,051564,5.25,22.0946,21
81158,1619,051640,-1.75,-34.6324,21
81279,1620,051668,-5.25,-28.3559,21
81317,1621,051574,1.75,16.7064,21
81317,1622,051747,-1.75,-29.342,21
81340,1623,051709,-16.9666,1.75,21
81356,1624,051712,-29.0453,1.75,21
81435,1625,051817,1.75,36.7167,21
81452,1626,051762,-1.75,-18.7103,21
81487,1627,051718,-19.5554,1.75,21
81695,1628,051853,5.25,28.1619,21
81831,1629,051861,1.75,26.5893,21
81918,1630,052078,28.4932,-1.75,21
81933,1631,052121,-30.9247,1.75,21
81939,1632,052128,-27.0855,5.25,21
81952,1633,052132,-29.3691,5.25,21
82003,1634,052187,1.75,28.9579,21
82026,1635,052206,1.75,25.9756,21
82090,1636,052250,31.914,-1.75,21
82121,1637,052214,1.75,27.6472,21
82192,1638,052165,-29.3979,1.75,21
82211,1639,052314,-29.4143,5.25,51
82276,1640,052348,-1.75,-29.7785,21
82303,1641,052372,-1.75,-50.2871,21
82338,1642,052342,-26.5205,1.75,21
82361,1643,052406,-28.2987,5.25,21
82372,1644,052271,25.4702,-1.75,21
82404,1645,052384,-1.75,-28.0016,21
82409,1646,052387,-1.75,-26.7151,21
82439,1647,052443,1.75,29.0631,21
82483,1648,052485,30.2592,-1.75,21
82568,1649,052542,-1.75,-29.8354,21
82583,1650,052553,-1.75,-36.0371,21
82686,1651,052563,-1.75,-21.1175,21
82691,1652,052482,1.75,18.1296,21
82693,1653,052564,-5.25,-13.5232,51
82765,1654,052665,29.658,-1.75,21
82771,1655,052671,29.9672,-5.25,21
82909,1656,052754,-29.8191,5.25,21
82953,1657,052731,-5.25,-23.1745,21
82953,1658,052652,1.75,21.637,21
82979,1659,052794,5.25,29.5689,21
83092,1660,052735,-1.75,-21.6275,51
83144,1661,052895,-1.75,-37.1869,51
83188,1662,052705,29.9737,-5.25,21
83248,1663,052831,5.25,26.7563,21
83261,1664,052910,-5.25,-28.8431,21
83265,1665,052960,-1.75,-30.0723,21
83335,1666,053014,26.4063,-5.25,21
83399,1667,053053,-1.75,-28.8498,21
83469,1668,053102,26.6911,-5.25,51
83529,1669,053087,1.75,36.3189,21
83549,1670,053147,1.75,30.6145,21
83720,1671,053201,-20.7913,1.75,21
83721,1672,053112,20.7483,-1.75,21
83739,1673,053214,30.1126,-1.75,51
83750,1674,053272,29.7157,-5.25,21
83760,1675,053280,31.562,-1.75,21
83765,1676,053207,-28.7798,1.75,21
83810,1677,053222,-5.25,-28.9306,21
83870,1678,053295,30.5238,-1.75,21
83904,1679,053370,29.9749,-5.25,21
83906,1680,053372,28.6461,-5.25,21
83933,1681,053339,-1.75,-23.6693,51
83941,1682,053256,5.25,26.6096,21
83944,1683,053257,1.75,17.1617,21
83948,1684,053344,-1.75,-24.9319,21
83959,1685,053390,5.25,24.065,51
83978,1686,053409,1.75,28.3865,21
84031,1687,053447,-30.2509,1.75,21
84037,1688,053451,-29.8294,5.25,21
84112,1689,053434,5.25,24.8555,21
84149,1690,053470,-28.1527,5.25,51
84189,1691,053552,29.8092,-5.25,21
84241,1692,053587,-1.75,-28.9157,21
84291,1693,053565,26.6797,-5.25,21
84356,1694,053608,-5.25,-26.7886,51
84384,1695,053680,-1.75,-32.9309,21
84534,1696,053787,5.25,28.844,21
84615,1697,053845,-29.8919,1.75,21
84708,1698,053853,-44.167,1.75,21
84780,1699,053879,-1.75,-22.8308,21
84794,1700,053944,1.75,28.8824,21
84843,1701,053926,-21.6369,1.75,21
84849,1702,053933,-27.4917,5.25,21
84850,1703,053928,-19.0532,1.75,21
84877,1704,054004,28.8944,-5.25,21
84923,1705,053950,-1.75,-28.1051,21
84931,1706,053965,-1.75,-30.3156,21
84949,1707,054046,-1.75,-36.3389,21
84953,1708,054050,-5.25,-28.7584,21
85032,1709,053942,-20.1539,1.75,21
85051,1710,054058,-1.75,-18.8413,21
85065,1711,054067,-5.25,-21.8732,51
85146,1712,054174,28.2171,-5.25,21
85266,1713,054212,25.0961,-1.75,21
85275,1714,054179,-28.3048,1.75,21
85380,1715,054327,-1.75,-33.7973,21
85408,1716,054296,-28.5558,1.75,21
85409,1717,054225,25.8285,-5.25,21
85410,1718,054270,38.4563,-1.75,51
85418,1719,054298,-22.5506,5.25,51
85506,1720,054403,1.75,33.5031,51
85574,1721,054451,40.9008,-1.75,21
85648,1722,054493,-1.75,-32.8281,21
85681,1723,054461,22.2651,-1.75,21
85704,1724,054523,-26.3024,1.75,21
85711,1725,054529,-28.9821,1.75,21
85713,1726,054532,-28.9911,5.25,21
85718,1727,054538,-29.3471,5.25,21
85730,1728,054550,-28.8793,5.25,21
85773,1729,054571,-5.25,-29.1941,21
85774,1730,054485,5.25,28.6783,21
85775,1731,054576,-5.25,-27.8962,21
85897,1732,054607,-5.25,-25.5586,21
86036,1733,054688,5.25,23.7686,21
86049,1734,054693,1.75,21.4091,51
86080,1735,054768,5.25,28.2589,21
86149,1736,054819,32.9175,-1.75,51
86197,1737,054841,-1.75,-35.0112,21
86199,1738,054843,-1.75,-29.4137,21
86241,1739,054656,-18.8414,1.75,21
86261,1740,054879,29.6311,-1.75,21
86270,1741,054803,-27.695,1.75,21
86333,1742,054922,1.75,30.9255,21
86348,1743,054938,1.75,35.0381,21
86390,1744,054914,-46.9937,1.75,21
86397,1745,054915,-29.5694,5.25,21
