0,100,39,16,0,
0,200,90,27,0,
0,300,128,41,0,
0,400,183,60,0,
0,500,227,73,0,
0,600,280,84,0,
0,700,329,94,0,
0,800,386,105,0,
0,900,441,117,0,
0,1000,482,131,0,
0,1100,530,146,0,
0,1200,575,155,0,
0,1300,627,167,0,
0,1400,669,179,0,
0,1500,719,188,0,
0,1600,775,198,0,
0,1700,821,212,0,
0,1800,882,221,0,
0,1900,929,233,0,
0,2000,980,247,0,
0,2100,1029,259,0,
0,2200,1074,278,0,
0,2300,1123,291,0,
0,2400,1169,300,0,
0,2500,1216,312,0,
0,2600,1258,322,0,
0,2700,1309,340,0,
0,2800,1355,352,0,
0,2900,1411,359,0,
0,3000,1468,380,0,
0,3100,1507,394,0,
0,3200,1565,407,0,
0,3300,1607,425,0,
0,3400,1658,438,0,
0,3500,1707,450,0,
0,3600,1754,464,0,
0,3700,1808,474,0,
0,3800,1856,483,0,
0,3900,1902,500,0,
0,4000,1948,513,0,
0,4100,1999,524,0,
0,4200,2045,538,0,
0,4300,2103,553,0,
0,4400,2154,567,0,
0,4500,2199,578,0,
0,4600,2258,587,0,
0,4700,2316,595,0,
0,4800,2365,609,0,
0,4900,2408,622,0,
0,5000,2457,633,0,
0,5100,2502,645,0,
0,5200,2552,657,0,
0,5300,2605,672,0,
0,5400,2652,684,0,
0,5500,2706,700,0,
0,5600,2750,714,0,
0,5700,2808,725,0,
0,5800,2862,734,0,
0,5900,2905,750,0,
0,6000,2961,764,0,
0,6100,3014,774,0,
0,6200,3068,787,0,
0,6300,3109,801,0,
0,6400,3166,814,0,
0,6500,3220,827,0,
0,6600,3269,844,0,
0,6700,3324,862,0,
0,6800,3372,876,0,
0,6900,3420,901,0,
0,7000,3462,918,0,
0,7100,3511,931,0,
0,7200,3563,943,0,
0,7300,3619,953,0,
0,7400,3662,975,0,
0,7500,3703,991,0,
0,7600,3756,1005,0,
0,7700,3800,1017,0,
0,7800,3845,1034,0,
0,7900,3888,1054,0,
0,8000,3928,1068,0,
0,8100,3987,1081,0,
0,8200,4035,1092,0,
0,8300,4091,1102,0,
0,8400,4139,1111,0,
0,8500,4197,1123,0,
0,8600,4257,1135,0,
0,8700,4298,1151,0,
0,8800,4351,1162,0,
0,8900,4402,1171,0,
0,9000,4451,1190,0,
0,9100,4495,1203,0,
0,9200,4552,1216,0,
0,9300,4604,1239,0,
0,9400,4656,1245,2,
0,9500,4707,1255,2,
0,9600,4757,1260,2,
0,9700,4806,1274,2,
0,9800,4849,1288,2,
0,9900,4900,1302,2,
0,10000,4953,1313,2,
0,10100,5007,1324,2,
0,10200,5066,1337,2,
0,10300,5105,1348,2,
0,10400,5156,1360,2,
0,10500,5193,1374,2,
0,10600,5256,1388,2,
0,10700,5303,1400,2,
0,10800,5355,1413,2,
0,10900,5406,1425,2,
0,11000,5464,1431,2,
0,11100,5516,1439,2,
0,11200,5558,1451,2,
0,11300,5615,1465,2,
0,11400,5671,1472,2,
0,11500,5729,1480,2,
0,11600,5779,1493,2,
0,11700,5818,1504,2,
0,11800,5858,1524,2,
0,11900,5895,1540,4,
0,12000,5945,1551,4,
0,12100,5996,1569,4,
0,12200,6040,1579,4,
0,12300,6095,1592,4,
0,12400,6139,1610,4,
0,12500,6198,1629,4,
0,12600,6243,1637,4,
0,12700,6294,1651,4,
0,12800,6344,1664,4,
0,12900,6395,1678,4,
0,13000,6450,1692,4,
0,13100,6497,1702,4,
0,13200,6559,1709,4,
0,13300,6600,1719,4,
0,13400,6658,1732,4,
0,13500,6714,1744,4,
0,13600,6765,1758,4,
0,13700,6815,1773,4,
0,13800,6850,1786,4,
0,13900,6901,1804,4,
0,14000,6947,1816,4,
0,14100,7002,1828,4,
0,14200,7054,1840,4,
0,14300,7104,1854,4,
0,14400,7157,1867,4,
0,14500,7202,1876,4,
0,14600,7266,1883,4,
0,14700,7316,1902,4,
0,14800,7365,1917,4,
0,14900,7421,1931,4,
0,15000,7474,1948,4,
0,15100,7526,1963,4,
0,15200,7579,1968,4,
0,15300,7630,1989,4,
0,15400,7683,2002,4,
0,15500,7738,2018,4,
0,15600,7789,2032,4,
0,15700,7835,2043,4,
0,15800,7895,2057,4,
0,15900,7944,2070,4,
0,16000,7992,2083,4,
0,16100,8035,2097,4,
0,16200,8086,2118,4,
0,16300,8137,2135,4,
0,16400,8185,2146,4,
0,16500,8237,2162,4,
0,16600,8284,2172,4,
0,16700,8337,2183,4,
0,16800,8387,2193,4,
0,16900,8441,2211,4,
0,17000,8499,2223,4,
0,17100,8549,2234,4,
0,17200,8597,2248,4,
0,17300,8646,2264,4,
0,17400,8695,2276,4,
0,17500,8744,2288,4,
0,17600,8797,2297,4,
0,17700,8852,2309,4,
0,17800,8906,2319,4,
0,17900,8962,2335,4,
0,18000,9007,2347,4,
0,18100,9070,2362,4,
0,18200,9112,2376,4,
0,18300,9170,2387,4,
0,18400,9213,2401,4,
0,18500,9261,2411,4,
0,18600,9312,2427,4,
0,18700,9356,2441,4,
0,18800,9402,2462,4,
0,18900,9446,2474,4,
0,19000,9500,2486,4,
0,19100,9556,2496,4,
0,19200,9607,2506,4,
0,19300,9654,2524,4,
0,19400,9707,2533,4,
0,19500,9766,2544,4,
0,19600,9812,2552,4,
0,19700,9867,2561,4,
0,19800,9919,2575,4,
0,19900,9974,2585,4,
0,20000,10030,2595,4,
0,20100,10074,2603,4,
0,20200,10133,2615,4,
0,20300,10178,2628,4,
0,20400,10237,2643,4,
0,20500,10289,2658,4,
0,20600,10334,2669,4,
0,20700,10382,2681,4,
0,20800,10436,2689,4,
0,20900,10493,2702,4,
0,21000,10551,2711,4,
0,21100,10610,2729,4,
0,21200,10666,2740,4,
0,21300,10714,2754,4,
0,21400,10770,2768,4,
0,21500,10807,2785,4,
0,21600,10869,2794,4,
0,21700,10914,2809,4,
0,21800,10967,2821,4,
0,21900,11019,2832,4,
0,22000,11073,2847,4,
0,22100,11126,2857,4,
0,22200,11174,2867,4,
0,22300,11230,2875,4,
0,22400,11273,2886,4,
0,22500,11326,2901,4,
0,22600,11376,2915,4,
0,22700,11419,2928,4,
0,22800,11476,2937,4,
0,22900,11531,2947,4,
0,23000,11580,2964,4,
0,23100,11631,2979,4,
0,23200,11686,2991,4,
0,23300,11741,3011,4,
0,23400,11785,3023,4,
0,23500,11837,3038,4,
0,23600,11883,3049,4,
0,23700,11931,3065,4,
0,23800,11976,3076,4,
0,23900,12030,3094,4,
0,24000,12082,3108,4,
0,24100,12140,3123,4,
0,24200,12199,3130,4,
0,24300,12250,3140,4,
0,24400,12299,3154,4,
0,24500,12342,3167,4,
0,24600,12390,3179,4,
0,24700,12442,3189,4,
0,24800,12484,3207,4,
0,24900,12544,3219,4,
0,25000,12583,3232,4,
0,25100,12643,3244,4,
0,25200,12696,3253,4,
0,25300,12740,3266,4,
0,25400,12790,3280,4,
0,25500,12832,3290,4,
0,25600,12884,3305,4,
0,25700,12930,3317,4,
0,25800,12985,3329,4,
0,25900,13033,3343,4,
0,26000,13085,3360,4,
0,26100,13131,3370,4,
0,26200,13176,3374,4,
0,26300,13231,3384,4,
0,26400,13276,3393,4,
0,26500,13325,3414,4,
0,26600,13371,3431,4,
0,26700,13424,3436,4,
0,26800,13474,3448,4,
0,26900,13523,3459,4,
0,27000,13578,3472,4,
0,27100,13625,3481,4,
0,27200,13670,3498,4,
0,27300,13729,3509,4,
0,27400,13780,3527,4,
0,27500,13835,3534,4,
0,27600,13893,3544,4,
0,27700,13943,3556,4,
0,27800,13986,3569,4,
0,27900,14037,3585,4,
0,28000,14083,3598,4,
0,28100,14132,3610,4,
0,28200,14179,3627,4,
0,28300,14223,3643,4,
0,28400,14276,3657,4,
0,28500,14328,3668,4,
0,28600,14391,3688,4,
0,28700,14441,3701,4,
0,28800,14497,3719,4,
0,28900,14555,3731,4,
0,29000,14612,3739,4,
0,29100,14666,3749,4,
0,29200,14713,3761,4,
0,29300,14762,3772,4,
0,29400,14808,3783,4,
0,29500,14862,3803,4,
0,29600,14914,3816,4,
0,29700,14958,3825,4,
0,29800,15014,3834,4,
0,29900,15066,3841,4,
0,30000,15109,3860,4,
0,30100,15154,3880,4,
0,30200,15215,3891,4,
0,30300,15265,3905,4,
0,30400,15313,3917,4,
0,30500,15359,3932,4,
0,30600,15401,3948,4,
0,30700,15445,3963,4,
0,30800,15492,3975,4,
0,30900,15539,3989,4,
0,31000,15591,4003,4,
0,31100,15632,4018,4,
0,31200,15692,4031,4,
0,31300,15739,4041,4,
0,31400,15788,4053,4,
0,31500,15832,4062,4,
0,31600,15881,4077,4,
0,31700,15931,4092,4,
0,31800,15975,4102,4,
0,31900,16028,4123,4,
0,32000,16079,4132,4,
0,32100,16131,4139,4,
0,32200,16172,4153,4,
0,32300,16222,4162,4,
0,32400,16273,4175,4,
0,32500,16330,4186,4,
0,32600,16385,4198,4,
0,32700,16428,4213,4,
0,32800,16490,4222,4,
0,32900,16537,4230,4,
0,33000,16588,4245,4,
0,33100,16644,4259,4,
0,33200,16690,4271,4,
0,33300,16734,4292,4,
0,33400,16784,4299,4,
0,33500,16837,4312,6,
0,33600,16886,4322,6,
0,33700,16941,4339,6,
0,33800,16993,4353,6,
0,33900,17040,4365,6,
0,34000,17094,4377,6,
0,34100,17147,4388,6,
0,34200,17192,4403,6,
0,34300,17250,4411,6,
0,34400,17312,4422,6,
0,34500,17366,4436,6,
0,34600,17411,4448,6,
0,34700,17460,4461,6,
0,34800,17500,4474,6,
0,34900,17556,4486,6,
0,35000,17607,4500,6,
0,35100,17664,4512,6,
0,35200,17709,4527,6,
0,35300,17755,4545,6,
0,35400,17797,4564,6,
0,35500,17849,4577,6,
0,35600,17908,4590,6,
0,35700,17951,4602,6,
0,35800,18005,4615,6,
0,35900,18061,4622,6,
0,36000,18111,4634,6,
0,36100,18158,4646,6,
0,36200,18204,4659,6,
0,36300,18258,4673,6,
0,36400,18312,4684,6,
0,36500,18367,4696,6,
0,36600,18427,4709,6,
0,36700,18476,4719,6,
0,36800,18535,4731,6,
0,36900,18587,4741,6,
0,37000,18642,4754,6,
0,37100,18692,4772,6,
0,37200,18753,4787,6,
0,37300,18808,4805,6,
0,37400,18854,4813,6,
0,37500,18900,4828,6,
0,37600,18942,4845,6,
0,37700,19009,4856,6,
0,37800,19060,4866,6,
0,37900,19110,4875,6,
0,38000,19160,4896,6,
0,38100,19213,4909,6,
0,38200,19258,4923,6,
0,38300,19305,4936,6,
0,38400,19364,4945,6,
0,38500,19403,4956,6,
0,38600,19456,4971,6,
0,38700,19506,4982,6,
0,38800,19550,5001,6,
0,38900,19598,5022,6,
0,39000,19641,5037,6,
0,39100,19694,5049,6,
0,39200,19738,5062,6,
0,39300,19791,5078,6,
0,39400,19838,5095,6,
0,39500,19891,5106,6,
0,39600,19938,5115,6,
0,39700,19985,5125,6,
0,39800,20045,5136,6,
0,39900,20088,5145,6,
0,40000,20134,5161,6,
0,40100,20189,5176,6,
0,40200,20225,5193,6,
0,40300,20279,5206,6,
0,40400,20319,5219,6,
0,40500,20369,5236,6,
0,40600,20411,5251,6,
0,40700,20469,5268,6,
0,40800,20522,5283,6,
0,40900,20565,5298,6,
0,41000,20620,5308,6,
0,41100,20669,5315,6,
0,41200,20721,5329,6,
0,41300,20769,5341,6,
0,41400,20823,5352,6,
0,41500,20872,5362,6,
0,41600,20917,5378,6,
0,41700,20962,5393,6,
0,41800,21005,5402,6,
0,41900,21070,5409,6,
0,42000,21115,5419,6,
0,42100,21171,5429,6,
0,42200,21219,5442,6,
0,42300,21268,5456,6,
0,42400,21318,5465,6,
0,42500,21366,5478,6,
0,42600,21422,5494,6,
0,42700,21471,5508,6,
0,42800,21521,5523,6,
0,42900,21572,5535,6,
0,43000,21624,5547,6,
0,43100,21671,5557,6,
0,43200,21723,5567,6,
0,43300,21774,5581,6,
0,43400,21821,5592,6,
0,43500,21874,5605,6,
0,43600,21931,5612,6,
0,43700,21980,5623,6,
0,43800,22025,5637,6,
0,43900,22067,5652,6,
0,44000,22114,5662,6,
0,44100,22162,5678,6,
0,44200,22220,5690,6,
0,44300,22275,5707,6,
0,44400,22323,5716,6,
0,44500,22380,5728,6,
0,44600,22434,5738,6,
0,44700,22488,5750,6,
0,44800,22543,5759,6,
0,44900,22597,5773,6,
0,45000,22660,5785,6,
0,45100,22710,5795,6,
0,45200,22762,5815,6,
0,45300,22808,5825,6,
0,45400,22869,5839,6,
0,45500,22910,5847,6,
0,45600,22970,5859,6,
0,45700,23027,5870,8,
0,45800,23075,5883,8,
0,45900,23118,5894,8,
0,46000,23161,5906,8,
0,46100,23217,5923,8,
0,46200,23261,5933,8,
0,46300,23318,5948,8,
0,46400,23372,5962,8,
0,46500,23408,5977,8,
0,46600,23466,5996,8,
0,46700,23517,6004,8,
0,46800,23576,6016,8,
0,46900,23614,6030,8,
0,47000,23672,6048,8,
0,47100,23726,6061,8,
0,47200,23774,6073,8,
0,47300,23825,6083,8,
0,47400,23879,6091,8,
0,47500,23942,6101,8,
0,47600,23992,6115,8,
0,47700,24046,6126,8,
0,47800,24097,6136,8,
0,47900,24144,6149,8,
0,48000,24195,6159,8,
0,48100,24238,6173,8,
0,48200,24294,6182,8,
0,48300,24334,6196,8,
0,48400,24401,6203,8,
0,48500,24453,6211,8,
0,48600,24503,6221,8,
0,48700,24562,6233,8,
0,48800,24603,6243,8,
0,48900,24652,6259,8,
0,49000,24702,6271,8,
0,49100,24763,6281,8,
0,49200,24818,6289,8,
0,49300,24881,6297,8,
0,49400,24943,6313,8,
0,49500,24999,6322,8,
0,49600,25051,6338,8,
0,49700,25093,6346,8,
0,49800,25151,6356,8,
0,49900,25211,6370,8,
0,50000,25256,6384,8,
0,50100,25305,6398,8,
0,50200,25348,6414,8,
0,50300,25406,6419,8,
0,50400,25459,6432,8,
0,50500,25505,6447,8,
0,50600,25550,6459,8,
0,50700,25590,6474,8,
0,50800,25636,6487,8,
0,50900,25676,6500,8,
0,51000,25724,6515,8,
0,51100,25777,6526,8,
0,51200,25827,6536,8,
0,51300,25877,6546,8,
0,51400,25928,6554,8,
0,51500,25983,6566,8,
0,51600,26030,6576,8,
0,51700,26083,6586,8,
0,51800,26131,6600,8,
0,51900,26187,6613,8,
0,52000,26235,6627,8,
0,52100,26287,6635,8,
0,52200,26333,6648,8,
0,52300,26388,6659,8,
0,52400,26444,6671,8,
0,52500,26484,6688,8,
0,52600,26532,6711,8,
0,52700,26587,6725,8,
0,52800,26639,6735,8,
0,52900,26695,6745,8,
0,53000,26745,6757,8,
0,53100,26798,6771,8,
0,53200,26847,6780,8,
0,53300,26903,6797,8,
0,53400,26955,6806,8,
0,53500,27006,6817,8,
0,53600,27063,6829,8,
0,53700,27109,6844,8,
0,53800,27160,6860,8,
0,53900,27208,6870,8,
0,54000,27259,6883,8,
0,54100,27305,6900,8,
0,54200,27350,6916,10,
0,54300,27395,6930,10,
0,54400,27436,6944,10,
0,54500,27490,6956,10,
0,54600,27538,6967,10,
0,54700,27581,6977,10,
0,54800,27635,6990,10,
0,54900,27687,7007,10,
0,55000,27739,7018,10,
0,55100,27786,7025,10,
0,55200,27834,7039,10,
0,55300,27888,7049,10,
0,55400,27938,7064,10,
0,55500,27995,7074,10,
0,55600,28047,7083,10,
0,55700,28097,7098,10,
0,55800,28137,7114,10,
0,55900,28186,7132,10,
0,56000,28236,7147,10,
0,56100,28294,7156,10,
0,56200,28347,7168,10,
0,56300,28407,7176,10,
0,56400,28457,7187,10,
0,56500,28496,7200,10,
0,56600,28542,7222,10,
0,56700,28596,7232,10,
0,56800,28648,7246,10,
0,56900,28702,7261,10,
0,57000,28750,7273,10,
0,57100,28797,7288,10,
0,57200,28845,7302,10,
0,57300,28893,7320,10,
0,57400,28947,7332,10,
0,57500,29006,7338,10,
0,57600,29065,7348,10,
0,57700,29115,7356,10,
0,57800,29168,7369,10,
0,57900,29216,7382,10,
0,58000,29270,7397,10,
0,58100,29320,7406,10,
0,58200,29378,7426,10,
0,58300,29425,7440,10,
0,58400,29473,7451,10,
0,58500,29533,7459,10,
0,58600,29576,7468,10,
0,58700,29628,7486,10,
0,58800,29676,7498,10,
0,58900,29735,7506,10,
0,59000,29788,7517,10,
0,59100,29831,7527,10,
0,59200,29889,7536,10,
0,59300,29939,7552,10,
0,59400,29985,7568,10,
0,59500,30029,7583,10,
0,59600,30089,7600,10,
0,59700,30145,7609,10,
0,59800,30191,7621,10,
0,59900,30238,7629,10,
0,60000,30286,7636,10,
0,60100,30335,7654,10,
0,60200,30379,7662,10,
0,60300,30439,7668,10,
0,60400,30489,7686,10,
0,60500,30539,7706,10,
0,60600,30589,7721,10,
0,60700,30631,7736,10,
0,60800,30675,7755,10,
0,60900,30720,7765,10,
0,61000,30767,7780,10,
0,61100,30817,7793,10,
0,61200,30866,7799,10,
0,61300,30911,7815,10,
0,61400,30968,7826,10,
0,61500,31016,7838,10,
0,61600,31066,7852,10,
0,61700,31109,7867,10,
0,61800,31157,7878,10,
0,61900,31200,7895,10,
0,62000,31251,7914,10,
0,62100,31302,7927,10,
0,62200,31357,7941,10,
0,62300,31416,7947,10,
0,62400,31467,7956,10,
0,62500,31517,7972,10,
0,62600,31571,7990,10,
0,62700,31620,8002,10,
0,62800,31662,8011,10,
0,62900,31703,8028,10,
0,63000,31746,8037,10,
0,63100,31799,8047,10,
0,63200,31854,8056,10,
0,63300,31905,8074,10,
0,63400,31957,8085,10,
0,63500,32002,8100,10,
0,63600,32056,8114,10,
0,63700,32099,8124,10,
0,63800,32163,8134,10,
0,63900,32207,8155,10,
0,64000,32259,8169,10,
0,64100,32321,8179,10,
0,64200,32376,8186,10,
0,64300,32433,8195,10,
0,64400,32471,8209,10,
0,64500,32524,8223,10,
0,64600,32569,8240,10,
0,64700,32614,8246,10,
0,64800,32662,8256,10,
0,64900,32710,8267,10,
0,65000,32758,8280,10,
0,65100,32803,8292,10,
0,65200,32850,8309,10,
0,65300,32898,8321,10,
0,65400,32944,8330,10,
0,65500,32999,8345,10,
0,65600,33039,8363,10,
0,65700,33089,8374,10,
0,65800,33142,8382,10,
0,65900,33194,8393,10,
0,66000,33250,8403,10,
0,66100,33290,8419,10,
0,66200,33345,8426,10,
0,66300,33397,8445,10,
0,66400,33444,8458,10,
0,66500,33483,8469,10,
0,66600,33538,8477,10,
0,66700,33577,8497,10,
0,66800,33621,8507,10,
0,66900,33668,8518,10,
0,67000,33710,8534,10,
0,67100,33762,8545,10,
0,67200,33810,8556,10,
0,67300,33868,8569,10,
0,67400,33919,8582,10,
0,67500,33973,8592,10,
0,67600,34028,8606,10,
0,67700,34079,8616,10,
0,67800,34130,8629,10,
0,67900,34185,8642,10,
0,68000,34249,8650,10,
0,68100,34312,8660,10,
0,68200,34364,8670,10,
0,68300,34419,8685,10,
0,68400,34465,8699,10,
0,68500,34519,8712,10,
0,68600,34563,8725,10,
0,68700,34612,8740,10,
0,68800,34666,8751,10,
0,68900,34709,8761,10,
0,69000,34766,8782,10,
0,69100,34809,8792,10,
0,69200,34868,8804,10,
0,69300,34911,8813,10,
0,69400,34980,8828,10,
0,69500,35036,8841,10,
0,69600,35080,8854,10,
0,69700,35125,8868,10,
0,69800,35167,8884,10,
0,69900,35224,8898,10,
0,70000,35276,8907,10,
0,70100,35324,8922,10,
0,70200,35370,8937,10,
0,70300,35418,8946,10,
0,70400,35475,8956,10,
0,70500,35513,8969,10,
0,70600,35565,8981,10,
0,70700,35613,8994,10,
0,70800,35666,9004,10,
0,70900,35721,9013,10,
0,71000,35763,9022,10,
0,71100,35814,9042,10,
0,71200,35857,9056,10,
0,71300,35914,9073,14,
0,71400,35963,9086,14,
0,71500,36023,9096,14,
0,71600,36074,9107,14,
0,71700,36122,9116,14,
0,71800,36180,9128,14,
0,71900,36229,9140,14,
0,72000,36284,9152,14,
0,72100,36329,9159,14,
0,72200,36375,9170,14,
0,72300,36422,9184,14,
0,72400,36478,9194,14,
0,72500,36529,9207,14,
0,72600,36573,9220,14,
0,72700,36637,9235,14,
0,72800,36685,9243,14,
0,72900,36741,9253,14,
0,73000,36792,9267,14,
0,73100,36832,9279,17,
0,73200,36883,9299,17,
0,73300,36934,9308,17,
0,73400,36981,9318,17,
0,73500,37038,9329,17,
0,73600,37092,9339,17,
0,73700,37139,9351,17,
0,73800,37189,9359,17,
0,73900,37251,9371,17,
0,74000,37290,9387,17,
0,74100,37338,9406,17,
0,74200,37381,9413,17,
0,74300,37427,9428,17,
0,74400,37468,9449,17,
0,74500,37518,9460,17,
0,74600,37572,9478,17,
0,74700,37619,9488,17,
0,74800,37669,9505,17,
0,74900,37710,9517,17,
0,75000,37770,9528,17,
0,75100,37833,9538,17,
0,75200,37880,9550,17,
0,75300,37933,9562,17,
0,75400,37973,9574,17,
0,75500,38028,9592,17,
0,75600,38077,9603,17,
0,75700,38138,9621,17,
0,75800,38191,9634,17,
0,75900,38241,9647,17,
0,76000,38284,9665,17,
0,76100,38323,9682,17,
0,76200,38379,9691,17,
0,76300,38433,9701,17,
0,76400,38487,9724,17,
0,76500,38541,9742,17,
0,76600,38583,9759,17,
0,76700,38632,9775,17,
0,76800,38684,9787,17,
0,76900,38738,9803,17,
0,77000,38786,9813,17,
0,77100,38839,9826,17,
0,77200,38881,9838,17,
0,77300,38929,9844,17,
0,77400,38983,9855,17,
0,77500,39029,9873,17,
0,77600,39081,9887,17,
0,77700,39127,9894,17,
0,77800,39183,9906,17,
0,77900,39232,9920,17,
0,78000,39283,9934,17,
0,78100,39330,9946,17,
0,78200,39367,9956,17,
0,78300,39428,9973,17,
0,78400,39476,9985,17,
0,78500,39534,9993,17,
0,78600,39597,10010,17,
0,78700,39649,10020,17,
0,78800,39697,10038,17,
0,78900,39747,10046,17,
0,79000,39799,10064,17,
0,79100,39847,10075,17,
0,79200,39905,10092,17,
0,79300,39958,10105,17,
0,79400,40004,10116,17,
0,79500,40060,10126,17,
0,79600,40110,10143,17,
0,79700,40156,10159,17,
0,79800,40195,10178,17,
0,79900,40246,10189,17,
0,80000,40299,10202,17,
0,80100,40352,10217,17,
0,80200,40405,10226,17,
0,80300,40451,10239,17,
0,80400,40497,10256,17,
0,80500,40542,10269,17,
0,80600,40597,10280,17,
0,80700,40649,10292,17,
0,80800,40705,10303,17,
0,80900,40755,10318,17,
0,81000,40799,10330,17,
0,81100,40851,10341,17,
0,81200,40896,10352,17,
0,81300,40944,10366,17,
0,81400,40993,10380,17,
0,81500,41046,10388,17,
0,81600,41099,10406,17,
0,81700,41151,10415,17,
0,81800,41203,10427,17,
0,81900,41249,10440,17,
0,82000,41307,10452,17,
0,82100,41363,10465,17,
0,82200,41413,10479,17,
0,82300,41455,10493,17,
0,82400,41497,10502,17,
0,82500,41555,10513,17,
0,82600,41603,10522,17,
0,82700,41658,10536,19,
0,82800,41709,10547,19,
0,82900,41754,10557,19,
0,83000,41807,10573,19,
0,83100,41860,10581,19,
0,83200,41912,10595,19,
0,83300,41951,10602,22,
0,83400,42007,10614,22,
0,83500,42063,10627,22,
0,83600,42106,10638,22,
0,83700,42154,10653,22,
0,83800,42198,10671,22,
0,83900,42251,10682,22,
0,84000,42292,10691,22,
0,84100,42345,10706,22,
0,84200,42395,10721,22,
0,84300,42436,10733,22,
0,84400,42495,10745,22,
0,84500,42540,10750,22,
0,84600,42592,10771,22,
0,84700,42641,10782,22,
0,84800,42690,10803,22,
0,84900,42744,10819,22,
0,85000,42795,10830,22,
0,85100,42846,10846,22,
0,85200,42889,10859,22,
0,85300,42943,10873,22,
0,85400,42993,10881,22,
0,85500,43046,10893,22,
0,85600,43098,10906,22,
0,85700,43145,10920,22,
0,85800,43191,10941,22,
0,85900,43239,10959,22,
0,86000,43302,10974,22,
0,86100,43350,10982,22,
0,86200,43403,10996,22,
0,86300,43456,11004,22,
0,86400,43503,11021,22,
