0,100,45,11,2,
0,200,98,31,2,
0,300,156,41,4,
0,400,208,54,4,
0,500,251,66,4,
0,600,296,83,4,
0,700,336,95,4,
0,800,389,111,6,
0,900,446,121,6,
0,1000,498,135,6,
0,1100,546,151,6,
0,1200,592,167,6,
0,1300,640,179,6,
0,1400,694,190,6,
0,1500,745,205,6,
0,1600,797,220,6,
0,1700,848,233,6,
0,1800,892,247,6,
0,1900,938,263,6,
0,2000,991,275,6,
0,2100,1036,289,6,
0,2200,1092,302,6,
0,2300,1150,316,6,
0,2400,1202,329,6,
0,2500,1243,341,8,
0,2600,1288,352,8,
0,2700,1342,364,8,
0,2800,1400,376,8,
0,2900,1456,389,8,
0,3000,1515,395,8,
0,3100,1563,409,8,
0,3200,1612,423,8,
0,3300,1662,436,8,
0,3400,1712,447,8,
0,3500,1755,456,8,
0,3600,1814,473,8,
0,3700,1865,483,8,
0,3800,1915,490,8,
0,3900,1976,500,8,
0,4000,2020,513,8,
0,4100,2077,527,8,
0,4200,2120,544,8,
0,4300,2176,554,8,
0,4400,2226,569,8,
0,4500,2270,584,8,
0,4600,2321,599,8,
0,4700,2370,608,8,
0,4800,2422,619,8,
0,4900,2478,631,8,
0,5000,2533,648,8,
0,5100,2576,666,8,
0,5200,2630,678,8,
0,5300,2689,688,8,
0,5400,2729,703,8,
0,5500,2789,716,8,
0,5600,2836,723,8,
0,5700,2881,739,8,
0,5800,2929,752,8,
0,5900,2968,768,8,
0,6000,3028,783,8,
0,6100,3086,793,8,
0,6200,3136,808,8,
0,6300,3194,818,8,
0,6400,3241,835,8,
0,6500,3291,846,8,
0,6600,3341,855,8,
0,6700,3394,868,8,
0,6800,3439,880,8,
0,6900,3490,896,8,
0,7000,3537,907,8,
0,7100,3585,924,8,
0,7200,3631,935,8,
0,7300,3673,946,8,
0,7400,3725,956,8,
0,7500,3773,972,8,
0,7600,3834,981,8,
0,7700,3881,988,8,
0,7800,3932,1010,8,
0,7900,3989,1020,8,
0,8000,4036,1033,8,
0,8100,4102,1043,8,
0,8200,4147,1051,8,
0,8300,4201,1068,8,
0,8400,4245,1079,8,
0,8500,4293,1101,8,
0,8600,4340,1115,8,
0,8700,4391,1124,8,
0,8800,4447,1136,8,
0,8900,4493,1146,8,
0,9000,4543,1156,8,
0,9100,4590,1170,8,
0,9200,4648,1180,8,
0,9300,4699,1188,8,
0,9400,4748,1199,8,
0,9500,4796,1211,8,
0,9600,4837,1225,8,
0,9700,4889,1237,8,
0,9800,4945,1243,8,
0,9900,5008,1257,8,
0,10000,5061,1268,8,
0,10100,5097,1284,8,
0,10200,5153,1295,8,
0,10300,5197,1311,8,
0,10400,5245,1325,8,
0,10500,5300,1334,8,
0,10600,5356,1340,8,
0,10700,5406,1357,8,
0,10800,5457,1367,8,
0,10900,5508,1381,8,
0,11000,5549,1396,8,
0,11100,5604,1410,8,
0,11200,5655,1421,8,
0,11300,5716,1427,8,
0,11400,5762,1443,8,
0,11500,5812,1459,11,
0,11600,5864,1471,11,
0,11700,5907,1484,11,
0,11800,5961,1503,11,
0,11900,6006,1516,11,
0,12000,6057,1531,11,
0,12100,6109,1541,11,
0,12200,6149,1554,11,
0,12300,6204,1572,11,
0,12400,6243,1583,11,
0,12500,6304,1599,11,
0,12600,6357,1608,11,
0,12700,6414,1621,11,
0,12800,6463,1636,11,
0,12900,6513,1650,11,
0,13000,6567,1667,11,
0,13100,6611,1685,11,
0,13200,6657,1699,11,
0,13300,6710,1710,11,
0,13400,6760,1722,11,
0,13500,6814,1736,11,
0,13600,6865,1747,11,
0,13700,6910,1757,11,
0,13800,6961,1773,11,
0,13900,7017,1783,11,
0,14000,7065,1795,11,
0,14100,7119,1812,11,
0,14200,7172,1828,11,
0,14300,7218,1842,11,
0,14400,7268,1856,11,
0,14500,7321,1868,13,
0,14600,7368,1879,13,
0,14700,7420,1888,13,
0,14800,7471,1904,13,
0,14900,7523,1916,13,
0,15000,7574,1928,13,
0,15100,7624,1939,13,
0,15200,7678,1951,13,
0,15300,7740,1963,13,
0,15400,7782,1970,13,
0,15500,7836,1982,13,
0,15600,7880,1999,13,
0,15700,7932,2006,13,
0,15800,7980,2018,13,
0,15900,8036,2028,13,
0,16000,8093,2037,15,
0,16100,8143,2046,15,
0,16200,8200,2055,15,
0,16300,8250,2062,15,
0,16400,8291,2075,15,
0,16500,8345,2088,15,
0,16600,8389,2104,15,
0,16700,8451,2117,15,
0,16800,8501,2127,17,
0,16900,8558,2141,17,
0,17000,8605,2160,17,
0,17100,8651,2174,17,
0,17200,8699,2192,17,
0,17300,8762,2197,17,
0,17400,8816,2211,17,
0,17500,8857,2223,17,
0,17600,8908,2238,17,
0,17700,8953,2255,17,
0,17800,9004,2268,17,
0,17900,9059,2278,17,
0,18000,9115,2292,17,
0,18100,9160,2306,17,
0,18200,9209,2312,17,
0,18300,9264,2331,17,
0,18400,9320,2344,17,
0,18500,9370,2357,17,
0,18600,9423,2368,17,
0,18700,9469,2382,19,
0,18800,9523,2397,19,
0,18900,9576,2402,19,
0,19000,9637,2418,19,
0,19100,9683,2430,19,
0,19200,9730,2447,19,
0,19300,9783,2464,19,
0,19400,9831,2476,19,
0,19500,9891,2487,19,
0,19600,9937,2503,19,
0,19700,9979,2514,19,
0,19800,10026,2533,19,
0,19900,10080,2542,19,
0,20000,10131,2554,19,
0,20100,10176,2565,19,
0,20200,10224,2573,21,
0,20300,10270,2584,21,
0,20400,10323,2598,21,
0,20500,10377,2602,21,
0,20600,10420,2618,21,
0,20700,10472,2638,21,
0,20800,10527,2647,21,
0,20900,10583,2656,21,
0,21000,10631,2667,21,
0,21100,10685,2683,21,
0,21200,10736,2691,24,
0,21300,10790,2707,24,
0,21400,10841,2724,24,
0,21500,10886,2733,24,
0,21600,10945,2745,24,
0,21700,10992,2756,24,
0,21800,11046,2764,24,
0,21900,11103,2771,24,
0,22000,11160,2779,24,
0,22100,11210,2788,24,
0,22200,11263,2802,24,
0,22300,11326,2812,24,
0,22400,11369,2821,26,
0,22500,11427,2838,26,
0,22600,11477,2853,26,
0,22700,11524,2866,26,
0,22800,11567,2879,26,
0,22900,11615,2890,26,
0,23000,11662,2905,26,
0,23100,11715,2916,26,
0,23200,11782,2931,26,
0,23300,11830,2942,26,
0,23400,11878,2960,26,
0,23500,11931,2972,26,
0,23600,11977,2981,26,
0,23700,12029,2992,26,
0,23800,12077,3003,26,
0,23900,12131,3017,26,
0,24000,12185,3028,26,
0,24100,12243,3042,26,
0,24200,12298,3055,26,
0,24300,12344,3072,26,
0,24400,12390,3092,26,
0,24500,12441,3104,26,
0,24600,12490,3115,26,
0,24700,12535,3128,26,
0,24800,12583,3139,26,
0,24900,12630,3153,26,
0,25000,12673,3167,26,
0,25100,12726,3181,26,
0,25200,12767,3195,26,
0,25300,12815,3211,26,
0,25400,12864,3224,26,
0,25500,12905,3243,26,
0,25600,12960,3251,26,
0,25700,12999,3265,26,
0,25800,13051,3281,26,
0,25900,13107,3291,26,
0,26000,13165,3299,26,
0,26100,13216,3312,26,
0,26200,13267,3322,28,
0,26300,13317,3338,28,
0,26400,13360,3347,32,
0,26500,13416,3358,32,
0,26600,13455,3372,32,
0,26700,13502,3386,32,
0,26800,13552,3403,32,
0,26900,13589,3416,32,
0,27000,13636,3436,32,
0,27100,13685,3449,32,
0,27200,13733,3460,32,
0,27300,13776,3469,32,
0,27400,13836,3475,32,
0,27500,13890,3486,32,
0,27600,13928,3501,32,
0,27700,13977,3514,32,
0,27800,14032,3523,32,
0,27900,14083,3536,32,
0,28000,14138,3550,32,
0,28100,14192,3567,32,
0,28200,14237,3586,32,
0,28300,14293,3603,32,
0,28400,14333,3619,32,
0,28500,14381,3631,32,
0,28600,14429,3643,32,
0,28700,14473,3661,32,
0,28800,14528,3675,32,
0,28900,14586,3685,32,
0,29000,14638,3696,32,
0,29100,14700,3710,32,
0,29200,14746,3724,32,
0,29300,14799,3739,32,
0,29400,14838,3754,32,
0,29500,14893,3769,32,
0,29600,14948,3785,32,
0,29700,14992,3792,32,
0,29800,15047,3801,32,
0,29900,15088,3813,32,
0,30000,15155,3823,32,
0,30100,15203,3831,32,
0,30200,15260,3847,32,
0,30300,15307,3861,32,
0,30400,15355,3873,32,
0,30500,15408,3888,32,
0,30600,15451,3903,32,
0,30700,15511,3913,32,
0,30800,15561,3926,32,
0,30900,15606,3938,32,
0,31000,15671,3949,32,
0,31100,15721,3955,32,
0,31200,15778,3964,32,
0,31300,15822,3983,32,
0,31400,15876,4000,32,
0,31500,15925,4006,32,
0,31600,15972,4016,32,
0,31700,16029,4027,32,
0,31800,16075,4039,32,
0,31900,16125,4052,32,
0,32000,16170,4063,32,
0,32100,16228,4075,32,
0,32200,16274,4088,32,
0,32300,16332,4098,34,
0,32400,16383,4109,34,
0,32500,16424,4125,34,
0,32600,16478,4134,34,
0,32700,16525,4142,34,
0,32800,16576,4154,34,
0,32900,16626,4168,34,
0,33000,16677,4184,34,
0,33100,16719,4197,34,
0,33200,16761,4209,34,
0,33300,16815,4218,34,
0,33400,16860,4224,34,
0,33500,16914,4237,34,
0,33600,16960,4249,34,
0,33700,17021,4261,34,
0,33800,17066,4273,34,
0,33900,17110,4282,34,
0,34000,17162,4295,34,
0,34100,17215,4305,34,
0,34200,17271,4317,36,
0,34300,17317,4326,36,
0,34400,17380,4333,36,
0,34500,17438,4345,36,
0,34600,17492,4362,36,
0,34700,17553,4376,36,
0,34800,17599,4384,36,
0,34900,17654,4397,38,
0,35000,17701,4403,38,
0,35100,17755,4416,38,
0,35200,17799,4430,38,
0,35300,17848,4439,38,
0,35400,17892,4454,38,
0,35500,17942,4469,38,
0,35600,17994,4482,38,
0,35700,18042,4500,38,
0,35800,18088,4522,38,
0,35900,18139,4536,38,
0,36000,18183,4550,38,
0,36100,18240,4559,38,
0,36200,18283,4573,38,
0,36300,18330,4588,38,
0,36400,18371,4597,40,
0,36500,18431,4605,40,
0,36600,18489,4616,40,
0,36700,18534,4628,40,
0,36800,18584,4639,40,
0,36900,18629,4650,40,
0,37000,18686,4666,40,
0,37100,18732,4677,40,
0,37200,18783,4686,40,
0,37300,18826,4701,40,
0,37400,18869,4715,40,
0,37500,18923,4730,40,
0,37600,18968,4742,40,
0,37700,19019,4756,40,
0,37800,19058,4772,40,
0,37900,19116,4785,40,
0,38000,19173,4797,40,
0,38100,19223,4817,40,
0,38200,19271,4828,40,
0,38300,19315,4842,40,
0,38400,19369,4858,40,
0,38500,19423,4869,40,
0,38600,19482,4884,42,
0,38700,19533,4899,42,
0,38800,19573,4909,42,
0,38900,19629,4921,44,
0,39000,19675,4930,44,
0,39100,19723,4942,44,
0,39200,19773,4952,44,
0,39300,19835,4961,44,
0,39400,19893,4973,44,
0,39500,19939,4987,44,
0,39600,19995,4998,44,
0,39700,20045,5009,44,
0,39800,20091,5024,44,
0,39900,20144,5032,44,
0,40000,20202,5049,44,
0,40100,20260,5067,44,
0,40200,20306,5080,44,
0,40300,20358,5096,44,
0,40400,20408,5105,44,
0,40500,20457,5123,44,
0,40600,20506,5132,44,
0,40700,20562,5142,44,
0,40800,20618,5151,44,
0,40900,20668,5158,44,
0,41000,20721,5174,44,
0,41100,20772,5186,44,
0,41200,20833,5197,44,
0,41300,20886,5208,44,
0,41400,20946,5223,44,
0,41500,20995,5235,44,
0,41600,21049,5245,44,
0,41700,21105,5256,44,
0,41800,21140,5268,44,
0,41900,21196,5278,44,
0,42000,21253,5290,44,
0,42100,21307,5299,44,
0,42200,21365,5308,44,
0,42300,21416,5321,44,
0,42400,21468,5333,44,
0,42500,21516,5343,44,
0,42600,21570,5365,44,
0,42700,21619,5376,44,
0,42800,21673,5390,46,
0,42900,21725,5403,47,
0,43000,21783,5414,47,
0,43100,21832,5429,47,
0,43200,21877,5437,47,
0,43300,21927,5450,47,
0,43400,21972,5460,47,
0,43500,22031,5473,47,
0,43600,22084,5482,47,
0,43700,22124,5496,47,
0,43800,22178,5508,47,
0,43900,22218,5519,47,
0,44000,22279,5536,47,
0,44100,22340,5548,47,
0,44200,22391,5563,47,
0,44300,22432,5580,47,
0,44400,22480,5596,47,
0,44500,22532,5606,47,
0,44600,22583,5614,47,
0,44700,22636,5629,47,
0,44800,22689,5639,47,
0,44900,22753,5647,50,
0,45000,22805,5657,50,
0,45100,22852,5670,50,
0,45200,22905,5687,50,
0,45300,22942,5702,50,
0,45400,22996,5715,50,
0,45500,23051,5723,50,
0,45600,23103,5737,50,
0,45700,23159,5747,50,
0,45800,23217,5758,50,
0,45900,23273,5766,50,
0,46000,23327,5772,50,
0,46100,23371,5785,50,
0,46200,23424,5793,50,
0,46300,23473,5812,50,
0,46400,23526,5826,50,
0,46500,23559,5842,54,
0,46600,23626,5855,54,
0,46700,23673,5867,54,
0,46800,23718,5882,54,
0,46900,23764,5900,54,
0,47000,23820,5913,54,
0,47100,23873,5929,54,
0,47200,23918,5938,54,
0,47300,23977,5953,54,
0,47400,24031,5965,54,
0,47500,24079,5978,54,
0,47600,24126,5993,54,
0,47700,24179,6002,54,
0,47800,24231,6015,54,
0,47900,24276,6027,54,
0,48000,24323,6042,54,
0,48100,24376,6050,54,
0,48200,24424,6068,54,
0,48300,24473,6074,54,
0,48400,24526,6087,54,
0,48500,24579,6100,54,
0,48600,24623,6116,54,
0,48700,24682,6128,54,
0,48800,24734,6135,54,
0,48900,24787,6151,54,
0,49000,24849,6164,54,
0,49100,24905,6180,54,
0,49200,24952,6190,54,
0,49300,25006,6208,54,
0,49400,25065,6219,54,
0,49500,25122,6229,54,
0,49600,25170,6242,54,
0,49700,25217,6260,54,
0,49800,25267,6283,54,
0,49900,25316,6303,54,
0,50000,25363,6314,54,
0,50100,25417,6329,54,
0,50200,25461,6344,54,
0,50300,25516,6358,54,
0,50400,25557,6368,54,
0,50500,25601,6385,54,
0,50600,25658,6399,54,
0,50700,25692,6418,54,
0,50800,25744,6434,54,
0,50900,25794,6443,54,
0,51000,25857,6455,54,
0,51100,25900,6467,54,
0,51200,25953,6481,54,
0,51300,26008,6493,56,
0,51400,26051,6510,56,
0,51500,26100,6523,56,
0,51600,26143,6534,56,
0,51700,26195,6550,56,
0,51800,26237,6561,56,
0,51900,26287,6573,56,
0,52000,26337,6585,56,
0,52100,26377,6599,56,
0,52200,26435,6608,56,
0,52300,26483,6620,56,
0,52400,26540,6633,56,
0,52500,26590,6641,56,
0,52600,26641,6654,56,
0,52700,26696,6668,56,
0,52800,26744,6678,56,
0,52900,26783,6702,56,
0,53000,26836,6712,56,
0,53100,26887,6727,56,
0,53200,26925,6745,58,
0,53300,26987,6761,58,
0,53400,27047,6775,58,
0,53500,27090,6788,58,
0,53600,27143,6801,58,
0,53700,27188,6817,58,
0,53800,27240,6828,58,
0,53900,27281,6848,58,
0,54000,27333,6866,58,
0,54100,27386,6879,58,
0,54200,27443,6887,58,
0,54300,27496,6897,58,
0,54400,27541,6908,58,
0,54500,27594,6919,58,
0,54600,27637,6935,58,
0,54700,27682,6954,58,
0,54800,27738,6963,58,
0,54900,27796,6976,58,
0,55000,27847,6989,60,
0,55100,27891,7001,60,
0,55200,27945,7011,60,
0,55300,28004,7020,60,
0,55400,28070,7031,60,
0,55500,28121,7047,60,
0,55600,28169,7060,60,
0,55700,28223,7073,60,
0,55800,28268,7083,60,
0,55900,28320,7094,60,
0,56000,28369,7109,60,
0,56100,28419,7129,60,
0,56200,28476,7148,60,
0,56300,28524,7159,60,
0,56400,28569,7179,60,
0,56500,28615,7193,60,
0,56600,28670,7213,60,
0,56700,28721,7228,60,
0,56800,28785,7238,60,
0,56900,28841,7248,60,
0,57000,28896,7261,60,
0,57100,28943,7269,63,
0,57200,28987,7277,63,
0,57300,29042,7292,63,
0,57400,29091,7301,63,
0,57500,29148,7310,63,
0,57600,29202,7323,63,
0,57700,29250,7332,63,
0,57800,29301,7342,66,
0,57900,29338,7357,66,
0,58000,29397,7369,66,
0,58100,29439,7382,66,
0,58200,29504,7395,66,
0,58300,29561,7409,66,
0,58400,29600,7424,66,
0,58500,29655,7439,66,
0,58600,29698,7447,66,
0,58700,29753,7467,66,
0,58800,29797,7478,66,
0,58900,29851,7488,66,
0,59000,29906,7503,66,
0,59100,29947,7519,66,
0,59200,29997,7533,66,
0,59300,30035,7548,66,
0,59400,30088,7567,66,
0,59500,30139,7579,66,
0,59600,30189,7592,68,
0,59700,30238,7601,68,
0,59800,30291,7616,68,
0,59900,30339,7629,68,
0,60000,30390,7637,68,
0,60100,30445,7648,68,
0,60200,30492,7661,68,
0,60300,30541,7673,68,
0,60400,30591,7685,68,
0,60500,30636,7699,68,
0,60600,30695,7712,68,
0,60700,30743,7720,68,
0,60800,30803,7740,68,
0,60900,30855,7748,68,
0,61000,30905,7766,68,
0,61100,30954,7779,68,
0,61200,30998,7790,68,
0,61300,31052,7808,68,
0,61400,31102,7814,68,
0,61500,31152,7827,68,
0,61600,31199,7839,68,
0,61700,31248,7850,68,
0,61800,31302,7864,68,
0,61900,31340,7876,70,
0,62000,31400,7886,70,
0,62100,31448,7899,70,
0,62200,31503,7909,70,
0,62300,31556,7920,70,
0,62400,31622,7930,70,
0,62500,31680,7941,70,
0,62600,31723,7956,70,
0,62700,31778,7971,70,
0,62800,31827,7978,70,
0,62900,31882,7991,70,
0,63000,31927,8001,70,
0,63100,31982,8014,70,
0,63200,32029,8027,70,
0,63300,32074,8036,70,
0,63400,32124,8050,72,
0,63500,32173,8058,72,
0,63600,32216,8073,72,
0,63700,32258,8089,72,
0,63800,32316,8098,72,
0,63900,32367,8111,72,
0,64000,32413,8123,72,
0,64100,32459,8138,72,
0,64200,32512,8147,72,
0,64300,32567,8161,72,
0,64400,32615,8172,72,
0,64500,32659,8186,72,
0,64600,32713,8203,72,
0,64700,32753,8215,74,
0,64800,32811,8227,74,
0,64900,32863,8237,74,
0,65000,32916,8248,74,
0,65100,32964,8261,74,
0,65200,33020,8273,74,
0,65300,33081,8279,74,
0,65400,33127,8291,74,
0,65500,33181,8305,74,
0,65600,33225,8319,74,
0,65700,33278,8335,74,
0,65800,33325,8350,74,
0,65900,33377,8367,74,
0,66000,33428,8378,74,
0,66100,33467,8394,74,
0,66200,33525,8405,74,
0,66300,33564,8424,74,
0,66400,33624,8436,74,
0,66500,33671,8450,74,
0,66600,33727,8462,74,
0,66700,33778,8471,74,
0,66800,33830,8477,74,
0,66900,33892,8490,74,
0,67000,33944,8502,74,
0,67100,34003,8515,74,
0,67200,34051,8527,74,
0,67300,34098,8544,74,
0,67400,34155,8559,74,
0,67500,34201,8572,77,
0,67600,34253,8588,77,
0,67700,34306,8599,77,
0,67800,34375,8610,77,
0,67900,34431,8622,77,
0,68000,34496,8629,77,
0,68100,34548,8640,77,
0,68200,34594,8655,77,
0,68300,34638,8673,77,
0,68400,34695,8686,77,
0,68500,34741,8702,77,
0,68600,34782,8715,77,
0,68700,34830,8737,77,
0,68800,34874,8751,77,
0,68900,34925,8763,77,
0,69000,34980,8774,77,
0,69100,35029,8784,77,
0,69200,35078,8793,77,
0,69300,35134,8799,77,
0,69400,35191,8808,77,
0,69500,35238,8823,77,
0,69600,35276,8834,80,
0,69700,35327,8841,80,
0,69800,35369,8856,80,
0,69900,35421,8872,80,
0,70000,35466,8887,80,
0,70100,35514,8893,80,
0,70200,35568,8904,80,
0,70300,35606,8922,80,
0,70400,35661,8929,80,
0,70500,35717,8939,80,
0,70600,35767,8950,80,
0,70700,35817,8959,80,
0,70800,35873,8973,82,
0,70900,35923,8988,82,
0,71000,35973,9003,82,
0,71100,36019,9018,82,
0,71200,36064,9032,82,
0,71300,36115,9049,82,
0,71400,36161,9058,82,
0,71500,36226,9069,82,
0,71600,36290,9079,82,
0,71700,36331,9094,82,
0,71800,36386,9103,82,
0,71900,36435,9117,82,
0,72000,36492,9132,82,
0,72100,36540,9145,82,
0,72200,36598,9161,82,
0,72300,36645,9178,82,
0,72400,36688,9191,82,
0,72500,36745,9201,82,
0,72600,36791,9210,82,
0,72700,36851,9222,82,
0,72800,36902,9234,82,
0,72900,36947,9248,82,
0,73000,37012,9263,82,
0,73100,37064,9277,82,
0,73200,37113,9288,82,
0,73300,37167,9298,82,
0,73400,37221,9312,82,
0,73500,37271,9329,82,
0,73600,37327,9342,82,
0,73700,37379,9353,82,
0,73800,37427,9359,82,
0,73900,37478,9372,82,
0,74000,37529,9382,82,
0,74100,37585,9402,82,
0,74200,37633,9409,82,
0,74300,37684,9423,82,
0,74400,37736,9439,82,
0,74500,37788,9454,82,
0,74600,37839,9469,82,
0,74700,37891,9480,82,
0,74800,37941,9501,82,
0,74900,37983,9511,84,
0,75000,38040,9521,84,
0,75100,38097,9535,84,
0,75200,38144,9548,84,
0,75300,38198,9562,84,
0,75400,38240,9572,84,
0,75500,38305,9581,84,
0,75600,38349,9596,84,
0,75700,38404,9606,84,
0,75800,38453,9620,84,
0,75900,38515,9629,84,
0,76000,38570,9640,84,
0,76100,38613,9651,84,
0,76200,38668,9670,84,
0,76300,38710,9685,84,
0,76400,38767,9701,84,
0,76500,38825,9712,84,
0,76600,38881,9724,84,
0,76700,38941,9732,84,
0,76800,38988,9753,84,
0,76900,39038,9765,84,
0,77000,39089,9772,84,
0,77100,39144,9783,84,
0,77200,39199,9794,84,
0,77300,39249,9806,84,
0,77400,39301,9819,84,
0,77500,39343,9834,84,
0,77600,39394,9848,84,
0,77700,39434,9866,84,
0,77800,39486,9880,84,
0,77900,39543,9887,84,
0,78000,39584,9904,84,
0,78100,39638,9921,84,
0,78200,39681,9930,84,
0,78300,39735,9945,84,
0,78400,39793,9963,84,
0,78500,39844,9979,84,
0,78600,39896,9996,84,
0,78700,39958,10008,84,
0,78800,40009,10033,84,
0,78900,40056,10049,84,
0,79000,40103,10063,84,
0,79100,40157,10074,84,
0,79200,40208,10089,84,
0,79300,40257,10107,84,
0,79400,40313,10123,84,
0,79500,40358,10140,87,
0,79600,40403,10152,87,
0,79700,40453,10164,87,
0,79800,40503,10177,87,
0,79900,40553,10192,87,
0,80000,40615,10205,87,
0,80100,40660,10217,87,
0,80200,40705,10233,87,
0,80300,40752,10245,87,
0,80400,40801,10261,87,
0,80500,40844,10277,87,
0,80600,40887,10293,87,
0,80700,40945,10307,87,
0,80800,40997,10316,87,
0,80900,41053,10332,87,
0,81000,41102,10344,87,
0,81100,41155,10362,90,
0,81200,41197,10377,90,
0,81300,41252,10390,90,
0,81400,41307,10404,90,
0,81500,41361,10423,90,
0,81600,41414,10433,90,
0,81700,41464,10443,90,
0,81800,41516,10452,90,
0,81900,41558,10468,90,
0,82000,41622,10482,90,
0,82100,41677,10491,90,
0,82200,41722,10501,90,
0,82300,41767,10512,90,
0,82400,41826,10523,90,
0,82500,41879,10531,90,
0,82600,41934,10541,90,
0,82700,41981,10555,92,
0,82800,42034,10567,92,
0,82900,42078,10581,92,
0,83000,42125,10594,92,
0,83100,42163,10609,92,
0,83200,42219,10621,92,
0,83300,42275,10632,92,
0,83400,42323,10646,92,
0,83500,42377,10660,92,
0,83600,42416,10673,92,
0,83700,42463,10688,92,
0,83800,42515,10697,92,
0,83900,42571,10711,92,
0,84000,42622,10721,92,
0,84100,42664,10734,92,
0,84200,42724,10747,92,
0,84300,42783,10757,92,
0,84400,42837,10769,92,
0,84500,42893,10781,92,
0,84600,42949,10793,92,
0,84700,43002,10801,92,
0,84800,43052,10813,92,
0,84900,43102,10829,92,
0,85000,43159,10840,92,
0,85100,43206,10858,95,
0,85200,43260,10871,95,
0,85300,43312,10886,95,
0,85400,43347,10900,95,
0,85500,43393,10916,95,
0,85600,43450,10930,95,
0,85700,43499,10938,95,
0,85800,43555,10953,95,
0,85900,43596,10967,95,
0,86000,43646,10981,95,
0,86100,43695,10995,95,
0,86200,43748,11011,95,
0,86300,43801,11023,95,
0,86400,43848,11034,95,
