0,100,47,19,0,
0,200,106,25,0,
0,300,147,42,0,
0,400,214,60,0,
0,500,249,76,0,
0,600,310,90,0,
0,700,358,97,0,
0,800,415,118,0,
0,900,480,129,0,
0,1000,536,142,0,
0,1100,592,152,0,
0,1200,638,161,0,
0,1300,684,174,0,
0,1400,721,188,0,
0,1500,772,199,0,
0,1600,822,213,0,
0,1700,870,225,0,
0,1800,929,239,0,
0,1900,973,250,0,
0,2000,1024,263,0,
0,2100,1062,276,0,
0,2200,1122,291,0,
0,2300,1183,302,0,
0,2400,1223,314,0,
0,2500,1271,323,0,
0,2600,1316,340,0,
0,2700,1373,357,0,
0,2800,1424,368,0,
0,2900,1476,380,0,
0,3000,1529,395,0,
0,3100,1585,401,0,
0,3200,1631,415,0,
0,3300,1672,424,0,
0,3400,1727,443,0,
0,3500,1778,451,0,
0,3600,1839,468,0,
0,3700,1894,479,0,
0,3800,1942,492,0,
0,3900,1994,505,0,
0,4000,2042,517,0,
0,4100,2090,536,0,
0,4200,2143,548,0,
0,4300,2207,559,0,
0,4400,2253,568,0,
0,4500,2300,582,0,
0,4600,2356,591,0,
0,4700,2399,602,0,
0,4800,2448,613,0,
0,4900,2501,627,0,
0,5000,2556,637,0,
0,5100,2615,647,0,
0,5200,2656,664,0,
0,5300,2719,675,0,
0,5400,2765,687,0,
0,5500,2817,702,0,
0,5600,2860,719,0,
0,5700,2910,734,0,
0,5800,2970,755,0,
0,5900,3012,768,0,
0,6000,3063,784,0,
0,6100,3105,797,0,
0,6200,3159,805,0,
0,6300,3209,817,0,
0,6400,3267,823,0,
0,6500,3316,839,0,
0,6600,3366,850,0,
0,6700,3432,870,0,
0,6800,3470,885,0,
0,6900,3520,898,0,
0,7000,3568,909,0,
0,7100,3616,919,0,
0,7200,3671,931,0,
0,7300,3714,942,0,
0,7400,3768,960,0,
0,7500,3825,974,0,
0,7600,3875,987,0,
0,7700,3923,995,0,
0,7800,3975,1004,0,
0,7900,4022,1022,0,
0,8000,4073,1033,0,
0,8100,4124,1046,0,
0,8200,4166,1060,0,
0,8300,4220,1075,0,
0,8400,4271,1083,0,
0,8500,4319,1099,0,
0,8600,4370,1110,0,
0,8700,4418,1116,0,
0,8800,4462,1130,0,
0,8900,4505,1139,0,
0,9000,4553,1152,0,
0,9100,4600,1160,0,
0,9200,4645,1175,0,
0,9300,4697,1189,0,
0,9400,4743,1201,0,
0,9500,4796,1215,0,
0,9600,4853,1223,0,
0,9700,4906,1237,0,
0,9800,4954,1251,0,
0,9900,5003,1268,0,
0,10000,5059,1278,0,
0,10100,5108,1291,0,
0,10200,5160,1306,0,
0,10300,5206,1322,0,
0,10400,5267,1340,0,
0,10500,5315,1351,0,
0,10600,5366,1360,0,
0,10700,5424,1372,0,
0,10800,5470,1382,0,
0,10900,5519,1396,0,
0,11000,5564,1411,0,
0,11100,5622,1424,0,
0,11200,5664,1439,0,
0,11300,5723,1455,0,
0,11400,5777,1465,0,
0,11500,5822,1478,0,
0,11600,5872,1485,0,
0,11700,5920,1499,0,
0,11800,5978,1516,0,
0,11900,6023,1529,0,
0,12000,6087,1539,0,
0,12100,6144,1548,0,
0,12200,6194,1560,0,
0,12300,6246,1571,0,
0,12400,6296,1581,0,
0,12500,6353,1595,0,
0,12600,6400,1608,0,
0,12700,6448,1632,0,
0,12800,6499,1650,0,
0,12900,6547,1657,0,
0,13000,6600,1667,0,
0,13100,6653,1678,0,
0,13200,6707,1688,0,
0,13300,6750,1702,0,
0,13400,6805,1711,0,
0,13500,6858,1722,0,
0,13600,6898,1739,0,
0,13700,6949,1758,0,
0,13800,7002,1771,0,
0,13900,7047,1784,0,
0,14000,7095,1792,0,
0,14100,7151,1809,0,
0,14200,7203,1820,0,
0,14300,7248,1835,0,
0,14400,7301,1852,0,
0,14500,7345,1866,0,
0,14600,7393,1879,0,
0,14700,7437,1892,0,
0,14800,7498,1902,0,
0,14900,7551,1920,0,
0,15000,7592,1940,0,
0,15100,7646,1959,0,
0,15200,7689,1977,0,
0,15300,7744,1990,0,
0,15400,7781,2006,0,
0,15500,7841,2011,0,
0,15600,7893,2025,0,
0,15700,7936,2038,0,
0,15800,7986,2053,0,
0,15900,8035,2065,0,
0,16000,8086,2075,0,
0,16100,8140,2086,0,
0,16200,8186,2099,0,
0,16300,8237,2114,0,
0,16400,8288,2122,0,
0,16500,8343,2136,0,
0,16600,8387,2150,0,
0,16700,8445,2163,0,
0,16800,8487,2172,0,
0,16900,8540,2181,0,
0,17000,8593,2192,0,
0,17100,8644,2203,0,
0,17200,8704,2217,0,
0,17300,8748,2228,0,
0,17400,8798,2247,0,
0,17500,8859,2257,0,
0,17600,8908,2270,0,
0,17700,8964,2283,0,
0,17800,9010,2295,0,
0,17900,9058,2311,0,
0,18000,9108,2322,0,
0,18100,9157,2335,0,
0,18200,9203,2348,0,
0,18300,9261,2358,0,
0,18400,9316,2371,0,
0,18500,9358,2383,0,
0,18600,9410,2398,0,
0,18700,9457,2409,0,
0,18800,9513,2422,0,
0,18900,9562,2436,0,
0,19000,9612,2449,0,
0,19100,9654,2470,0,
0,19200,9702,2480,0,
0,19300,9757,2494,0,
0,19400,9810,2503,0,
0,19500,9865,2515,0,
0,19600,9906,2536,0,
0,19700,9958,2549,0,
0,19800,10008,2566,0,
0,19900,10061,2576,0,
0,20000,10119,2588,0,
0,20100,10167,2605,0,
0,20200,10221,2617,0,
0,20300,10267,2631,0,
0,20400,10320,2640,0,
0,20500,10373,2648,0,
0,20600,10421,2663,0,
0,20700,10481,2673,0,
0,20800,10530,2683,0,
0,20900,10592,2694,0,
0,21000,10640,2708,0,
0,21100,10697,2717,0,
0,21200,10752,2731,0,
0,21300,10802,2739,0,
0,21400,10855,2756,0,
0,21500,10900,2766,0,
0,21600,10948,2778,0,
0,21700,11002,2781,0,
0,21800,11062,2793,0,
0,21900,11111,2805,0,
0,22000,11163,2817,0,
0,22100,11220,2824,0,
0,22200,11273,2834,0,
0,22300,11330,2850,0,
0,22400,11375,2863,0,
0,22500,11437,2874,0,
0,22600,11493,2887,0,
0,22700,11538,2897,0,
0,22800,11595,2910,0,
0,22900,11646,2921,0,
0,23000,11701,2931,0,
0,23100,11744,2947,0,
0,23200,11790,2962,0,
0,23300,11848,2966,0,
0,23400,11907,2975,0,
0,23500,11956,2992,0,
0,23600,11999,3007,0,
0,23700,12045,3022,0,
0,23800,12086,3032,0,
0,23900,12150,3040,0,
0,24000,12197,3052,0,
0,24100,12239,3063,0,
0,24200,12307,3071,0,
0,24300,12349,3085,0,
0,24400,12405,3098,0,
0,24500,12453,3110,0,
0,24600,12522,3127,0,
0,24700,12573,3144,0,
0,24800,12619,3154,0,
0,24900,12669,3167,0,
0,25000,12713,3180,0,
0,25100,12766,3194,0,
0,25200,12810,3206,0,
0,25300,12856,3222,0,
0,25400,12906,3230,0,
0,25500,12970,3246,0,
0,25600,13021,3262,0,
0,25700,13070,3273,0,
0,25800,13116,3287,0,
0,25900,13160,3299,0,
0,26000,13213,3312,0,
0,26100,13270,3330,0,
0,26200,13332,3337,0,
0,26300,13384,3353,0,
0,26400,13434,3358,0,
0,26500,13483,3373,0,
0,26600,13529,3384,0,
0,26700,13580,3397,0,
0,26800,13630,3417,0,
0,26900,13689,3427,0,
0,27000,13742,3442,0,
0,27100,13787,3461,0,
0,27200,13843,3469,0,
0,27300,13887,3481,0,
0,27400,13938,3492,0,
0,27500,13977,3507,0,
0,27600,14025,3515,0,
0,27700,14080,3524,0,
0,27800,14121,3534,0,
0,27900,14186,3544,0,
0,28000,14231,3554,0,
0,28100,14291,3562,0,
0,28200,14347,3577,0,
0,28300,14405,3588,0,
0,28400,14454,3608,0,
0,28500,14496,3620,0,
0,28600,14569,3632,0,
0,28700,14610,3638,0,
0,28800,14663,3647,0,
0,28900,14719,3660,0,
0,29000,14769,3677,0,
0,29100,14818,3694,0,
0,29200,14863,3705,0,
0,29300,14921,3725,0,
0,29400,14967,3733,0,
0,29500,15020,3748,0,
0,29600,15075,3757,0,
0,29700,15127,3772,0,
0,29800,15182,3784,0,
0,29900,15231,3795,0,
0,30000,15273,3820,0,
0,30100,15311,3833,0,
0,30200,15362,3845,0,
0,30300,15411,3855,0,
0,30400,15461,3863,0,
0,30500,15523,3878,0,
0,30600,15586,3885,0,
0,30700,15655,3898,0,
0,30800,15693,3910,0,
0,30900,15750,3923,0,
0,31000,15799,3937,0,
0,31100,15846,3947,0,
0,31200,15892,3961,0,
0,31300,15942,3970,0,
0,31400,15991,3984,0,
0,31500,16043,3994,0,
0,31600,16104,4003,0,
0,31700,16149,4019,0,
0,31800,16194,4028,0,
0,31900,16252,4040,0,
0,32000,16311,4042,0,
0,32100,16368,4054,0,
0,32200,16415,4075,0,
0,32300,16467,4085,0,
0,32400,16514,4100,0,
0,32500,16567,4112,0,
0,32600,16618,4122,0,
0,32700,16660,4136,0,
0,32800,16707,4147,0,
0,32900,16758,4162,0,
0,33000,16818,4172,0,
0,33100,16864,4189,0,
0,33200,16919,4194,0,
0,33300,16974,4206,0,
0,33400,17021,4220,0,
0,33500,17088,4234,0,
0,33600,17130,4248,0,
0,33700,17185,4256,0,
0,33800,17227,4267,0,
0,33900,17271,4287,0,
0,34000,17325,4297,0,
0,34100,17370,4313,0,
0,34200,17422,4324,0,
0,34300,17473,4335,0,
0,34400,17529,4353,0,
0,34500,17590,4359,0,
0,34600,17640,4370,0,
0,34700,17694,4381,0,
0,34800,17739,4385,0,
0,34900,17798,4398,0,
0,35000,17847,4406,0,
0,35100,17898,4415,0,
0,35200,17949,4423,0,
0,35300,18002,4431,0,
0,35400,18053,4452,0,
0,35500,18110,4463,0,
0,35600,18159,4481,0,
0,35700,18205,4487,0,
0,35800,18251,4503,0,
0,35900,18296,4520,0,
0,36000,18343,4537,0,
0,36100,18384,4553,0,
0,36200,18436,4560,0,
0,36300,18485,4577,0,
0,36400,18534,4588,0,
0,36500,18590,4597,0,
0,36600,18638,4611,0,
0,36700,18683,4621,0,
0,36800,18735,4628,0,
0,36900,18779,4643,0,
0,37000,18839,4654,0,
0,37100,18891,4667,0,
0,37200,18943,4687,0,
0,37300,18997,4703,0,
0,37400,19054,4712,0,
0,37500,19101,4725,0,
0,37600,19145,4733,0,
0,37700,19192,4748,0,
0,37800,19243,4757,0,
0,37900,19299,4770,0,
0,38000,19353,4783,0,
0,38100,19407,4796,0,
0,38200,19464,4809,0,
0,38300,19519,4814,0,
0,38400,19576,4823,0,
0,38500,19621,4829,0,
0,38600,19671,4841,0,
0,38700,19729,4844,0,
0,38800,19766,4860,0,
0,38900,19827,4869,0,
0,39000,19873,4883,0,
0,39100,19933,4893,0,
0,39200,19975,4907,0,
0,39300,20031,4918,0,
0,39400,20079,4938,0,
0,39500,20128,4955,0,
0,39600,20180,4974,0,
0,39700,20226,4988,0,
0,39800,20282,5002,0,
0,39900,20329,5011,0,
0,40000,20382,5024,0,
0,40100,20434,5039,0,
0,40200,20487,5053,0,
0,40300,20542,5062,0,
0,40400,20592,5073,0,
0,40500,20643,5082,0,
0,40600,20685,5096,0,
0,40700,20743,5110,0,
0,40800,20789,5123,0,
0,40900,20836,5133,0,
0,41000,20897,5146,0,
0,41100,20947,5152,0,
0,41200,20994,5161,0,
0,41300,21038,5167,0,
0,41400,21097,5179,0,
0,41500,21149,5192,0,
0,41600,21203,5202,0,
0,41700,21252,5215,0,
0,41800,21305,5224,0,
0,41900,21355,5235,0,
0,42000,21405,5250,0,
0,42100,21451,5269,0,
0,42200,21505,5279,0,
0,42300,21558,5290,0,
0,42400,21596,5306,0,
0,42500,21654,5314,0,
0,42600,21710,5327,0,
0,42700,21763,5336,0,
0,42800,21818,5345,0,
0,42900,21863,5357,0,
0,43000,21906,5370,0,
0,43100,21966,5372,0,
0,43200,22008,5387,0,
0,43300,22054,5405,0,
0,43400,22095,5415,0,
0,43500,22142,5430,0,
0,43600,22199,5444,0,
0,43700,22244,5462,0,
0,43800,22292,5481,0,
0,43900,22344,5494,0,
0,44000,22391,5512,0,
0,44100,22433,5525,0,
0,44200,22489,5533,0,
0,44300,22541,5547,0,
0,44400,22582,5563,2,
0,44500,22641,5573,2,
0,44600,22688,5584,2,
0,44700,22736,5598,2,
0,44800,22783,5605,2,
0,44900,22842,5611,2,
0,45000,22884,5628,2,
0,45100,22936,5637,2,
0,45200,22986,5648,2,
0,45300,23038,5658,2,
0,45400,23091,5667,2,
0,45500,23135,5683,2,
0,45600,23182,5700,2,
0,45700,23229,5714,2,
0,45800,23280,5727,2,
0,45900,23334,5740,2,
0,46000,23386,5753,2,
0,46100,23430,5770,2,
0,46200,23467,5790,2,
0,46300,23523,5802,2,
0,46400,23576,5812,2,
0,46500,23629,5819,2,
0,46600,23690,5827,2,
0,46700,23737,5835,2,
0,46800,23790,5849,2,
0,46900,23828,5864,2,
0,47000,23891,5877,2,
0,47100,23945,5891,2,
0,47200,23988,5905,2,
0,47300,24045,5918,2,
0,47400,24089,5932,2,
0,47500,24139,5943,2,
0,47600,24186,5953,2,
0,47700,24240,5966,2,
0,47800,24293,5984,2,
0,47900,24345,5992,2,
0,48000,24394,6010,2,
0,48100,24454,6024,2,
0,48200,24502,6037,2,
0,48300,24546,6047,2,
0,48400,24597,6061,2,
0,48500,24650,6072,2,
0,48600,24694,6084,2,
0,48700,24749,6104,2,
0,48800,24803,6114,2,
0,48900,24868,6129,2,
0,49000,24921,6143,2,
0,49100,24970,6165,2,
0,49200,25022,6174,2,
0,49300,25074,6179,2,
0,49400,25123,6191,2,
0,49500,25174,6198,2,
0,49600,25225,6209,2,
0,49700,25278,6221,2,
0,49800,25329,6236,2,
0,49900,25385,6248,2,
0,50000,25435,6264,2,
0,50100,25485,6277,2,
0,50200,25528,6292,2,
0,50300,25584,6300,2,
0,50400,25636,6312,2,
0,50500,25690,6327,2,
0,50600,25738,6343,2,
0,50700,25780,6362,2,
0,50800,25825,6373,2,
0,50900,25876,6383,2,
0,51000,25940,6395,2,
0,51100,25989,6407,2,
0,51200,26039,6423,2,
0,51300,26095,6436,2,
0,51400,26147,6447,2,
0,51500,26194,6471,2,
0,51600,26237,6480,2,
0,51700,26293,6488,2,
0,51800,26348,6499,2,
0,51900,26404,6510,2,
0,52000,26462,6521,2,
0,52100,26508,6529,2,
0,52200,26552,6544,2,
0,52300,26596,6557,2,
0,52400,26650,6567,2,
0,52500,26692,6580,2,
0,52600,26755,6591,2,
0,52700,26809,6599,2,
0,52800,26855,6608,2,
0,52900,26912,6619,2,
0,53000,26951,6636,2,
0,53100,27006,6649,2,
0,53200,27053,6662,2,
0,53300,27106,6671,2,
0,53400,27160,6683,2,
0,53500,27208,6700,2,
0,53600,27265,6718,2,
0,53700,27306,6732,2,
0,53800,27371,6746,2,
0,53900,27413,6756,2,
0,54000,27465,6768,2,
0,54100,27521,6777,2,
0,54200,27567,6790,2,
0,54300,27612,6806,2,
0,54400,27658,6817,2,
0,54500,27726,6826,2,
0,54600,27771,6834,2,
0,54700,27827,6848,2,
0,54800,27884,6855,2,
0,54900,27929,6875,2,
0,55000,27993,6888,2,
0,55100,28039,6899,2,
0,55200,28091,6916,2,
0,55300,28134,6928,2,
0,55400,28188,6941,2,
0,55500,28244,6950,2,
0,55600,28290,6972,2,
0,55700,28343,6981,2,
0,55800,28386,6994,2,
0,55900,28435,7005,2,
0,56000,28487,7018,2,
0,56100,28534,7030,2,
0,56200,28588,7047,2,
0,56300,28639,7061,2,
0,56400,28688,7078,2,
0,56500,28744,7085,2,
0,56600,28790,7097,2,
0,56700,28832,7111,2,
0,56800,28890,7123,2,
0,56900,28946,7135,2,
0,57000,28999,7147,2,
0,57100,29043,7168,2,
0,57200,29081,7182,2,
0,57300,29130,7195,2,
0,57400,29171,7210,2,
0,57500,29223,7226,2,
0,57600,29274,7246,2,
0,57700,29317,7260,2,
0,57800,29369,7269,2,
0,57900,29421,7275,2,
0,58000,29465,7296,2,
0,58100,29515,7313,2,
0,58200,29566,7327,2,
0,58300,29610,7344,2,
0,58400,29650,7355,2,
0,58500,29707,7365,2,
0,58600,29749,7375,2,
0,58700,29801,7388,2,
0,58800,29849,7398,2,
0,58900,29896,7411,2,
0,59000,29949,7424,2,
0,59100,30005,7433,2,
0,59200,30053,7446,2,
0,59300,30094,7460,2,
0,59400,30145,7474,2,
0,59500,30193,7484,2,
0,59600,30245,7493,2,
0,59700,30289,7508,2,
0,59800,30346,7523,2,
0,59900,30402,7531,2,
0,60000,30459,7537,2,
0,60100,30507,7552,2,
0,60200,30550,7565,2,
0,60300,30599,7584,2,
0,60400,30643,7599,2,
0,60500,30694,7611,2,
0,60600,30756,7621,2,
0,60700,30804,7634,2,
0,60800,30854,7644,2,
0,60900,30908,7652,2,
0,61000,30973,7659,2,
0,61100,31024,7672,2,
0,61200,31075,7679,2,
0,61300,31132,7689,2,
0,61400,31178,7699,2,
0,61500,31234,7709,2,
0,61600,31277,7724,2,
0,61700,31335,7734,2,
0,61800,31381,7745,2,
0,61900,31426,7755,2,
0,62000,31474,7769,2,
0,62100,31519,7775,2,
0,62200,31568,7786,2,
0,62300,31624,7802,2,
0,62400,31672,7813,2,
0,62500,31721,7822,2,
0,62600,31763,7842,2,
0,62700,31816,7851,2,
0,62800,31857,7864,2,
0,62900,31902,7881,2,
0,63000,31940,7893,2,
0,63100,31992,7906,2,
0,63200,32044,7916,2,
0,63300,32094,7929,2,
0,63400,32150,7938,2,
0,63500,32192,7950,2,
0,63600,32251,7958,2,
0,63700,32298,7972,2,
0,63800,32350,7983,2,
0,63900,32405,7996,2,
0,64000,32451,8008,2,
0,64100,32510,8020,2,
0,64200,32557,8035,2,
0,64300,32622,8045,2,
0,64400,32663,8060,2,
0,64500,32718,8069,2,
0,64600,32759,8086,2,
0,64700,32808,8097,2,
0,64800,32868,8110,2,
0,64900,32908,8121,2,
0,65000,32955,8135,2,
0,65100,33001,8149,2,
0,65200,33055,8164,2,
0,65300,33108,8174,2,
0,65400,33152,8186,2,
0,65500,33209,8195,2,
0,65600,33251,8206,2,
0,65700,33302,8224,2,
0,65800,33345,8237,2,
0,65900,33396,8253,2,
0,66000,33441,8261,2,
0,66100,33486,8273,2,
0,66200,33532,8291,2,
0,66300,33578,8303,2,
0,66400,33635,8314,2,
0,66500,33682,8324,2,
0,66600,33730,8335,2,
0,66700,33777,8349,2,
0,66800,33824,8364,2,
0,66900,33879,8372,2,
0,67000,33920,8383,2,
0,67100,33969,8393,2,
0,67200,34017,8403,2,
0,67300,34072,8413,2,
0,67400,34135,8425,2,
0,67500,34190,8443,2,
0,67600,34240,8454,2,
0,67700,34278,8468,2,
0,67800,34337,8479,2,
0,67900,34391,8493,2,
0,68000,34439,8505,2,
0,68100,34493,8517,2,
0,68200,34538,8535,2,
0,68300,34585,8549,2,
0,68400,34630,8557,2,
0,68500,34675,8576,2,
0,68600,34716,8593,2,
0,68700,34770,8612,2,
0,68800,34822,8628,2,
0,68900,34878,8637,2,
0,69000,34942,8647,2,
0,69100,34994,8656,2,
0,69200,35052,8663,2,
0,69300,35093,8675,2,
0,69400,35134,8690,2,
0,69500,35191,8704,2,
0,69600,35241,8717,2,
0,69700,35297,8728,2,
0,69800,35352,8740,2,
0,69900,35406,8752,2,
0,70000,35467,8758,2,
0,70100,35514,8775,2,
0,70200,35572,8781,2,
0,70300,35626,8793,2,
0,70400,35679,8809,2,
0,70500,35726,8819,2,
0,70600,35776,8827,2,
0,70700,35829,8834,2,
0,70800,35884,8846,2,
0,70900,35937,8859,2,
0,71000,35985,8870,2,
0,71100,36036,8884,2,
0,71200,36083,8897,2,
0,71300,36129,8909,2,
0,71400,36174,8924,2,
0,71500,36239,8936,2,
0,71600,36274,8957,2,
0,71700,36324,8970,2,
0,71800,36375,8985,2,
0,71900,36419,8995,2,
0,72000,36476,9012,2,
0,72100,36522,9029,2,
0,72200,36573,9041,2,
0,72300,36629,9048,2,
0,72400,36678,9056,2,
0,72500,36732,9064,2,
0,72600,36778,9076,2,
0,72700,36826,9087,2,
0,72800,36872,9098,2,
0,72900,36933,9109,2,
0,73000,36984,9123,2,
0,73100,37026,9138,2,
0,73200,37072,9155,2,
0,73300,37121,9162,2,
0,73400,37173,9172,2,
0,73500,37214,9188,2,
0,73600,37267,9205,2,
0,73700,37323,9219,2,
0,73800,37371,9229,2,
0,73900,37415,9241,2,
0,74000,37457,9256,2,
0,74100,37500,9270,2,
0,74200,37550,9281,2,
0,74300,37606,9294,2,
0,74400,37662,9304,2,
0,74500,37715,9315,2,
0,74600,37763,9328,2,
0,74700,37804,9338,2,
0,74800,37855,9351,2,
0,74900,37897,9365,2,
0,75000,37941,9373,2,
0,75100,37993,9386,2,
0,75200,38043,9397,2,
0,75300,38105,9400,2,
0,75400,38158,9413,2,
0,75500,38205,9435,2,
0,75600,38259,9443,2,
0,75700,38315,9454,2,
0,75800,38362,9472,2,
0,75900,38405,9484,2,
0,76000,38457,9492,2,
0,76100,38502,9501,2,
0,76200,38555,9512,2,
0,76300,38597,9523,2,
0,76400,38641,9540,2,
0,76500,38696,9550,2,
0,76600,38742,9563,2,
0,76700,38782,9582,2,
0,76800,38835,9595,2,
0,76900,38890,9609,2,
0,77000,38931,9629,2,
0,77100,38981,9646,2,
0,77200,39028,9657,2,
0,77300,39077,9667,2,
0,77400,39134,9681,2,
0,77500,39176,9699,2,
0,77600,39225,9716,2,
0,77700,39274,9726,2,
0,77800,39330,9743,2,
0,77900,39378,9757,2,
0,78000,39422,9766,2,
0,78100,39477,9784,2,
0,78200,39529,9791,2,
0,78300,39578,9805,2,
0,78400,39635,9814,2,
0,78500,39683,9829,2,
0,78600,39736,9841,2,
0,78700,39774,9856,2,
0,78800,39827,9869,2,
0,78900,39882,9876,2,
0,79000,39921,9893,2,
0,79100,39966,9904,2,
0,79200,40021,9920,2,
0,79300,40079,9932,2,
0,79400,40122,9948,2,
0,79500,40173,9958,2,
0,79600,40219,9971,2,
0,79700,40278,9982,2,
0,79800,40324,9995,2,
0,79900,40376,10013,2,
0,80000,40431,10027,2,
0,80100,40483,10040,2,
0,80200,40536,10057,2,
0,80300,40584,10064,2,
0,80400,40637,10081,2,
0,80500,40699,10099,2,
0,80600,40756,10110,2,
0,80700,40810,10124,2,
0,80800,40854,10137,2,
0,80900,40899,10156,2,
0,81000,40948,10167,2,
0,81100,41008,10177,2,
0,81200,41049,10187,2,
0,81300,41096,10201,2,
0,81400,41158,10212,2,
0,81500,41203,10225,2,
0,81600,41258,10239,2,
0,81700,41314,10252,2,
0,81800,41360,10267,2,
0,81900,41411,10277,2,
0,82000,41466,10287,2,
0,82100,41522,10295,2,
0,82200,41565,10307,2,
0,82300,41626,10327,2,
0,82400,41678,10341,2,
0,82500,41733,10351,2,
0,82600,41780,10358,2,
0,82700,41829,10375,2,
0,82800,41889,10387,2,
0,82900,41945,10397,2,
0,83000,41999,10413,2,
0,83100,42046,10431,2,
0,83200,42101,10442,2,
0,83300,42148,10455,2,
0,83400,42196,10472,2,
0,83500,42243,10483,2,
0,83600,42293,10496,2,
0,83700,42340,10507,2,
0,83800,42388,10516,2,
0,83900,42447,10526,2,
0,84000,42498,10536,2,
0,84100,42554,10547,2,
0,84200,42619,10555,2,
0,84300,42661,10570,2,
0,84400,42705,10585,2,
0,84500,42751,10598,2,
0,84600,42804,10609,2,
0,84700,42855,10618,2,
0,84800,42905,10630,2,
0,84900,42965,10638,2,
0,85000,43017,10650,2,
0,85100,43079,10661,2,
0,85200,43135,10668,2,
0,85300,43186,10678,2,
0,85400,43235,10688,2,
0,85500,43294,10700,2,
0,85600,43352,10713,2,
0,85700,43394,10734,2,
0,85800,43448,10742,2,
0,85900,43492,10757,2,
0,86000,43546,10771,2,
0,86100,43592,10782,2,
0,86200,43645,10798,2,
0,86300,43700,10813,2,
0,86400,43752,10825,2,
