0,100,56,12,0,
0,200,104,28,0,
0,300,148,35,0,
0,400,213,44,0,
0,500,277,53,0,
0,600,328,70,0,
0,700,373,87,0,
0,800,424,111,0,
0,900,472,125,0,
0,1000,526,136,0,
0,1100,585,152,0,
0,1200,641,161,0,
0,1300,695,170,0,
0,1400,741,180,0,
0,1500,795,193,0,
0,1600,849,205,0,
0,1700,908,214,0,
0,1800,966,229,0,
0,1900,1017,238,0,
0,2000,1068,248,0,
0,2100,1114,256,0,
0,2200,1171,270,0,
0,2300,1221,281,0,
0,2400,1266,292,0,
0,2500,1320,304,0,
0,2600,1366,314,0,
0,2700,1414,325,0,
0,2800,1467,334,0,
0,2900,1524,344,0,
0,3000,1575,357,0,
0,3100,1616,371,0,
0,3200,1669,383,0,
0,3300,1703,401,0,
0,3400,1748,423,0,
0,3500,1798,435,0,
0,3600,1849,445,0,
0,3700,1897,463,0,
0,3800,1943,475,0,
0,3900,1995,487,0,
0,4000,2036,500,0,
0,4100,2096,510,0,
0,4200,2145,525,0,
0,4300,2199,539,0,
0,4400,2242,558,0,
0,4500,2293,566,0,
0,4600,2350,572,0,
0,4700,2400,583,0,
0,4800,2448,603,0,
0,4900,2502,621,0,
0,5000,2554,631,0,
0,5100,2607,639,0,
0,5200,2661,650,0,
0,5300,2709,667,0,
0,5400,2752,680,0,
0,5500,2811,693,0,
0,5600,2868,704,0,
0,5700,2917,717,0,
0,5800,2969,735,0,
0,5900,3013,749,0,
0,6000,3062,765,0,
0,6100,3106,774,0,
0,6200,3161,782,0,
0,6300,3211,792,0,
0,6400,3267,805,0,
0,6500,3320,820,0,
0,6600,3366,836,0,
0,6700,3419,845,0,
0,6800,3462,859,0,
0,6900,3514,873,0,
0,7000,3555,890,0,
0,7100,3608,908,0,
0,7200,3661,917,0,
0,7300,3716,925,0,
0,7400,3764,935,0,
0,7500,3806,952,0,
0,7600,3868,967,0,
0,7700,3910,979,0,
0,7800,3969,993,0,
0,7900,4028,1001,0,
0,8000,4073,1015,0,
0,8100,4122,1027,0,
0,8200,4171,1039,0,
0,8300,4226,1053,0,
0,8400,4271,1068,0,
0,8500,4318,1084,0,
0,8600,4364,1097,0,
0,8700,4408,1110,0,
0,8800,4451,1127,0,
0,8900,4495,1135,0,
0,9000,4548,1150,0,
0,9100,4594,1158,0,
0,9200,4652,1171,0,
0,9300,4709,1185,0,
0,9400,4752,1196,0,
0,9500,4802,1208,0,
0,9600,4841,1221,0,
0,9700,4896,1230,0,
0,9800,4946,1242,0,
0,9900,4991,1264,0,
0,10000,5040,1275,0,
0,10100,5097,1292,0,
0,10200,5150,1303,0,
0,10300,5198,1313,0,
0,10400,5249,1327,0,
0,10500,5297,1336,0,
0,10600,5354,1355,0,
0,10700,5403,1362,0,
0,10800,5449,1378,0,
0,10900,5509,1391,0,
0,11000,5558,1396,0,
0,11100,5607,1411,0,
0,11200,5651,1424,0,
0,11300,5702,1433,0,
0,11400,5755,1443,0,
0,11500,5805,1454,0,
0,11600,5858,1467,0,
0,11700,5894,1480,0,
0,11800,5951,1495,0,
0,11900,6013,1504,0,
0,12000,6065,1515,0,
0,12100,6118,1525,0,
0,12200,6167,1540,0,
0,12300,6234,1552,0,
0,12400,6284,1561,0,
0,12500,6327,1579,0,
0,12600,6372,1585,0,
0,12700,6430,1595,0,
0,12800,6476,1612,0,
0,12900,6515,1624,0,
0,13000,6560,1638,0,
0,13100,6615,1650,0,
0,13200,6679,1663,0,
0,13300,6731,1672,0,
0,13400,6782,1688,0,
0,13500,6831,1701,0,
0,13600,6875,1713,0,
0,13700,6931,1724,0,
0,13800,6977,1734,0,
0,13900,7050,1746,0,
0,14000,7094,1754,0,
0,14100,7149,1765,0,
0,14200,7203,1777,0,
0,14300,7252,1788,0,
0,14400,7298,1802,0,
0,14500,7337,1820,0,
0,14600,7386,1835,0,
0,14700,7427,1848,0,
0,14800,7479,1862,0,
0,14900,7533,1877,0,
0,15000,7575,1890,0,
0,15100,7626,1897,0,
0,15200,7672,1906,0,
0,15300,7725,1918,0,
0,15400,7773,1929,0,
0,15500,7830,1935,0,
0,15600,7877,1948,0,
0,15700,7930,1968,0,
0,15800,7983,1980,0,
0,15900,8030,1994,0,
0,16000,8078,2012,0,
0,16100,8120,2027,0,
0,16200,8177,2039,0,
0,16300,8221,2056,0,
0,16400,8273,2071,0,
0,16500,8340,2081,0,
0,16600,8394,2092,0,
0,16700,8444,2102,0,
0,16800,8492,2109,0,
0,16900,8539,2121,0,
0,17000,8602,2129,0,
0,17100,8652,2144,0,
0,17200,8701,2159,0,
0,17300,8746,2168,0,
0,17400,8799,2178,0,
0,17500,8844,2185,0,
0,17600,8896,2196,0,
0,17700,8943,2213,0,
0,17800,8993,2220,0,
0,17900,9035,2233,0,
0,18000,9092,2238,0,
0,18100,9142,2253,0,
0,18200,9187,2273,0,
0,18300,9240,2282,0,
0,18400,9292,2296,0,
0,18500,9334,2311,0,
0,18600,9389,2325,0,
0,18700,9436,2340,0,
0,18800,9490,2350,0,
0,18900,9532,2367,0,
0,19000,9581,2386,0,
0,19100,9634,2396,0,
0,19200,9677,2409,0,
0,19300,9731,2420,0,
0,19400,9773,2433,0,
0,19500,9817,2449,0,
0,19600,9859,2464,0,
0,19700,9915,2476,0,
0,19800,9972,2489,0,
0,19900,10024,2499,0,
0,20000,10083,2505,0,
0,20100,10134,2519,0,
0,20200,10185,2535,0,
0,20300,10226,2544,0,
0,20400,10273,2559,0,
0,20500,10320,2572,0,
0,20600,10370,2586,0,
0,20700,10429,2597,0,
0,20800,10471,2612,0,
0,20900,10526,2626,0,
0,21000,10572,2635,0,
0,21100,10629,2650,0,
0,21200,10672,2666,0,
0,21300,10723,2678,0,
0,21400,10779,2691,0,
0,21500,10825,2703,0,
0,21600,10878,2714,0,
0,21700,10923,2724,0,
0,21800,10971,2736,0,
0,21900,11012,2752,0,
0,22000,11060,2766,0,
0,22100,11113,2771,0,
0,22200,11158,2786,0,
0,22300,11211,2805,0,
0,22400,11250,2816,0,
0,22500,11304,2829,2,
0,22600,11351,2844,2,
0,22700,11399,2851,2,
0,22800,11461,2861,2,
0,22900,11509,2871,2,
0,23000,11558,2880,2,
0,23100,11604,2893,2,
0,23200,11654,2908,2,
0,23300,11712,2916,2,
0,23400,11763,2929,2,
0,23500,11824,2939,2,
0,23600,11870,2952,2,
0,23700,11930,2971,2,
0,23800,11983,2978,2,
0,23900,12033,2991,2,
0,24000,12088,2999,2,
0,24100,12138,3012,2,
0,24200,12189,3026,2,
0,24300,12235,3037,2,
0,24400,12290,3048,2,
0,24500,12341,3056,2,
0,24600,12394,3069,2,
0,24700,12446,3083,2,
0,24800,12489,3092,2,
0,24900,12541,3098,2,
0,25000,12588,3106,2,
0,25100,12645,3123,2,
0,25200,12693,3136,2,
0,25300,12743,3145,2,
0,25400,12792,3164,2,
0,25500,12834,3177,2,
0,25600,12883,3189,2,
0,25700,12936,3198,2,
0,25800,12986,3213,2,
0,25900,13032,3232,2,
0,26000,13081,3249,2,
0,26100,13138,3255,2,
0,26200,13185,3267,2,
0,26300,13247,3281,2,
0,26400,13289,3293,2,
0,26500,13336,3308,2,
0,26600,13387,3316,2,
0,26700,13438,3324,2,
0,26800,13486,3340,2,
0,26900,13521,3352,2,
0,27000,13569,3367,2,
0,27100,13615,3379,2,
0,27200,13679,3389,2,
0,27300,13728,3399,2,
0,27400,13787,3413,2,
0,27500,13839,3425,2,
0,27600,13894,3435,4,
0,27700,13948,3449,4,
0,27800,13994,3458,4,
0,27900,14045,3465,4,
0,28000,14094,3479,4,
0,28100,14152,3490,4,
0,28200,14206,3500,4,
0,28300,14258,3512,4,
0,28400,14313,3527,4,
0,28500,14363,3538,4,
0,28600,14423,3556,4,
0,28700,14475,3568,4,
0,28800,14526,3583,4,
0,28900,14576,3597,4,
0,29000,14626,3613,4,
0,29100,14681,3623,4,
0,29200,14734,3634,4,
0,29300,14791,3648,4,
0,29400,14842,3658,4,
0,29500,14896,3668,4,
0,29600,14948,3677,4,
0,29700,14994,3693,4,
0,29800,15045,3709,4,
0,29900,15088,3720,4,
0,30000,15151,3728,4,
0,30100,15195,3742,4,
0,30200,15249,3758,4,
0,30300,15307,3768,4,
0,30400,15356,3779,4,
0,30500,15413,3801,4,
0,30600,15453,3813,4,
0,30700,15499,3832,4,
0,30800,15545,3842,4,
0,30900,15591,3854,4,
0,31000,15642,3865,4,
0,31100,15694,3872,4,
0,31200,15746,3884,4,
0,31300,15793,3897,4,
0,31400,15853,3905,4,
0,31500,15903,3915,4,
0,31600,15957,3930,4,
0,31700,16011,3938,4,
0,31800,16059,3946,4,
0,31900,16111,3959,4,
0,32000,16157,3972,4,
0,32100,16209,3984,4,
0,32200,16252,3996,4,
0,32300,16301,4013,4,
0,32400,16357,4025,4,
0,32500,16412,4033,4,
0,32600,16461,4049,4,
0,32700,16506,4066,4,
0,32800,16561,4090,4,
0,32900,16614,4100,4,
0,33000,16666,4114,4,
0,33100,16710,4133,4,
0,33200,16759,4146,4,
0,33300,16822,4156,4,
0,33400,16881,4166,4,
0,33500,16933,4176,4,
0,33600,16981,4184,4,
0,33700,17046,4199,4,
0,33800,17092,4214,4,
0,33900,17149,4225,4,
0,34000,17191,4241,4,
0,34100,17243,4251,4,
0,34200,17293,4269,4,
0,34300,17346,4286,4,
0,34400,17398,4298,4,
0,34500,17449,4311,4,
0,34600,17497,4326,4,
0,34700,17553,4339,4,
0,34800,17600,4349,4,
0,34900,17645,4360,4,
0,35000,17696,4365,4,
0,35100,17747,4376,4,
0,35200,17791,4395,4,
0,35300,17836,4408,4,
0,35400,17889,4416,4,
0,35500,17938,4423,4,
0,35600,17981,4438,4,
0,35700,18027,4455,4,
0,35800,18076,4468,4,
0,35900,18130,4484,4,
0,36000,18173,4492,4,
0,36100,18236,4505,4,
0,36200,18281,4518,4,
0,36300,18329,4531,4,
0,36400,18377,4540,4,
0,36500,18430,4552,4,
0,36600,18484,4567,4,
0,36700,18539,4579,4,
0,36800,18585,4593,4,
0,36900,18634,4607,4,
0,37000,18689,4618,4,
0,37100,18733,4626,4,
0,37200,18786,4645,4,
0,37300,18845,4655,4,
0,37400,18888,4664,4,
0,37500,18947,4678,4,
0,37600,18991,4689,4,
0,37700,19055,4699,4,
0,37800,19106,4712,4,
0,37900,19156,4720,4,
0,38000,19209,4728,4,
0,38100,19261,4736,4,
0,38200,19315,4750,4,
0,38300,19354,4763,4,
0,38400,19406,4778,4,
0,38500,19460,4788,4,
0,38600,19498,4805,4,
0,38700,19540,4821,4,
0,38800,19585,4830,4,
0,38900,19644,4847,4,
0,39000,19691,4863,4,
0,39100,19749,4874,4,
0,39200,19791,4881,4,
0,39300,19845,4892,4,
0,39400,19894,4905,4,
0,39500,19944,4916,4,
0,39600,20000,4927,4,
0,39700,20050,4943,4,
0,39800,20102,4958,4,
0,39900,20149,4972,4,
0,40000,20205,4982,4,
0,40100,20259,4992,4,
0,40200,20307,5002,4,
0,40300,20364,5021,4,
0,40400,20410,5033,4,
0,40500,20469,5042,4,
0,40600,20508,5056,4,
0,40700,20560,5065,4,
0,40800,20609,5082,4,
0,40900,20652,5096,4,
0,41000,20694,5112,4,
0,41100,20740,5123,4,
0,41200,20800,5135,4,
0,41300,20850,5141,4,
0,41400,20899,5159,4,
0,41500,20945,5174,4,
0,41600,20983,5188,4,
0,41700,21031,5200,4,
0,41800,21079,5210,4,
0,41900,21129,5224,4,
0,42000,21170,5235,4,
0,42100,21234,5244,4,
0,42200,21289,5260,4,
0,42300,21336,5273,4,
0,42400,21387,5283,4,
0,42500,21436,5299,4,
0,42600,21481,5312,4,
0,42700,21537,5323,4,
0,42800,21591,5335,4,
0,42900,21641,5352,4,
0,43000,21693,5362,4,
0,43100,21752,5374,4,
0,43200,21798,5384,4,
0,43300,21855,5395,4,
0,43400,21891,5408,4,
0,43500,21947,5419,4,
0,43600,21996,5436,4,
0,43700,22041,5448,4,
0,43800,22094,5459,4,
0,43900,22137,5469,4,
0,44000,22186,5488,4,
0,44100,22225,5504,4,
0,44200,22279,5521,4,
0,44300,22336,5531,4,
0,44400,22379,5545,4,
0,44500,22426,5555,4,
0,44600,22475,5566,4,
0,44700,22528,5580,4,
0,44800,22577,5594,4,
0,44900,22631,5608,4,
0,45000,22681,5627,4,
0,45100,22728,5637,4,
0,45200,22788,5646,4,
0,45300,22845,5652,4,
0,45400,22900,5662,4,
0,45500,22952,5670,4,
0,45600,23012,5678,4,
0,45700,23072,5694,4,
0,45800,23126,5700,4,
0,45900,23179,5712,4,
0,46000,23230,5725,4,
0,46100,23282,5735,4,
0,46200,23330,5748,4,
0,46300,23381,5766,4,
0,46400,23433,5779,4,
0,46500,23480,5792,4,
0,46600,23526,5807,4,
0,46700,23571,5822,4,
0,46800,23633,5834,4,
0,46900,23682,5844,4,
0,47000,23729,5859,4,
0,47100,23783,5873,4,
0,47200,23838,5884,4,
0,47300,23887,5899,4,
0,47400,23931,5910,4,
0,47500,23987,5921,4,
0,47600,24034,5929,4,
0,47700,24087,5947,4,
0,47800,24133,5957,4,
0,47900,24177,5969,4,
0,48000,24227,5979,4,
0,48100,24271,5993,4,
0,48200,24335,6004,4,
0,48300,24384,6018,4,
0,48400,24429,6038,4,
0,48500,24475,6053,4,
0,48600,24516,6065,4,
0,48700,24563,6080,4,
0,48800,24608,6092,4,
0,48900,24663,6098,4,
0,49000,24709,6113,4,
0,49100,24758,6129,4,
0,49200,24808,6149,4,
0,49300,24862,6158,4,
0,49400,24901,6178,4,
0,49500,24941,6193,4,
0,49600,24995,6204,4,
0,49700,25041,6215,4,
0,49800,25092,6226,4,
0,49900,25132,6241,4,
0,50000,25183,6253,4,
0,50100,25233,6268,4,
0,50200,25278,6282,4,
0,50300,25337,6292,4,
0,50400,25382,6302,4,
0,50500,25430,6316,4,
0,50600,25492,6324,4,
0,50700,25534,6333,4,
0,50800,25581,6345,4,
0,50900,25622,6355,4,
0,51000,25665,6373,4,
0,51100,25712,6382,4,
0,51200,25760,6396,4,
0,51300,25807,6410,4,
0,51400,25848,6423,4,
0,51500,25895,6438,4,
0,51600,25941,6448,4,
0,51700,25990,6463,4,
0,51800,26045,6476,4,
0,51900,26092,6497,4,
0,52000,26142,6508,4,
0,52100,26191,6520,4,
0,52200,26244,6537,4,
0,52300,26296,6548,4,
0,52400,26351,6558,4,
0,52500,26402,6568,4,
0,52600,26464,6581,4,
0,52700,26515,6595,4,
0,52800,26564,6606,4,
0,52900,26615,6617,4,
0,53000,26660,6629,4,
0,53100,26704,6646,4,
0,53200,26751,6656,4,
0,53300,26799,6671,4,
0,53400,26850,6683,4,
0,53500,26899,6694,4,
0,53600,26957,6702,4,
0,53700,27005,6715,4,
0,53800,27061,6728,4,
0,53900,27107,6735,4,
0,54000,27160,6748,4,
0,54100,27211,6760,4,
0,54200,27261,6774,4,
0,54300,27307,6787,4,
0,54400,27359,6798,4,
0,54500,27417,6810,4,
0,54600,27462,6821,4,
0,54700,27507,6836,4,
0,54800,27563,6843,4,
0,54900,27601,6858,4,
0,55000,27670,6870,4,
0,55100,27723,6877,4,
0,55200,27776,6892,4,
0,55300,27821,6910,4,
0,55400,27867,6927,4,
0,55500,27921,6942,4,
0,55600,27975,6950,4,
0,55700,28038,6957,4,
0,55800,28086,6971,4,
0,55900,28137,6986,4,
0,56000,28183,7000,4,
0,56100,28240,7007,4,
0,56200,28298,7014,4,
0,56300,28342,7025,4,
0,56400,28398,7033,4,
0,56500,28455,7040,4,
0,56600,28509,7051,4,
0,56700,28556,7065,4,
0,56800,28604,7075,4,
0,56900,28658,7090,4,
0,57000,28706,7101,4,
0,57100,28755,7114,4,
0,57200,28803,7123,4,
0,57300,28862,7137,4,
0,57400,28915,7144,4,
0,57500,28967,7158,4,
0,57600,29025,7166,4,
0,57700,29074,7177,4,
0,57800,29123,7198,4,
0,57900,29174,7216,4,
0,58000,29232,7231,4,
0,58100,29276,7243,4,
0,58200,29324,7254,4,
0,58300,29384,7265,4,
0,58400,29427,7276,4,
0,58500,29482,7287,4,
0,58600,29530,7300,4,
0,58700,29575,7315,4,
0,58800,29623,7326,4,
0,58900,29679,7336,4,
0,59000,29735,7346,4,
0,59100,29785,7360,4,
0,59200,29834,7374,4,
0,59300,29876,7392,4,
0,59400,29931,7406,4,
0,59500,29974,7418,4,
0,59600,30030,7433,4,
0,59700,30082,7442,4,
0,59800,30132,7449,4,
0,59900,30178,7466,4,
0,60000,30227,7477,4,
0,60100,30282,7487,4,
0,60200,30335,7499,4,
0,60300,30397,7507,4,
0,60400,30450,7520,4,
0,60500,30502,7529,4,
0,60600,30550,7544,4,
0,60700,30603,7555,4,
0,60800,30650,7567,4,
0,60900,30700,7574,4,
0,61000,30748,7591,4,
0,61100,30801,7601,4,
0,61200,30846,7620,4,
0,61300,30893,7635,4,
0,61400,30944,7649,4,
0,61500,30987,7670,4,
0,61600,31025,7683,4,
0,61700,31088,7691,4,
0,61800,31136,7703,4,
0,61900,31183,7713,4,
0,62000,31236,7726,4,
0,62100,31292,7736,4,
0,62200,31342,7749,4,
0,62300,31389,7760,4,
0,62400,31442,7777,4,
0,62500,31494,7793,4,
0,62600,31534,7804,4,
0,62700,31591,7813,4,
0,62800,31634,7826,4,
0,62900,31695,7843,4,
0,63000,31739,7850,4,
0,63100,31794,7862,4,
0,63200,31837,7876,4,
0,63300,31881,7891,4,
0,63400,31924,7905,4,
0,63500,31967,7918,4,
0,63600,32020,7933,4,
0,63700,32078,7944,4,
0,63800,32130,7961,4,
0,63900,32179,7978,4,
0,64000,32237,7987,4,
0,64100,32288,7997,4,
0,64200,32333,8012,4,
0,64300,32384,8027,4,
0,64400,32430,8040,4,
0,64500,32477,8056,4,
0,64600,32530,8065,4,
0,64700,32576,8076,4,
0,64800,32636,8094,4,
0,64900,32679,8102,4,
0,65000,32733,8116,4,
0,65100,32777,8130,4,
0,65200,32834,8151,4,
0,65300,32883,8168,4,
0,65400,32936,8179,4,
0,65500,32983,8195,4,
0,65600,33025,8205,4,
0,65700,33084,8217,4,
0,65800,33137,8227,4,
0,65900,33193,8243,4,
0,66000,33247,8249,4,
0,66100,33296,8261,4,
0,66200,33351,8274,4,
0,66300,33403,8283,4,
0,66400,33459,8293,4,
0,66500,33508,8306,4,
0,66600,33564,8317,4,
0,66700,33614,8325,4,
0,66800,33665,8340,4,
0,66900,33712,8355,4,
0,67000,33760,8364,4,
0,67100,33815,8374,4,
0,67200,33866,8390,4,
0,67300,33921,8399,4,
0,67400,33968,8423,4,
0,67500,34019,8437,4,
0,67600,34071,8454,4,
0,67700,34106,8469,4,
0,67800,34156,8480,4,
0,67900,34196,8498,4,
0,68000,34250,8513,4,
0,68100,34302,8522,4,
0,68200,34339,8534,4,
0,68300,34392,8547,4,
0,68400,34434,8560,4,
0,68500,34485,8574,4,
0,68600,34523,8590,4,
0,68700,34578,8605,4,
0,68800,34637,8624,4,
0,68900,34687,8636,4,
0,69000,34754,8647,4,
0,69100,34808,8658,4,
0,69200,34866,8675,4,
0,69300,34913,8684,4,
0,69400,34963,8700,4,
0,69500,35015,8712,4,
0,69600,35063,8725,4,
0,69700,35119,8741,4,
0,69800,35172,8746,4,
0,69900,35220,8758,4,
0,70000,35264,8768,4,
0,70100,35320,8781,4,
0,70200,35381,8788,4,
0,70300,35429,8800,4,
0,70400,35479,8811,4,
0,70500,35523,8827,4,
0,70600,35576,8843,4,
0,70700,35617,8855,4,
0,70800,35664,8871,4,
0,70900,35712,8889,4,
0,71000,35753,8906,4,
0,71100,35801,8915,4,
0,71200,35854,8927,4,
0,71300,35910,8943,4,
0,71400,35961,8953,4,
0,71500,36028,8961,4,
0,71600,36082,8973,4,
0,71700,36133,8990,4,
0,71800,36184,9006,4,
0,71900,36238,9014,4,
0,72000,36284,9027,4,
0,72100,36330,9036,4,
0,72200,36378,9050,4,
0,72300,36436,9062,4,
0,72400,36486,9069,4,
0,72500,36534,9082,4,
0,72600,36575,9096,4,
0,72700,36634,9102,4,
0,72800,36675,9113,4,
0,72900,36730,9129,4,
0,73000,36781,9138,4,
0,73100,36831,9148,4,
0,73200,36877,9163,4,
0,73300,36926,9177,4,
0,73400,36978,9189,4,
0,73500,37020,9202,4,
0,73600,37075,9214,4,
0,73700,37130,9225,4,
0,73800,37171,9239,4,
0,73900,37217,9258,4,
0,74000,37264,9267,4,
0,74100,37313,9283,4,
0,74200,37358,9298,4,
0,74300,37413,9318,4,
0,74400,37464,9328,4,
0,74500,37511,9338,4,
0,74600,37560,9351,4,
0,74700,37610,9361,4,
0,74800,37659,9377,4,
0,74900,37703,9392,4,
0,75000,37747,9407,4,
0,75100,37791,9424,4,
0,75200,37844,9435,4,
0,75300,37907,9449,4,
0,75400,37959,9461,4,
0,75500,38010,9475,4,
0,75600,38059,9486,4,
0,75700,38114,9493,4,
0,75800,38164,9504,4,
0,75900,38211,9514,4,
0,76000,38269,9527,4,
0,76100,38325,9540,4,
0,76200,38368,9557,4,
0,76300,38412,9568,4,
0,76400,38467,9577,4,
0,76500,38514,9592,4,
0,76600,38562,9601,4,
0,76700,38616,9613,4,
0,76800,38664,9628,4,
0,76900,38717,9643,4,
0,77000,38761,9657,4,
0,77100,38817,9673,4,
0,77200,38862,9684,4,
0,77300,38918,9694,4,
0,77400,38978,9701,4,
0,77500,39025,9711,4,
0,77600,39070,9727,4,
0,77700,39120,9732,4,
0,77800,39190,9746,4,
0,77900,39241,9759,4,
0,78000,39296,9767,4,
0,78100,39353,9777,4,
0,78200,39398,9794,4,
0,78300,39450,9814,4,
0,78400,39501,9823,4,
0,78500,39551,9837,4,
0,78600,39609,9850,4,
0,78700,39659,9858,4,
0,78800,39711,9869,4,
0,78900,39748,9887,4,
0,79000,39799,9900,4,
0,79100,39852,9913,4,
0,79200,39902,9925,4,
0,79300,39954,9939,4,
0,79400,39998,9954,4,
0,79500,40056,9968,4,
0,79600,40105,9976,4,
0,79700,40155,9997,4,
0,79800,40210,10010,4,
0,79900,40264,10024,4,
0,80000,40318,10038,4,
0,80100,40358,10053,4,
0,80200,40412,10066,4,
0,80300,40460,10075,4,
0,80400,40509,10083,4,
0,80500,40555,10096,4,
0,80600,40602,10104,4,
0,80700,40645,10117,4,
0,80800,40689,10130,4,
0,80900,40747,10140,4,
0,81000,40790,10159,4,
0,81100,40838,10177,4,
0,81200,40885,10189,4,
0,81300,40943,10206,4,
0,81400,40996,10221,4,
0,81500,41051,10230,4,
0,81600,41110,10247,4,
0,81700,41157,10255,4,
0,81800,41203,10273,4,
0,81900,41254,10282,4,
0,82000,41305,10295,4,
0,82100,41353,10310,4,
0,82200,41400,10325,4,
0,82300,41457,10337,4,
0,82400,41502,10348,4,
0,82500,41563,10363,4,
0,82600,41614,10372,4,
0,82700,41675,10383,4,
0,82800,41724,10396,4,
0,82900,41770,10410,4,
0,83000,41818,10428,4,
0,83100,41877,10438,4,
0,83200,41936,10451,4,
0,83300,41987,10463,4,
0,83400,42048,10473,4,
0,83500,42110,10482,4,
0,83600,42152,10493,4,
0,83700,42204,10508,4,
0,83800,42247,10518,4,
0,83900,42290,10531,4,
0,84000,42335,10540,4,
0,84100,42390,10555,4,
0,84200,42441,10568,4,
0,84300,42485,10582,4,
0,84400,42535,10600,4,
0,84500,42578,10611,4,
0,84600,42627,10621,4,
0,84700,42681,10629,4,
0,84800,42731,10646,4,
0,84900,42777,10658,4,
0,85000,42825,10668,4,
0,85100,42879,10679,4,
0,85200,42924,10688,4,
0,85300,42977,10699,4,
0,85400,43022,10713,4,
0,85500,43074,10728,4,
0,85600,43133,10738,4,
0,85700,43180,10755,4,
0,85800,43231,10767,4,
0,85900,43281,10776,4,
0,86000,43333,10788,4,
0,86100,43380,10802,4,
0,86200,43433,10817,4,
0,86300,43487,10830,4,
0,86400,43534,10844,4,
