0,100,51,14,0,
0,200,96,32,0,
0,300,148,45,0,
0,400,207,57,0,
0,500,250,71,0,
0,600,299,90,0,
0,700,348,105,0,
0,800,399,118,0,
0,900,449,133,0,
0,1000,494,146,0,
0,1100,545,159,0,
0,1200,585,171,0,
0,1300,642,190,0,
0,1400,679,205,0,
0,1500,732,216,0,
0,1600,792,227,0,
0,1700,839,237,0,
0,1800,896,251,0,
0,1900,943,264,0,
0,2000,1000,280,0,
0,2100,1041,294,0,
0,2200,1092,304,0,
0,2300,1147,311,0,
0,2400,1197,323,0,
0,2500,1265,335,0,
0,2600,1313,347,0,
0,2700,1367,359,0,
0,2800,1420,369,0,
0,2900,1473,377,0,
0,3000,1523,392,0,
0,3100,1568,404,0,
0,3200,1610,418,0,
0,3300,1659,433,0,
0,3400,1718,444,0,
0,3500,1766,457,0,
0,3600,1805,470,0,
0,3700,1864,477,0,
0,3800,1908,488,0,
0,3900,1966,500,0,
0,4000,2006,511,0,
0,4100,2058,526,0,
0,4200,2104,538,0,
0,4300,2149,552,0,
0,4400,2212,564,0,
0,4500,2270,576,0,
0,4600,2328,588,0,
0,4700,2372,597,0,
0,4800,2417,613,0,
0,4900,2460,622,0,
0,5000,2512,630,0,
0,5100,2561,643,0,
0,5200,2599,653,0,
0,5300,2648,662,0,
0,5400,2695,680,0,
0,5500,2744,694,0,
0,5600,2788,707,0,
0,5700,2844,716,0,
0,5800,2891,729,0,
0,5900,2947,735,0,
0,6000,3005,740,0,
0,6100,3048,752,0,
0,6200,3103,764,0,
0,6300,3160,777,0,
0,6400,3204,788,0,
0,6500,3252,802,0,
0,6600,3304,816,0,
0,6700,3363,827,0,
0,6800,3408,841,0,
0,6900,3465,856,0,
0,7000,3508,870,0,
0,7100,3564,882,0,
0,7200,3614,891,0,
0,7300,3657,908,0,
0,7400,3701,920,0,
0,7500,3744,930,0,
0,7600,3800,939,0,
0,7700,3849,946,0,
0,7800,3908,965,0,
0,7900,3961,980,0,
0,8000,4005,996,0,
0,8100,4056,1007,0,
0,8200,4099,1015,0,
0,8300,4154,1024,0,
0,8400,4198,1035,0,
0,8500,4260,1052,0,
0,8600,4305,1064,0,
0,8700,4343,1075,0,
0,8800,4390,1088,0,
0,8900,4437,1101,0,
0,9000,4497,1115,0,
0,9100,4543,1125,0,
0,9200,4587,1141,0,
0,9300,4645,1150,0,
0,9400,4697,1154,0,
0,9500,4749,1168,0,
0,9600,4795,1179,0,
0,9700,4845,1192,0,
0,9800,4887,1207,0,
0,9900,4930,1225,0,
0,10000,4978,1234,0,
0,10100,5024,1242,0,
0,10200,5077,1251,0,
0,10300,5123,1262,0,
0,10400,5177,1273,0,
0,10500,5226,1289,0,
0,10600,5276,1303,0,
0,10700,5326,1316,0,
0,10800,5368,1327,0,
0,10900,5408,1351,0,
0,11000,5453,1362,0,
0,11100,5502,1373,0,
0,11200,5550,1384,0,
0,11300,5609,1396,0,
0,11400,5666,1411,0,
0,11500,5712,1426,0,
0,11600,5770,1437,0,
0,11700,5820,1449,0,
0,11800,5876,1458,0,
0,11900,5917,1471,0,
0,12000,5967,1488,0,
0,12100,6010,1507,0,
0,12200,6050,1519,0,
0,12300,6096,1534,0,
0,12400,6145,1547,0,
0,12500,6199,1560,0,
0,12600,6254,1574,0,
0,12700,6312,1588,0,
0,12800,6366,1602,0,
0,12900,6414,1614,0,
0,13000,6466,1625,0,
0,13100,6507,1640,0,
0,13200,6559,1652,0,
0,13300,6605,1661,0,
0,13400,6652,1673,0,
0,13500,6701,1687,0,
0,13600,6740,1701,0,
0,13700,6792,1720,0,
0,13800,6833,1731,0,
0,13900,6886,1744,0,
0,14000,6935,1757,0,
0,14100,6984,1774,0,
0,14200,7038,1785,0,
0,14300,7090,1794,0,
0,14400,7143,1808,0,
0,14500,7193,1819,0,
0,14600,7248,1830,0,
0,14700,7295,1842,0,
0,14800,7354,1852,0,
0,14900,7403,1862,0,
0,15000,7446,1869,0,
0,15100,7501,1889,0,
0,15200,7548,1896,0,
0,15300,7604,1910,0,
0,15400,7646,1925,0,
0,15500,7704,1934,0,
0,15600,7757,1950,0,
0,15700,7807,1955,0,
0,15800,7857,1971,0,
0,15900,7903,1980,0,
0,16000,7951,1995,0,
0,16100,8010,1999,0,
0,16200,8074,2018,0,
0,16300,8127,2031,0,
0,16400,8180,2047,0,
0,16500,8228,2062,0,
0,16600,8275,2071,0,
0,16700,8323,2086,0,
0,16800,8366,2100,0,
0,16900,8418,2115,0,
0,17000,8462,2137,0,
0,17100,8513,2145,0,
0,17200,8560,2160,0,
0,17300,8603,2173,0,
0,17400,8658,2184,0,
0,17500,8701,2197,0,
0,17600,8747,2212,0,
0,17700,8802,2225,0,
0,17800,8854,2233,0,
0,17900,8910,2244,0,
0,18000,8955,2258,0,
0,18100,9011,2270,0,
0,18200,9060,2279,0,
0,18300,9110,2293,0,
0,18400,9161,2307,0,
0,18500,9211,2317,0,
0,18600,9255,2334,0,
0,18700,9303,2342,0,
0,18800,9343,2363,0,
0,18900,9384,2374,0,
0,19000,9434,2387,0,
0,19100,9478,2404,0,
0,19200,9523,2416,0,
0,19300,9575,2429,0,
0,19400,9623,2444,0,
0,19500,9678,2451,0,
0,19600,9725,2463,0,
0,19700,9770,2477,0,
0,19800,9816,2491,0,
0,19900,9852,2508,0,
0,20000,9904,2518,0,
0,20100,9955,2532,0,
0,20200,10006,2543,0,
0,20300,10048,2563,0,
0,20400,10099,2578,0,
0,20500,10155,2590,0,
0,20600,10207,2601,0,
0,20700,10256,2614,0,
0,20800,10300,2622,0,
0,20900,10350,2638,0,
0,21000,10396,2648,0,
0,21100,10456,2659,0,
0,21200,10508,2669,0,
0,21300,10553,2678,0,
0,21400,10607,2690,0,
0,21500,10653,2698,0,
0,21600,10703,2712,0,
0,21700,10753,2726,0,
0,21800,10811,2737,0,
0,21900,10862,2746,0,
0,22000,10914,2756,0,
0,22100,10975,2766,0,
0,22200,11017,2780,0,
0,22300,11075,2794,0,
0,22400,11123,2806,0,
0,22500,11173,2821,0,
0,22600,11219,2835,0,
0,22700,11267,2845,0,
0,22800,11319,2859,0,
0,22900,11358,2875,0,
0,23000,11406,2895,0,
0,23100,11458,2908,0,
0,23200,11503,2924,0,
0,23300,11567,2933,0,
0,23400,11617,2946,0,
0,23500,11669,2965,0,
0,23600,11713,2973,0,
0,23700,11763,2988,0,
0,23800,11808,3000,0,
0,23900,11862,3013,0,
0,24000,11905,3032,0,
0,24100,11952,3050,0,
0,24200,12012,3064,0,
0,24300,12056,3076,0,
0,24400,12106,3092,0,
0,24500,12155,3104,0,
0,24600,12200,3118,0,
0,24700,12254,3130,0,
0,24800,12302,3142,0,
0,24900,12349,3153,0,
0,25000,12389,3164,0,
0,25100,12440,3180,0,
0,25200,12485,3187,0,
0,25300,12546,3202,0,
0,25400,12599,3212,0,
0,25500,12642,3230,0,
0,25600,12703,3241,0,
0,25700,12745,3254,0,
0,25800,12801,3267,0,
0,25900,12853,3277,0,
0,26000,12916,3290,0,
0,26100,12968,3303,0,
0,26200,13011,3318,0,
0,26300,13069,3329,0,
0,26400,13124,3341,0,
0,26500,13176,3352,0,
0,26600,13222,3367,0,
0,26700,13274,3376,0,
0,26800,13324,3396,0,
0,26900,13377,3408,0,
0,27000,13425,3420,0,
0,27100,13474,3432,0,
0,27200,13527,3439,0,
0,27300,13578,3451,0,
0,27400,13631,3465,0,
0,27500,13679,3485,0,
0,27600,13720,3498,0,
0,27700,13768,3510,0,
0,27800,13814,3527,0,
0,27900,13865,3546,0,
0,28000,13908,3555,0,
0,28100,13955,3572,0,
0,28200,14007,3581,0,
0,28300,14056,3589,0,
0,28400,14105,3603,0,
0,28500,14157,3612,0,
0,28600,14202,3630,0,
0,28700,14254,3640,0,
0,28800,14307,3660,0,
0,28900,14361,3676,0,
0,29000,14408,3691,0,
0,29100,14453,3705,0,
0,29200,14492,3720,0,
0,29300,14538,3737,0,
0,29400,14591,3747,0,
0,29500,14639,3758,0,
0,29600,14688,3767,0,
0,29700,14737,3775,0,
0,29800,14792,3789,0,
0,29900,14852,3795,0,
0,30000,14912,3802,0,
0,30100,14948,3818,0,
0,30200,15000,3833,0,
0,30300,15052,3851,0,
0,30400,15097,3858,0,
0,30500,15156,3869,0,
0,30600,15196,3883,0,
0,30700,15248,3899,0,
0,30800,15297,3907,0,
0,30900,15352,3915,0,
0,31000,15403,3926,0,
0,31100,15452,3941,0,
0,31200,15500,3952,0,
0,31300,15546,3969,0,
0,31400,15596,3982,0,
0,31500,15634,3997,0,
0,31600,15693,4004,0,
0,31700,15743,4014,0,
0,31800,15792,4021,0,
0,31900,15837,4041,0,
0,32000,15893,4053,0,
0,32100,15948,4064,0,
0,32200,15997,4075,0,
0,32300,16045,4089,0,
0,32400,16094,4104,0,
0,32500,16142,4122,0,
0,32600,16196,4141,0,
0,32700,16233,4152,0,
0,32800,16289,4166,0,
0,32900,16332,4181,0,
0,33000,16380,4201,0,
0,33100,16428,4219,0,
0,33200,16476,4231,0,
0,33300,16517,4249,0,
0,33400,16565,4259,0,
0,33500,16605,4271,0,
0,33600,16654,4283,0,
0,33700,16710,4290,0,
0,33800,16760,4308,0,
0,33900,16801,4319,0,
0,34000,16860,4333,0,
0,34100,16911,4339,0,
0,34200,16965,4350,0,
0,34300,17015,4357,0,
0,34400,17073,4370,0,
0,34500,17115,4386,0,
0,34600,17163,4398,0,
0,34700,17220,4407,0,
0,34800,17265,4422,0,
0,34900,17318,4434,0,
0,35000,17357,4447,0,
0,35100,17406,4458,0,
0,35200,17453,4472,0,
0,35300,17496,4485,0,
0,35400,17543,4499,0,
0,35500,17594,4512,0,
0,35600,17654,4529,0,
0,35700,17705,4538,0,
0,35800,17762,4548,0,
0,35900,17818,4561,0,
0,36000,17871,4574,0,
0,36100,17928,4591,0,
0,36200,17970,4603,0,
0,36300,18025,4612,0,
0,36400,18080,4624,0,
0,36500,18135,4637,0,
0,36600,18185,4654,0,
0,36700,18226,4669,0,
0,36800,18271,4686,0,
0,36900,18314,4699,0,
0,37000,18365,4710,0,
0,37100,18412,4725,0,
0,37200,18477,4734,0,
0,37300,18526,4749,0,
0,37400,18574,4756,0,
0,37500,18623,4772,0,
0,37600,18674,4781,0,
0,37700,18726,4791,0,
0,37800,18769,4803,0,
0,37900,18828,4820,0,
0,38000,18880,4839,0,
0,38100,18933,4847,0,
0,38200,18982,4865,0,
0,38300,19028,4872,0,
0,38400,19089,4882,0,
0,38500,19131,4893,0,
0,38600,19176,4909,0,
0,38700,19230,4924,0,
0,38800,19280,4937,0,
0,38900,19322,4957,0,
0,39000,19363,4968,0,
0,39100,19419,4983,0,
0,39200,19463,4997,0,
0,39300,19519,5008,0,
0,39400,19572,5020,0,
0,39500,19634,5030,0,
0,39600,19681,5044,0,
0,39700,19734,5055,0,
0,39800,19786,5070,0,
0,39900,19829,5084,0,
0,40000,19889,5093,0,
0,40100,19934,5111,0,
0,40200,19980,5126,0,
0,40300,20031,5139,0,
0,40400,20075,5148,0,
0,40500,20126,5155,0,
0,40600,20176,5164,0,
0,40700,20236,5169,0,
0,40800,20283,5185,0,
0,40900,20331,5197,0,
0,41000,20381,5213,0,
0,41100,20428,5221,0,
0,41200,20477,5232,0,
0,41300,20519,5246,0,
0,41400,20582,5250,0,
0,41500,20634,5264,0,
0,41600,20685,5277,0,
0,41700,20730,5293,0,
0,41800,20770,5309,0,
0,41900,20826,5322,0,
0,42000,20878,5330,0,
0,42100,20929,5346,0,
0,42200,20983,5357,0,
0,42300,21021,5367,0,
0,42400,21075,5375,0,
0,42500,21121,5392,0,
0,42600,21167,5404,0,
0,42700,21225,5409,0,
0,42800,21281,5420,0,
0,42900,21331,5437,0,
0,43000,21378,5449,0,
0,43100,21428,5466,0,
0,43200,21470,5477,0,
0,43300,21514,5496,0,
0,43400,21558,5511,0,
0,43500,21609,5523,0,
0,43600,21657,5540,0,
0,43700,21700,5554,0,
0,43800,21747,5572,0,
0,43900,21804,5581,0,
0,44000,21847,5598,0,
0,44100,21891,5611,0,
0,44200,21942,5621,0,
0,44300,22004,5628,0,
0,44400,22051,5640,0,
0,44500,22106,5653,0,
0,44600,22149,5663,0,
0,44700,22200,5677,0,
0,44800,22247,5688,0,
0,44900,22293,5701,0,
0,45000,22350,5710,0,
0,45100,22391,5722,0,
0,45200,22445,5732,0,
0,45300,22495,5737,0,
0,45400,22550,5753,0,
0,45500,22592,5766,0,
0,45600,22646,5787,0,
0,45700,22694,5799,0,
0,45800,22737,5813,0,
0,45900,22796,5823,0,
0,46000,22840,5833,0,
0,46100,22889,5847,0,
0,46200,22940,5860,0,
0,46300,22990,5874,0,
0,46400,23039,5893,0,
0,46500,23084,5904,0,
0,46600,23135,5918,0,
0,46700,23177,5932,0,
0,46800,23240,5943,0,
0,46900,23286,5956,0,
0,47000,23335,5974,0,
0,47100,23387,5986,0,
0,47200,23429,5994,2,
0,47300,23484,6005,2,
0,47400,23529,6016,2,
0,47500,23579,6025,2,
0,47600,23630,6032,2,
0,47700,23672,6046,2,
0,47800,23718,6064,2,
0,47900,23767,6077,2,
0,48000,23819,6092,2,
0,48100,23863,6107,2,
0,48200,23912,6124,2,
0,48300,23964,6139,2,
0,48400,24020,6148,2,
0,48500,24069,6159,2,
0,48600,24115,6169,2,
0,48700,24153,6186,2,
0,48800,24198,6195,2,
0,48900,24255,6206,2,
0,49000,24297,6217,2,
0,49100,24353,6228,2,
0,49200,24401,6242,2,
0,49300,24445,6257,2,
0,49400,24488,6272,2,
0,49500,24535,6283,2,
0,49600,24585,6298,2,
0,49700,24633,6310,2,
0,49800,24687,6323,2,
0,49900,24740,6333,2,
0,50000,24793,6341,2,
0,50100,24852,6349,2,
0,50200,24895,6361,2,
0,50300,24945,6373,2,
0,50400,24994,6383,2,
0,50500,25049,6394,2,
0,50600,25096,6411,2,
0,50700,25142,6426,2,
0,50800,25188,6438,2,
0,50900,25244,6451,2,
0,51000,25301,6463,2,
0,51100,25341,6472,2,
0,51200,25391,6489,2,
0,51300,25448,6502,2,
0,51400,25487,6519,2,
0,51500,25540,6533,2,
0,51600,25585,6543,2,
0,51700,25652,6554,2,
0,51800,25705,6565,2,
0,51900,25749,6578,2,
0,52000,25800,6586,2,
0,52100,25856,6597,2,
0,52200,25904,6615,2,
0,52300,25959,6631,2,
0,52400,26010,6643,2,
0,52500,26057,6652,2,
0,52600,26115,6661,2,
0,52700,26164,6670,2,
0,52800,26229,6682,2,
0,52900,26291,6696,2,
0,53000,26336,6707,2,
0,53100,26392,6723,2,
0,53200,26442,6731,2,
0,53300,26501,6736,2,
0,53400,26564,6746,2,
0,53500,26609,6759,2,
0,53600,26664,6771,2,
0,53700,26705,6788,2,
0,53800,26758,6803,2,
0,53900,26810,6812,2,
0,54000,26856,6826,2,
0,54100,26910,6838,2,
0,54200,26963,6850,2,
0,54300,27022,6861,2,
0,54400,27071,6871,2,
0,54500,27118,6885,2,
0,54600,27166,6899,2,
0,54700,27220,6910,2,
0,54800,27265,6927,2,
0,54900,27308,6941,2,
0,55000,27356,6951,2,
0,55100,27408,6963,2,
0,55200,27473,6980,2,
0,55300,27518,6992,2,
0,55400,27568,7008,2,
0,55500,27614,7022,2,
0,55600,27674,7029,2,
0,55700,27725,7042,2,
0,55800,27773,7054,2,
0,55900,27828,7061,2,
0,56000,27875,7069,2,
0,56100,27928,7082,2,
0,56200,27983,7095,2,
0,56300,28026,7113,2,
0,56400,28072,7125,2,
0,56500,28118,7137,2,
0,56600,28171,7151,2,
0,56700,28213,7164,2,
0,56800,28268,7174,2,
0,56900,28318,7188,2,
0,57000,28365,7197,2,
0,57100,28414,7208,2,
0,57200,28455,7222,2,
0,57300,28514,7229,2,
0,57400,28553,7243,2,
0,57500,28602,7258,2,
0,57600,28650,7272,2,
0,57700,28698,7285,2,
0,57800,28746,7299,2,
0,57900,28797,7313,2,
0,58000,28859,7325,2,
0,58100,28908,7338,2,
0,58200,28960,7354,2,
0,58300,29015,7368,2,
0,58400,29066,7379,2,
0,58500,29119,7387,2,
0,58600,29168,7399,2,
0,58700,29220,7408,2,
0,58800,29272,7416,2,
0,58900,29324,7433,2,
0,59000,29379,7444,2,
0,59100,29436,7455,2,
0,59200,29488,7463,2,
0,59300,29540,7476,2,
0,59400,29589,7491,2,
0,59500,29630,7500,2,
0,59600,29678,7520,2,
0,59700,29717,7539,2,
0,59800,29768,7555,2,
0,59900,29817,7565,2,
0,60000,29863,7581,2,
0,60100,29912,7595,2,
0,60200,29964,7607,2,
0,60300,30012,7624,2,
0,60400,30069,7640,2,
0,60500,30113,7646,2,
0,60600,30163,7669,2,
0,60700,30212,7684,2,
0,60800,30266,7694,2,
0,60900,30317,7710,2,
0,61000,30371,7725,2,
0,61100,30424,7738,2,
0,61200,30472,7750,2,
0,61300,30525,7758,2,
0,61400,30569,7770,2,
0,61500,30627,7786,2,
0,61600,30676,7797,2,
0,61700,30736,7812,2,
0,61800,30780,7827,2,
0,61900,30831,7838,2,
0,62000,30876,7859,2,
0,62100,30922,7871,2,
0,62200,30979,7880,2,
0,62300,31032,7892,2,
0,62400,31085,7903,2,
0,62500,31135,7915,2,
0,62600,31180,7930,2,
0,62700,31242,7937,2,
0,62800,31299,7946,2,
0,62900,31356,7958,2,
0,63000,31409,7968,2,
0,63100,31471,7978,2,
0,63200,31518,7991,2,
0,63300,31569,8001,2,
0,63400,31627,8013,2,
0,63500,31677,8024,2,
0,63600,31732,8040,2,
0,63700,31776,8053,2,
0,63800,31823,8070,2,
0,63900,31879,8080,2,
0,64000,31919,8093,2,
0,64100,31972,8109,2,
0,64200,32010,8124,2,
0,64300,32063,8131,2,
0,64400,32121,8142,2,
0,64500,32175,8154,2,
0,64600,32231,8164,2,
0,64700,32276,8179,2,
0,64800,32325,8192,2,
0,64900,32379,8203,2,
0,65000,32439,8216,2,
0,65100,32477,8230,2,
0,65200,32535,8244,2,
0,65300,32581,8260,2,
0,65400,32624,8277,2,
0,65500,32682,8292,2,
0,65600,32726,8299,2,
0,65700,32774,8311,2,
0,65800,32823,8323,2,
0,65900,32874,8335,2,
0,66000,32933,8344,2,
0,66100,32981,8358,2,
0,66200,33035,8368,2,
0,66300,33083,8381,2,
0,66400,33139,8394,2,
0,66500,33184,8405,2,
0,66600,33240,8417,2,
0,66700,33290,8428,2,
0,66800,33336,8438,2,
0,66900,33388,8454,2,
0,67000,33430,8463,2,
0,67100,33481,8473,2,
0,67200,33522,8484,2,
0,67300,33578,8499,2,
0,67400,33620,8516,2,
0,67500,33672,8530,2,
0,67600,33727,8543,2,
0,67700,33776,8555,2,
0,67800,33834,8568,2,
0,67900,33887,8575,2,
0,68000,33940,8583,2,
0,68100,33986,8594,2,
0,68200,34020,8608,2,
0,68300,34070,8618,2,
0,68400,34113,8626,2,
0,68500,34162,8642,2,
0,68600,34206,8654,2,
0,68700,34263,8670,2,
0,68800,34321,8681,2,
0,68900,34378,8698,2,
0,69000,34440,8707,2,
0,69100,34479,8717,2,
0,69200,34529,8730,2,
0,69300,34570,8749,2,
0,69400,34628,8766,2,
0,69500,34676,8776,2,
0,69600,34720,8790,2,
0,69700,34774,8804,2,
0,69800,34821,8824,2,
0,69900,34875,8834,2,
0,70000,34930,8845,2,
0,70100,34995,8852,2,
0,70200,35045,8865,2,
0,70300,35092,8880,2,
0,70400,35148,8892,2,
0,70500,35203,8898,2,
0,70600,35253,8906,2,
0,70700,35294,8927,2,
0,70800,35351,8944,2,
0,70900,35404,8954,2,
0,71000,35454,8958,2,
0,71100,35501,8971,2,
0,71200,35548,8982,2,
0,71300,35598,8996,2,
0,71400,35650,9008,2,
0,71500,35702,9022,2,
0,71600,35754,9030,2,
0,71700,35801,9047,2,
0,71800,35851,9056,2,
0,71900,35905,9064,2,
0,72000,35956,9076,2,
0,72100,36006,9089,2,
0,72200,36059,9100,2,
0,72300,36100,9113,2,
0,72400,36147,9125,2,
0,72500,36195,9140,2,
0,72600,36249,9150,2,
0,72700,36302,9159,2,
0,72800,36343,9172,2,
0,72900,36391,9186,2,
0,73000,36438,9201,2,
0,73100,36489,9211,2,
0,73200,36541,9218,2,
0,73300,36582,9229,2,
0,73400,36638,9244,2,
0,73500,36692,9257,2,
0,73600,36748,9268,2,
0,73700,36806,9281,2,
0,73800,36851,9294,2,
0,73900,36905,9304,2,
0,74000,36951,9316,2,
0,74100,37004,9328,2,
0,74200,37047,9341,2,
0,74300,37097,9355,2,
0,74400,37141,9369,2,
0,74500,37186,9380,2,
0,74600,37240,9391,2,
0,74700,37286,9405,2,
0,74800,37339,9422,2,
0,74900,37390,9438,2,
0,75000,37445,9451,2,
0,75100,37499,9470,2,
0,75200,37559,9478,2,
0,75300,37613,9498,2,
0,75400,37657,9510,2,
0,75500,37717,9521,2,
0,75600,37769,9533,2,
0,75700,37824,9545,2,
0,75800,37870,9565,2,
0,75900,37922,9576,2,
0,76000,37980,9587,2,
0,76100,38029,9601,2,
0,76200,38085,9614,2,
0,76300,38142,9624,2,
0,76400,38192,9639,2,
0,76500,38249,9651,2,
0,76600,38303,9666,2,
0,76700,38357,9679,2,
0,76800,38405,9689,2,
0,76900,38467,9700,2,
0,77000,38509,9715,2,
0,77100,38564,9728,2,
0,77200,38622,9742,2,
0,77300,38666,9752,2,
0,77400,38725,9762,2,
0,77500,38766,9773,2,
0,77600,38809,9792,2,
0,77700,38857,9803,2,
0,77800,38904,9820,2,
0,77900,38956,9834,2,
0,78000,39005,9842,2,
0,78100,39058,9854,2,
0,78200,39113,9862,2,
0,78300,39166,9874,2,
0,78400,39207,9885,2,
0,78500,39255,9901,2,
0,78600,39307,9918,2,
0,78700,39352,9927,2,
0,78800,39405,9937,2,
0,78900,39451,9948,2,
0,79000,39505,9957,2,
0,79100,39548,9969,2,
0,79200,39593,9991,2,
0,79300,39647,10003,2,
0,79400,39694,10022,2,
0,79500,39748,10033,2,
0,79600,39796,10044,2,
0,79700,39845,10064,2,
0,79800,39890,10079,2,
0,79900,39934,10092,2,
0,80000,39986,10108,2,
0,80100,40031,10113,2,
0,80200,40086,10127,2,
0,80300,40137,10136,2,
0,80400,40187,10149,2,
0,80500,40235,10163,2,
0,80600,40288,10172,2,
0,80700,40343,10185,2,
0,80800,40390,10196,2,
0,80900,40444,10216,2,
0,81000,40492,10226,2,
0,81100,40538,10240,2,
0,81200,40580,10255,2,
0,81300,40632,10267,2,
0,81400,40686,10275,2,
0,81500,40739,10282,2,
0,81600,40783,10297,2,
0,81700,40832,10312,2,
0,81800,40883,10323,2,
0,81900,40929,10334,2,
0,82000,40988,10344,2,
0,82100,41042,10360,2,
0,82200,41079,10379,2,
0,82300,41133,10391,2,
0,82400,41177,10401,2,
0,82500,41237,10411,2,
0,82600,41280,10421,2,
0,82700,41326,10438,2,
0,82800,41375,10448,2,
0,82900,41417,10460,2,
0,83000,41462,10485,2,
0,83100,41512,10505,2,
0,83200,41565,10522,2,
0,83300,41602,10540,2,
0,83400,41660,10555,2,
0,83500,41707,10562,2,
0,83600,41763,10574,2,
0,83700,41813,10590,2,
0,83800,41864,10600,2,
0,83900,41911,10616,2,
0,84000,41952,10625,2,
0,84100,42002,10642,2,
0,84200,42049,10653,2,
0,84300,42097,10665,2,
0,84400,42152,10681,2,
0,84500,42201,10694,2,
0,84600,42251,10702,2,
0,84700,42298,10713,2,
0,84800,42344,10728,2,
0,84900,42392,10741,2,
0,85000,42441,10754,2,
0,85100,42496,10766,2,
0,85200,42539,10776,2,
0,85300,42593,10789,2,
0,85400,42634,10806,2,
0,85500,42695,10816,2,
0,85600,42744,10831,2,
0,85700,42788,10844,2,
0,85800,42849,10853,2,
0,85900,42896,10859,2,
0,86000,42954,10872,2,
0,86100,43007,10880,2,
0,86200,43058,10892,2,
0,86300,43119,10902,2,
0,86400,43155,10916,2,
