0,100,52,13,0,
0,200,106,24,0,
0,300,148,37,0,
0,400,197,56,0,
0,500,256,61,0,
0,600,305,78,0,
0,700,349,90,0,
0,800,406,104,0,
0,900,456,119,0,
0,1000,512,132,0,
0,1100,563,150,0,
0,1200,624,156,0,
0,1300,683,168,0,
0,1400,729,181,0,
0,1500,773,196,0,
0,1600,828,209,0,
0,1700,876,222,0,
0,1800,935,235,0,
0,1900,976,247,0,
0,2000,1030,263,0,
0,2100,1070,282,0,
0,2200,1124,288,0,
0,2300,1166,306,0,
0,2400,1210,320,0,
0,2500,1266,327,0,
0,2600,1313,340,0,
0,2700,1372,357,0,
0,2800,1413,370,0,
0,2900,1470,379,0,
0,3000,1530,391,0,
0,3100,1582,404,0,
0,3200,1635,416,0,
0,3300,1684,431,0,
0,3400,1738,441,0,
0,3500,1785,451,0,
0,3600,1835,468,0,
0,3700,1879,486,0,
0,3800,1933,498,0,
0,3900,1986,508,0,
0,4000,2031,520,0,
0,4100,2088,529,0,
0,4200,2138,538,0,
0,4300,2187,548,0,
0,4400,2239,558,0,
0,4500,2282,574,0,
0,4600,2343,580,0,
0,4700,2389,588,0,
0,4800,2437,605,0,
0,4900,2483,619,0,
0,5000,2527,631,0,
0,5100,2576,643,0,
0,5200,2626,655,0,
0,5300,2680,664,0,
0,5400,2723,676,0,
0,5500,2778,688,0,
0,5600,2827,698,0,
0,5700,2879,713,0,
0,5800,2934,725,0,
0,5900,2986,735,0,
0,6000,3033,752,0,
0,6100,3077,769,0,
0,6200,3120,784,0,
0,6300,3173,794,0,
0,6400,3228,808,0,
0,6500,3277,823,0,
0,6600,3322,833,0,
0,6700,3370,851,0,
0,6800,3423,856,0,
0,6900,3472,867,0,
0,7000,3517,878,0,
0,7100,3570,890,0,
0,7200,3611,904,0,
0,7300,3655,914,0,
0,7400,3709,929,0,
0,7500,3760,940,0,
0,7600,3809,953,0,
0,7700,3857,968,0,
0,7800,3916,982,0,
0,7900,3972,995,0,
0,8000,4027,1007,0,
0,8100,4076,1023,0,
0,8200,4118,1033,0,
0,8300,4168,1047,0,
0,8400,4213,1056,0,
0,8500,4261,1069,0,
0,8600,4314,1078,0,
0,8700,4368,1087,0,
0,8800,4414,1100,0,
0,8900,4463,1109,0,
0,9000,4528,1125,0,
0,9100,4589,1140,0,
0,9200,4636,1154,0,
0,9300,4682,1167,0,
0,9400,4726,1180,0,
0,9500,4787,1195,0,
0,9600,4835,1206,0,
0,9700,4888,1218,0,
0,9800,4938,1225,0,
0,9900,5001,1237,0,
0,10000,5056,1250,0,
0,10100,5107,1263,0,
0,10200,5150,1277,0,
0,10300,5200,1287,0,
0,10400,5250,1302,0,
0,10500,5305,1317,0,
0,10600,5362,1332,0,
0,10700,5422,1340,0,
0,10800,5474,1346,0,
0,10900,5525,1363,0,
0,11000,5573,1375,0,
0,11100,5624,1388,0,
0,11200,5675,1398,0,
0,11300,5728,1412,0,
0,11400,5777,1428,0,
0,11500,5828,1442,0,
0,11600,5891,1454,0,
0,11700,5944,1464,0,
0,11800,5990,1478,0,
0,11900,6035,1492,0,
0,12000,6086,1504,0,
0,12100,6143,1514,0,
0,12200,6196,1523,0,
0,12300,6246,1534,0,
0,12400,6292,1548,0,
0,12500,6358,1563,0,
0,12600,6397,1578,2,
0,12700,6446,1586,2,
0,12800,6496,1596,2,
0,12900,6546,1614,2,
0,13000,6596,1624,2,
0,13100,6639,1636,2,
0,13200,6686,1650,4,
0,13300,6743,1661,4,
0,13400,6798,1680,4,
0,13500,6847,1695,4,
0,13600,6898,1709,4,
0,13700,6954,1720,4,
0,13800,6995,1735,4,
0,13900,7045,1747,4,
0,14000,7090,1759,4,
0,14100,7136,1775,4,
0,14200,7185,1789,4,
0,14300,7244,1801,4,
0,14400,7301,1810,4,
0,14500,7348,1821,4,
0,14600,7396,1834,4,
0,14700,7444,1844,4,
0,14800,7491,1859,4,
0,14900,7538,1876,4,
0,15000,7583,1888,4,
0,15100,7641,1898,4,
0,15200,7689,1910,4,
0,15300,7746,1927,4,
0,15400,7793,1941,4,
0,15500,7845,1950,4,
0,15600,7894,1962,4,
0,15700,7940,1976,4,
0,15800,7988,1987,4,
0,15900,8029,2001,4,
0,16000,8080,2021,4,
0,16100,8122,2036,4,
0,16200,8176,2053,4,
0,16300,8223,2068,4,
0,16400,8267,2078,4,
0,16500,8316,2087,4,
0,16600,8363,2102,4,
0,16700,8404,2122,4,
0,16800,8448,2128,4,
0,16900,8496,2142,4,
0,17000,8560,2150,4,
0,17100,8616,2155,4,
0,17200,8677,2163,4,
0,17300,8734,2175,4,
0,17400,8793,2188,4,
0,17500,8841,2199,4,
0,17600,8894,2207,4,
0,17700,8941,2215,4,
0,17800,8980,2233,4,
0,17900,9029,2250,4,
0,18000,9084,2260,4,
0,18100,9128,2280,4,
0,18200,9172,2293,4,
0,18300,9222,2304,4,
0,18400,9269,2322,4,
0,18500,9317,2335,4,
0,18600,9376,2352,4,
0,18700,9432,2360,4,
0,18800,9476,2374,4,
0,18900,9519,2388,4,
0,19000,9572,2404,4,
0,19100,9624,2412,4,
0,19200,9669,2422,4,
0,19300,9717,2428,4,
0,19400,9764,2439,4,
0,19500,9814,2457,4,
0,19600,9864,2474,4,
0,19700,9920,2484,4,
0,19800,9974,2498,4,
0,19900,10024,2512,4,
0,20000,10079,2521,4,
0,20100,10118,2530,4,
0,20200,10175,2544,4,
0,20300,10227,2556,4,
0,20400,10279,2565,4,
0,20500,10335,2575,4,
0,20600,10372,2587,4,
0,20700,10423,2609,4,
0,20800,10468,2620,4,
0,20900,10519,2635,4,
0,21000,10562,2647,4,
0,21100,10611,2658,4,
0,21200,10664,2668,4,
0,21300,10716,2681,4,
0,21400,10767,2691,4,
0,21500,10810,2701,4,
0,21600,10860,2720,4,
0,21700,10910,2728,4,
0,21800,10954,2746,4,
0,21900,11006,2758,4,
0,22000,11054,2768,4,
0,22100,11099,2781,4,
0,22200,11154,2791,4,
0,22300,11211,2802,4,
0,22400,11249,2817,4,
0,22500,11296,2830,4,
0,22600,11346,2841,4,
0,22700,11396,2855,4,
0,22800,11448,2865,4,
0,22900,11493,2879,4,
0,23000,11535,2887,6,
0,23100,11585,2902,6,
0,23200,11647,2915,6,
0,23300,11704,2929,6,
0,23400,11754,2941,6,
0,23500,11803,2956,6,
0,23600,11855,2969,6,
0,23700,11916,2979,6,
0,23800,11957,2992,6,
0,23900,12010,3013,6,
0,24000,12057,3025,6,
0,24100,12102,3039,6,
0,24200,12157,3052,6,
0,24300,12208,3060,6,
0,24400,12267,3074,6,
0,24500,12315,3083,6,
0,24600,12379,3093,6,
0,24700,12440,3099,6,
0,24800,12507,3110,6,
0,24900,12559,3122,6,
0,25000,12609,3128,6,
0,25100,12668,3134,6,
0,25200,12708,3153,6,
0,25300,12763,3173,6,
0,25400,12809,3186,6,
0,25500,12862,3205,6,
0,25600,12913,3215,6,
0,25700,12960,3225,6,
0,25800,13005,3241,6,
0,25900,13047,3260,6,
0,26000,13105,3274,6,
0,26100,13162,3284,6,
0,26200,13202,3297,6,
0,26300,13260,3315,6,
0,26400,13316,3322,6,
0,26500,13371,3332,6,
0,26600,13419,3346,6,
0,26700,13467,3360,6,
0,26800,13516,3371,6,
0,26900,13566,3388,6,
0,27000,13628,3401,6,
0,27100,13674,3415,6,
0,27200,13722,3430,6,
0,27300,13769,3449,6,
0,27400,13829,3464,6,
0,27500,13875,3478,6,
0,27600,13922,3487,6,
0,27700,13981,3508,6,
0,27800,14022,3528,6,
0,27900,14076,3538,6,
0,28000,14127,3548,6,
0,28100,14175,3560,6,
0,28200,14221,3574,6,
0,28300,14276,3587,6,
0,28400,14325,3604,6,
0,28500,14374,3612,6,
0,28600,14428,3620,6,
0,28700,14467,3633,6,
0,28800,14517,3643,6,
0,28900,14569,3656,6,
0,29000,14612,3672,6,
0,29100,14658,3685,6,
0,29200,14701,3702,6,
0,29300,14759,3716,6,
0,29400,14808,3722,6,
0,29500,14858,3737,6,
0,29600,14916,3750,6,
0,29700,14955,3765,6,
0,29800,15014,3778,6,
0,29900,15061,3789,6,
0,30000,15117,3804,6,
0,30100,15164,3820,6,
0,30200,15218,3828,6,
0,30300,15273,3843,6,
0,30400,15323,3853,6,
0,30500,15373,3874,6,
0,30600,15423,3884,6,
0,30700,15468,3905,6,
0,30800,15524,3919,6,
0,30900,15574,3927,6,
0,31000,15622,3942,6,
0,31100,15663,3956,6,
0,31200,15728,3968,6,
0,31300,15778,3978,6,
0,31400,15826,3990,6,
0,31500,15869,4001,6,
0,31600,15927,4011,6,
0,31700,15977,4021,6,
0,31800,16023,4032,6,
0,31900,16080,4041,6,
0,32000,16128,4050,6,
0,32100,16190,4066,6,
0,32200,16234,4079,6,
0,32300,16283,4093,6,
0,32400,16325,4111,6,
0,32500,16371,4123,6,
0,32600,16425,4141,6,
0,32700,16471,4154,6,
0,32800,16527,4168,6,
0,32900,16581,4181,6,
0,33000,16626,4194,6,
0,33100,16676,4205,6,
0,33200,16725,4215,6,
0,33300,16780,4227,6,
0,33400,16828,4241,6,
0,33500,16887,4249,6,
0,33600,16937,4261,6,
0,33700,16990,4273,6,
0,33800,17044,4284,6,
0,33900,17090,4298,6,
0,34000,17142,4312,6,
0,34100,17188,4325,6,
0,34200,17248,4338,6,
0,34300,17297,4350,6,
0,34400,17355,4365,6,
0,34500,17412,4374,6,
0,34600,17455,4394,6,
0,34700,17510,4403,6,
0,34800,17555,4412,6,
0,34900,17613,4430,6,
0,35000,17665,4438,6,
0,35100,17721,4446,6,
0,35200,17777,4461,6,
0,35300,17822,4474,6,
0,35400,17875,4486,6,
0,35500,17924,4491,6,
0,35600,17967,4504,6,
0,35700,18018,4518,6,
0,35800,18064,4534,6,
0,35900,18116,4553,6,
0,36000,18157,4569,6,
0,36100,18195,4590,6,
0,36200,18241,4608,6,
0,36300,18292,4618,6,
0,36400,18343,4628,6,
0,36500,18387,4648,6,
0,36600,18439,4658,6,
0,36700,18488,4666,6,
0,36800,18541,4679,6,
0,36900,18586,4693,6,
0,37000,18626,4714,6,
0,37100,18673,4726,6,
0,37200,18730,4744,6,
0,37300,18781,4758,6,
0,37400,18826,4772,6,
0,37500,18880,4780,6,
0,37600,18929,4788,6,
0,37700,18986,4800,6,
0,37800,19026,4811,6,
0,37900,19075,4820,6,
0,38000,19128,4833,6,
0,38100,19173,4842,6,
0,38200,19219,4855,6,
0,38300,19265,4863,6,
0,38400,19318,4878,6,
0,38500,19366,4893,6,
0,38600,19420,4913,6,
0,38700,19466,4928,6,
0,38800,19521,4937,6,
0,38900,19581,4951,6,
0,39000,19634,4959,6,
0,39100,19692,4969,6,
0,39200,19732,4982,6,
0,39300,19786,4992,6,
0,39400,19833,5000,6,
0,39500,19874,5013,6,
0,39600,19934,5031,6,
0,39700,19984,5043,6,
0,39800,20045,5056,6,
0,39900,20099,5065,6,
0,40000,20155,5074,6,
0,40100,20201,5086,6,
0,40200,20248,5093,6,
0,40300,20300,5104,6,
0,40400,20350,5117,6,
0,40500,20400,5130,6,
0,40600,20440,5145,6,
0,40700,20495,5159,6,
0,40800,20551,5172,6,
0,40900,20610,5186,6,
0,41000,20660,5197,6,
0,41100,20705,5213,6,
0,41200,20750,5229,6,
0,41300,20796,5240,6,
0,41400,20853,5253,6,
0,41500,20903,5265,6,
0,41600,20953,5278,6,
0,41700,20998,5297,6,
0,41800,21042,5308,6,
0,41900,21097,5318,6,
0,42000,21139,5333,6,
0,42100,21188,5351,6,
0,42200,21226,5372,6,
0,42300,21281,5381,6,
0,42400,21340,5400,6,
0,42500,21382,5410,6,
0,42600,21428,5426,6,
0,42700,21474,5435,6,
0,42800,21527,5451,6,
0,42900,21577,5465,6,
0,43000,21630,5481,6,
0,43100,21682,5499,6,
0,43200,21735,5505,6,
0,43300,21778,5516,6,
0,43400,21827,5526,6,
0,43500,21884,5538,6,
0,43600,21932,5550,6,
0,43700,21991,5558,6,
0,43800,22042,5583,6,
0,43900,22085,5593,6,
0,44000,22139,5603,6,
0,44100,22183,5619,6,
0,44200,22231,5632,6,
0,44300,22287,5642,6,
0,44400,22337,5655,6,
0,44500,22386,5670,6,
0,44600,22428,5687,6,
0,44700,22492,5706,6,
0,44800,22542,5716,6,
0,44900,22590,5729,6,
0,45000,22635,5742,6,
0,45100,22690,5756,6,
0,45200,22736,5771,6,
0,45300,22788,5784,6,
0,45400,22828,5800,6,
0,45500,22878,5811,6,
0,45600,22929,5823,6,
0,45700,22980,5839,6,
0,45800,23031,5853,6,
0,45900,23083,5862,6,
0,46000,23128,5871,6,
0,46100,23180,5886,6,
0,46200,23224,5903,6,
0,46300,23280,5909,6,
0,46400,23327,5917,6,
0,46500,23374,5928,6,
0,46600,23443,5933,6,
0,46700,23497,5944,6,
0,46800,23551,5971,6,
0,46900,23600,5988,6,
0,47000,23664,5999,6,
0,47100,23725,6006,6,
0,47200,23769,6017,6,
0,47300,23824,6035,6,
0,47400,23875,6048,6,
0,47500,23929,6055,6,
0,47600,23977,6070,6,
0,47700,24030,6083,6,
0,47800,24077,6093,6,
0,47900,24125,6106,6,
0,48000,24183,6118,6,
0,48100,24235,6125,6,
0,48200,24289,6140,6,
0,48300,24332,6153,6,
0,48400,24383,6161,6,
0,48500,24433,6171,6,
0,48600,24478,6184,6,
0,48700,24531,6200,6,
0,48800,24574,6214,6,
0,48900,24625,6231,6,
0,49000,24668,6245,6,
0,49100,24718,6258,6,
0,49200,24765,6271,6,
0,49300,24816,6287,6,
0,49400,24866,6303,6,
0,49500,24919,6314,6,
0,49600,24975,6328,6,
0,49700,25015,6336,6,
0,49800,25065,6344,6,
0,49900,25114,6359,6,
0,50000,25158,6372,6,
0,50100,25206,6384,6,
0,50200,25255,6394,6,
0,50300,25312,6404,6,
0,50400,25357,6419,6,
0,50500,25417,6427,6,
0,50600,25461,6445,6,
0,50700,25509,6460,6,
0,50800,25553,6476,6,
0,50900,25598,6492,6,
0,51000,25661,6508,6,
0,51100,25705,6523,6,
0,51200,25755,6538,6,
0,51300,25809,6556,6,
0,51400,25850,6566,6,
0,51500,25901,6578,6,
0,51600,25939,6591,6,
0,51700,25989,6608,6,
0,51800,26040,6621,6,
0,51900,26105,6635,6,
0,52000,26154,6647,6,
0,52100,26205,6666,6,
0,52200,26257,6676,6,
0,52300,26309,6693,6,
0,52400,26368,6708,6,
0,52500,26413,6716,6,
0,52600,26463,6730,6,
0,52700,26509,6744,6,
0,52800,26551,6758,6,
0,52900,26607,6771,6,
0,53000,26650,6782,6,
0,53100,26718,6792,6,
0,53200,26765,6807,6,
0,53300,26812,6828,6,
0,53400,26858,6840,6,
0,53500,26907,6850,6,
0,53600,26962,6860,6,
0,53700,27002,6878,6,
0,53800,27058,6889,6,
0,53900,27104,6907,6,
0,54000,27159,6918,6,
0,54100,27209,6932,6,
0,54200,27259,6943,6,
0,54300,27312,6952,6,
0,54400,27356,6965,6,
0,54500,27416,6977,6,
0,54600,27473,6989,6,
0,54700,27528,7002,6,
0,54800,27594,7015,6,
0,54900,27638,7028,6,
0,55000,27685,7046,6,
0,55100,27724,7062,6,
0,55200,27782,7074,6,
0,55300,27829,7090,6,
0,55400,27888,7100,6,
0,55500,27937,7107,6,
0,55600,27976,7121,6,
0,55700,28033,7125,6,
0,55800,28075,7136,6,
0,55900,28125,7147,6,
0,56000,28173,7159,6,
0,56100,28234,7170,6,
0,56200,28284,7182,6,
0,56300,28338,7197,6,
0,56400,28385,7207,6,
0,56500,28434,7217,6,
0,56600,28490,7224,6,
0,56700,28531,7237,6,
0,56800,28588,7255,6,
0,56900,28639,7269,6,
0,57000,28690,7283,6,
0,57100,28741,7295,6,
0,57200,28789,7304,6,
0,57300,28845,7314,6,
0,57400,28899,7326,6,
0,57500,28958,7339,6,
0,57600,29008,7349,6,
0,57700,29053,7358,6,
0,57800,29110,7367,6,
0,57900,29166,7379,6,
0,58000,29222,7396,6,
0,58100,29269,7403,6,
0,58200,29315,7418,6,
0,58300,29357,7435,6,
0,58400,29400,7452,6,
0,58500,29450,7467,6,
0,58600,29498,7477,6,
0,58700,29551,7490,6,
0,58800,29605,7499,6,
0,58900,29654,7514,6,
0,59000,29696,7532,6,
0,59100,29742,7545,6,
0,59200,29796,7560,6,
0,59300,29840,7573,6,
0,59400,29897,7584,6,
0,59500,29958,7595,6,
0,59600,30014,7604,6,
0,59700,30066,7609,6,
0,59800,30119,7619,6,
0,59900,30170,7634,6,
0,60000,30212,7646,6,
0,60100,30270,7654,6,
0,60200,30320,7664,6,
0,60300,30388,7674,6,
0,60400,30450,7695,6,
0,60500,30498,7704,6,
0,60600,30553,7717,6,
0,60700,30596,7732,6,
0,60800,30647,7748,6,
0,60900,30691,7760,6,
0,61000,30744,7774,6,
0,61100,30808,7781,6,
0,61200,30861,7791,6,
0,61300,30913,7800,6,
0,61400,30954,7813,6,
0,61500,31010,7828,6,
0,61600,31049,7843,6,
0,61700,31101,7861,6,
0,61800,31155,7872,6,
0,61900,31204,7881,6,
0,62000,31252,7890,6,
0,62100,31294,7895,6,
0,62200,31349,7909,6,
0,62300,31398,7919,6,
0,62400,31446,7934,6,
0,62500,31504,7950,6,
0,62600,31551,7961,6,
0,62700,31598,7982,6,
0,62800,31651,7991,6,
0,62900,31698,8000,6,
0,63000,31748,8013,6,
0,63100,31806,8023,6,
0,63200,31861,8035,6,
0,63300,31911,8048,6,
0,63400,31963,8060,6,
0,63500,32003,8071,6,
0,63600,32060,8082,6,
0,63700,32103,8103,6,
0,63800,32160,8118,6,
0,63900,32208,8135,6,
0,64000,32253,8150,6,
0,64100,32303,8164,6,
0,64200,32348,8180,6,
0,64300,32397,8192,6,
0,64400,32442,8203,6,
0,64500,32502,8215,6,
0,64600,32562,8225,6,
0,64700,32608,8233,6,
0,64800,32660,8247,6,
0,64900,32707,8264,6,
0,65000,32759,8282,6,
0,65100,32806,8291,6,
0,65200,32855,8304,6,
0,65300,32904,8318,6,
0,65400,32950,8331,6,
0,65500,33009,8350,6,
0,65600,33057,8358,6,
0,65700,33102,8379,6,
0,65800,33140,8392,6,
0,65900,33194,8411,6,
0,66000,33244,8428,6,
0,66100,33292,8434,6,
0,66200,33351,8444,6,
0,66300,33400,8458,6,
0,66400,33455,8475,6,
0,66500,33503,8481,6,
0,66600,33560,8489,6,
0,66700,33605,8499,6,
0,66800,33663,8510,6,
0,66900,33716,8519,6,
0,67000,33771,8527,6,
0,67100,33820,8541,6,
0,67200,33864,8555,6,
0,67300,33914,8569,6,
0,67400,33958,8586,6,
0,67500,34008,8606,6,
0,67600,34050,8622,6,
0,67700,34093,8637,6,
0,67800,34158,8648,6,
0,67900,34203,8656,6,
0,68000,34250,8672,6,
0,68100,34294,8684,6,
0,68200,34333,8701,6,
0,68300,34386,8714,6,
0,68400,34432,8727,6,
0,68500,34487,8736,6,
0,68600,34532,8748,6,
0,68700,34580,8767,6,
0,68800,34630,8783,6,
0,68900,34682,8794,6,
0,69000,34743,8813,6,
0,69100,34787,8823,6,
0,69200,34838,8837,6,
0,69300,34887,8845,6,
0,69400,34938,8860,6,
0,69500,34989,8872,6,
0,69600,35025,8889,6,
0,69700,35072,8901,6,
0,69800,35119,8913,6,
0,69900,35179,8927,6,
0,70000,35233,8936,6,
0,70100,35297,8952,6,
0,70200,35352,8964,6,
0,70300,35408,8976,6,
0,70400,35460,8988,6,
0,70500,35519,8995,6,
0,70600,35575,9011,6,
0,70700,35627,9023,6,
0,70800,35668,9042,6,
0,70900,35722,9050,6,
0,71000,35780,9058,6,
0,71100,35831,9068,6,
0,71200,35874,9078,6,
0,71300,35928,9095,6,
0,71400,35981,9106,6,
0,71500,36026,9122,6,
0,71600,36080,9135,6,
0,71700,36125,9148,6,
0,71800,36177,9156,6,
0,71900,36217,9165,6,
0,72000,36274,9176,6,
0,72100,36329,9181,6,
0,72200,36395,9190,6,
0,72300,36439,9202,6,
0,72400,36478,9212,6,
0,72500,36536,9225,6,
0,72600,36586,9233,6,
0,72700,36635,9248,6,
0,72800,36691,9260,6,
0,72900,36749,9267,6,
0,73000,36799,9279,6,
0,73100,36838,9289,6,
0,73200,36890,9301,6,
0,73300,36937,9313,6,
0,73400,36986,9328,6,
0,73500,37027,9338,6,
0,73600,37092,9355,6,
0,73700,37140,9373,6,
0,73800,37191,9384,6,
0,73900,37250,9396,6,
0,74000,37304,9413,6,
0,74100,37358,9425,6,
0,74200,37402,9437,6,
0,74300,37441,9456,6,
0,74400,37496,9469,6,
0,74500,37545,9478,6,
0,74600,37593,9494,6,
0,74700,37641,9501,6,
0,74800,37692,9512,6,
0,74900,37749,9518,6,
0,75000,37805,9530,6,
0,75100,37847,9540,6,
0,75200,37903,9548,6,
0,75300,37957,9565,6,
0,75400,38007,9574,6,
0,75500,38055,9592,6,
0,75600,38093,9605,6,
0,75700,38138,9624,6,
0,75800,38197,9635,6,
0,75900,38251,9648,6,
0,76000,38306,9666,6,
0,76100,38355,9672,6,
0,76200,38411,9685,6,
0,76300,38457,9698,6,
0,76400,38513,9712,6,
0,76500,38568,9723,6,
0,76600,38613,9733,6,
0,76700,38673,9745,6,
0,76800,38726,9757,6,
0,76900,38779,9774,6,
0,77000,38822,9787,6,
0,77100,38878,9799,6,
0,77200,38932,9811,6,
0,77300,38978,9824,6,
0,77400,39038,9835,6,
0,77500,39081,9853,6,
0,77600,39143,9865,6,
0,77700,39193,9881,6,
0,77800,39253,9893,6,
0,77900,39312,9905,6,
0,78000,39364,9917,6,
0,78100,39425,9929,6,
0,78200,39464,9941,6,
0,78300,39515,9955,6,
0,78400,39563,9969,6,
0,78500,39607,9985,6,
0,78600,39663,9999,6,
0,78700,39714,10013,6,
0,78800,39764,10028,6,
0,78900,39796,10047,6,
0,79000,39853,10063,6,
0,79100,39900,10074,6,
0,79200,39957,10088,6,
0,79300,40010,10095,6,
0,79400,40062,10105,6,
0,79500,40103,10121,6,
0,79600,40149,10134,6,
0,79700,40206,10150,6,
0,79800,40258,10162,6,
0,79900,40306,10178,6,
0,80000,40354,10191,6,
0,80100,40410,10203,6,
0,80200,40462,10218,6,
0,80300,40506,10229,6,
0,80400,40558,10243,6,
0,80500,40601,10261,6,
0,80600,40653,10274,6,
0,80700,40705,10289,6,
0,80800,40749,10303,6,
0,80900,40800,10319,6,
0,81000,40840,10333,6,
0,81100,40898,10344,6,
0,81200,40944,10359,6,
0,81300,41008,10371,6,
0,81400,41061,10382,6,
0,81500,41104,10390,6,
0,81600,41162,10405,6,
0,81700,41210,10409,6,
0,81800,41259,10420,6,
0,81900,41301,10430,6,
0,82000,41346,10448,6,
0,82100,41396,10461,6,
0,82200,41444,10474,6,
0,82300,41494,10486,6,
0,82400,41544,10497,6,
0,82500,41589,10515,6,
0,82600,41635,10528,6,
0,82700,41689,10538,6,
0,82800,41739,10553,6,
0,82900,41778,10567,6,
0,83000,41827,10584,6,
0,83100,41865,10594,6,
0,83200,41909,10614,6,
0,83300,41968,10627,6,
0,83400,42022,10640,6,
0,83500,42073,10658,6,
0,83600,42122,10668,6,
0,83700,42170,10683,6,
0,83800,42229,10688,6,
0,83900,42283,10699,6,
0,84000,42334,10709,6,
0,84100,42381,10724,6,
0,84200,42428,10736,6,
0,84300,42471,10747,6,
0,84400,42531,10764,6,
0,84500,42579,10776,6,
0,84600,42636,10792,6,
0,84700,42690,10803,6,
0,84800,42739,10821,6,
0,84900,42790,10836,6,
0,85000,42842,10847,6,
0,85100,42893,10865,6,
0,85200,42933,10875,6,
0,85300,42989,10881,6,
0,85400,43039,10893,6,
0,85500,43097,10902,6,
0,85600,43147,10920,6,
0,85700,43190,10933,6,
0,85800,43235,10944,6,
0,85900,43277,10958,6,
0,86000,43333,10968,6,
0,86100,43389,10977,6,
0,86200,43437,10997,6,
0,86300,43483,11011,6,
0,86400,43543,11021,6,
