3,1,000006,-5.25,-94.1333,21
46,2,000042,-44.1602,1.75,51
88,3,000040,5.25,28.1112,21
91,4,000054,5.25,28.9424,21
183,5,000147,27.8497,-1.75,21
237,6,000174,5.25,28.7703,21
243,7,000180,5.25,27.5071,21
498,8,000208,-1.75,-24.8989,21
614,9,000412,-38.0372,1.75,51
642,10,000363,1.75,36.8815,21
647,11,000373,5.25,29.5053,21
717,12,000338,28.9178,-1.75,21
719,13,000389,28.5467,-1.75,21
771,14,000455,1.75,18.8406,21
809,15,000525,-5.25,-29.3429,21
891,16,000580,29.0682,-1.75,21
956,17,000613,1.75,29.9441,21
988,18,000587,24.8981,-1.75,21
1471,19,000890,-5.25,-18.7105,21
1482,20,000895,-1.75,-27.2711,21
1554,21,000904,-26.7313,5.25,51
1659,22,000991,-1.75,-28.6067,21
1773,23,001086,5.25,28.2507,21
1920,24,001225,-5.25,-29.0028,21
1941,25,001239,-1.75,-33.2592,21
2146,26,001376,29.4,-5.25,21
2184,27,001343,1.75,27.6742,21
2200,28,001402,1.75,30.9715,21
2330,29,001437,1.75,27.6739,21
2336,30,001484,1.75,27.9195,21
2359,31,001503,5.25,27.6451,21
2363,32,001315,-1.75,-26.9426,21
2383,33,001473,-27.8213,5.25,51
2467,34,001525,1.75,27.1936,21
2622,35,001675,-1.75,-27.2411,21
2640,36,001694,-1.75,-29.2787,21
2741,37,001700,-5.25,-19.7869,21
2767,38,001771,5.25,29.7214,21
3033,39,001884,1.75,30.5162,21
3040,40,001935,5.25,29.302,21
3090,41,001742,-26.6014,5.25,51
3314,42,002051,5.25,29.6094,21
3457,43,002176,1.75,29.9932,21
3737,44,002303,1.75,29.1183,21
3817,45,002400,31.065,-1.75,21
4012,46,002441,-1.75,-28.0367,21
4101,47,002582,29.467,-5.25,21
4355,48,002662,26.4699,-1.75,21
4603,49,002908,1.75,32.8982,21
4729,50,002982,-1.75,-29.5923,21
4901,51,003040,-24.2976,5.25,51
4979,52,003083,1.75,26.0529,21
5298,53,003330,5.25,29.512,21
5471,54,003371,-38.9583,1.75,51
5511,55,003395,16.4136,-1.75,21
5751,56,003578,-46.8206,1.75,51
5787,57,003633,29.1813,-1.75,21
5837,58,003664,1.75,43.726,21
5854,59,003669,1.75,19.1329,21
5982,60,003751,-1.75,-29.4811,21
6135,61,003841,-1.75,-34.0234,21
6231,62,003689,1.75,18.8409,21
6235,63,003849,-1.75,-15.4273,21
6249,64,003744,1.75,27.9896,21
6301,65,003892,-22.2652,5.25,22
6373,66,003946,5.25,25.7815,21
6396,67,004001,-5.25,-29.6643,21
6550,68,004094,-1.75,-29.0021,21
6838,69,004265,1.75,32.0805,21
6840,70,004267,1.75,29.339,21
6933,71,004117,-5.25,-21.6369,21
6981,72,004350,-1.75,-29.3557,21
7013,73,004218,28.4054,-1.75,21
7018,74,004371,-37.5483,1.75,51
7041,75,004386,-29.7303,5.25,51
7147,76,004412,20.1134,-5.25,21
7174,77,004491,-36.1104,1.75,51
7248,78,004527,1.75,29.0657,21
7250,79,004529,1.75,28.4971,21
7421,80,004432,18.8405,-1.75,21
7580,81,004735,-29.3853,5.25,22
7581,82,004734,-32.8302,1.75,51
7636,83,004555,1.75,29.545,21
7645,84,004606,1.75,28.1698,21
7700,85,004682,14.9939,-1.75,21
7742,86,004825,-20.9964,5.25,51
7850,87,004848,25.9999,-5.25,21
7988,88,004906,-29.7263,5.25,51
8031,89,005028,29.2125,-1.75,21
8033,90,005004,-29.7397,5.25,51
8059,91,004984,1.75,19.3624,21
8068,92,004990,1.75,25.6493,21
8143,93,005100,-35.3937,1.75,51
8277,94,005102,27.9422,-1.75,21
8445,95,005304,-61.5183,1.75,51
8626,96,005260,1.75,27.0678,21
8652,97,005419,1.75,29.7664,21
8828,98,005485,25.4615,-5.25,21
9415,99,005877,29.7676,-1.75,21
9596,100,005583,-1.75,-23.7361,21
9640,101,006027,-1.75,-75.5236,21
9694,102,006055,29.8731,-5.25,21
9749,103,006043,-5.25,-28.723,21
9751,104,006047,-5.25,-29.9952,21
9805,105,005969,-27.1777,5.25,51
9871,106,005950,5.25,18.841,21
9952,107,006158,-35.4554,1.75,51
9963,108,006214,-55.773,1.75,51
10033,109,006189,-1.75,-18.7097,21
10038,110,006193,-5.25,-28.3021,21
10061,111,006272,5.25,29.5925,21
10093,112,006164,28.5187,-1.75,21
10095,113,006207,28.2403,-1.75,21
10204,114,006359,1.75,27.4789,21
10346,115,006366,1.75,20.7071,21
10436,116,006370,1.75,28.2391,21
10450,117,006460,-1.75,-20.8708,21
10473,118,006526,1.75,77.8592,21
10571,119,006531,5.25,18.8412,21
10608,120,006611,1.75,26.9151,21
10643,121,006551,21.6371,-1.75,21
10740,122,006695,-1.75,-30.2382,21
10741,123,006629,5.25,19.2166,21
10884,124,006797,-1.75,-28.9115,21
10998,125,006822,-1.75,-24.8892,21
11044,126,006917,-5.25,-29.0678,21
11081,127,006887,29.4528,-5.25,21
11113,128,006967,29.9717,-1.75,21
11133,129,006905,1.75,25.6203,21
11708,130,007250,5.25,28.6447,21
11799,131,007388,-25.9124,5.25,51
11802,132,007392,-28.8658,5.25,51
11811,133,007404,16.8723,-1.75,21
11867,134,007443,1.75,30.4606,21
11927,135,007480,29.8489,-1.75,21
12251,136,007630,1.75,18.8415,21
12286,137,007719,-1.75,-46.0539,21
12362,138,007767,-39.7826,1.75,51
12484,139,007834,-54.2173,1.75,51
12545,140,007824,5.25,27.9292,21
12569,141,007874,-5.25,-25.8778,21
12715,142,007913,-1.75,-28.414,21
12813,143,007967,5.25,21.7604,21
12816,144,007988,-5.25,-23.7356,21
12881,145,008031,-24.2977,1.75,51
12900,146,008033,-18.7199,1.75,22
12918,147,008090,24.8535,-1.75,21
13065,148,008191,-25.7139,1.75,51
13207,149,008296,52.9513,-1.75,21
13334,150,008373,26.9072,-5.25,21
13341,151,008379,26.965,-1.75,21
13529,152,008418,1.75,27.6349,21
13658,153,008509,-1.75,-24.8159,21
13805,154,008595,1.75,18.6433,21
13828,155,008683,-5.25,-27.7957,21
13861,156,008656,-24.2982,1.75,51
13953,157,008756,-1.75,-46.4457,21
14071,158,008626,5.25,18.8412,21
14091,159,008707,5.25,29.2259,21
14147,160,008733,24.3033,-5.25,21
14430,161,008908,18.9408,-1.75,21
14431,162,008999,-29.9779,5.25,51
14567,163,009084,23.6576,-5.25,21
14574,164,009094,59.5854,-1.75,21
14595,165,009148,47.6972,-1.75,21
14656,166,009179,-5.25,-29.0872,21
14671,167,009192,-1.75,-30.6599,21
14780,168,009130,1.75,26.5849,21
14911,169,009220,-5.25,-18.8417,21
14998,170,009341,24.2266,-1.75,21
15196,171,009495,5.25,29.3693,21
15201,172,009499,5.25,26.7985,21
15371,173,009660,-1.75,-29.8678,21
15373,174,009662,-1.75,-28.9702,21
15400,175,009633,-17.0263,1.75,51
15486,176,009596,5.25,24.5333,21
15491,177,009599,1.75,25.631,21
15557,178,009643,-29.6841,1.75,51
15644,179,009825,5.25,27.4579,21
15702,180,009801,29.8412,-1.75,21
15784,181,009915,-5.25,-29.3152,21
15936,182,009942,-1.75,-30.3001,21
16078,183,010098,-5.25,-29.8056,21
16136,184,010124,29.0393,-5.25,21
16189,185,010018,5.25,19.4057,21
16260,186,010155,26.107,-1.75,21
16315,187,010190,-1.75,-26.9145,21
16486,188,010349,5.25,29.7847,21
16643,189,010449,-1.75,-34.5949,21
16687,190,010417,20.792,-5.25,21
16907,191,010607,5.25,29.4447,21
16913,192,010613,1.75,26.6221,21
17031,193,010636,-1.75,-29.846,21
17201,194,010725,-1.75,-19.0695,21
17366,195,010660,29.5448,-1.75,21
17393,196,010908,28.7281,-1.75,21
17440,197,010863,5.25,27.0837,21
17444,198,010886,5.25,27.8338,21
17501,199,010928,26.5846,-1.75,21
18147,200,011235,-5.25,-29.1339,21
18167,201,011316,5.25,28.3789,21
18316,202,011473,5.25,19.9208,21
18322,203,011394,-1.75,-24.0668,21
18356,204,011451,23.4064,-1.75,21
18366,205,011458,28.8933,-1.75,21
18700,206,011657,-5.25,-28.175,21
18708,207,011662,-1.75,-28.4538,21
18908,208,011792,25.4911,-1.75,21
18973,209,011748,-5.25,-21.6365,21
18982,210,011838,5.25,27.2499,21
19010,211,011914,1.75,30.0353,21
19111,212,011927,1.75,18.8414,21
19398,213,012019,1.75,40.9204,21
19418,214,012151,1.75,29.5151,21
19604,215,012225,-27.7662,5.25,51
19690,216,012179,1.75,16.4412,21
19700,217,012328,-1.75,-25.384,21
19704,218,012332,-1.75,-25.4014,21
19780,219,012385,29.6212,-5.25,21
19920,220,012403,15.9341,-1.75,21
19971,221,012364,5.25,28.4197,21
20166,222,012585,-28.9292,1.75,51
20396,223,012776,5.25,28.9429,21
20513,224,012637,-1.75,-21.6369,21
20665,225,012897,-1.75,-28.3404,21
20740,226,012915,24.8598,-5.25,21
20750,227,013000,27.4817,-5.25,21
20811,228,012988,5.25,29.6597,21
20910,229,013028,22.527,-5.25,21
21079,230,013079,-1.75,-18.6604,21
21084,231,013084,-1.75,-23.0971,21
21149,232,013229,-29.9465,5.25,22
21539,233,013512,1.75,29.3882,21
21543,234,013515,5.25,29.6538,21
21564,235,013480,-28.3334,5.25,51
21664,236,013585,5.25,29.5048,21
21800,237,013616,5.25,27.4622,21
21876,238,013637,-24.2977,1.75,51
21944,239,013774,-1.75,-30.8834,21
21948,240,013708,1.75,19.684,21
22007,241,013818,29.7667,-1.75,21
22026,242,013841,25.9,-5.25,21
22058,243,013719,5.25,24.8791,21
22092,244,013896,1.75,27.3793,21
22217,245,013913,5.25,23.8773,21
22261,246,013860,18.8409,-1.75,21
22293,247,014014,-34.5637,1.75,51
22647,248,014233,1.75,31.8117,21
22800,249,014255,5.25,19.5043,21
22825,250,014304,23.5585,-5.25,21
22847,251,014367,28.5948,-1.75,21
22849,252,014369,27.7169,-1.75,21
22920,253,014414,5.25,29.9169,21
22988,254,014463,-35.7216,1.75,51
22998,255,014472,-39.2267,1.75,51
23074,256,014509,1.75,29.2531,21
23183,257,014497,-5.25,-27.8351,21
23317,258,014541,-5.25,-25.7964,21
23401,259,014705,28.3505,-1.75,21
23500,260,014815,5.25,29.5426,21
23607,261,014831,1.75,25.8417,21
23640,262,014905,1.75,30.4703,21
23733,263,014913,5.25,21.7062,21
23820,264,014969,-29.58,5.25,51
23879,265,015004,5.25,25.334,21
24018,266,015010,1.75,24.8992,21
24112,267,015055,21.9438,-1.75,21
24158,268,015092,-1.75,-24.8884,21
24228,269,015212,-29.5924,1.75,51
24269,270,015310,-57.8804,1.75,51
24322,271,015333,1.75,29.8043,21
24534,272,015469,28.7785,-1.75,21
24641,273,015325,-24.2978,5.25,51
24719,274,015458,-5.25,-25.9629,21
24758,275,015610,1.75,29.3412,21
25003,276,015723,-1.75,-29.3722,21
25152,277,015808,-5.25,-27.2174,21
25219,278,015858,28.1047,-5.25,21
25252,279,015927,26.5431,-1.75,21
25278,280,015897,-5.25,-25.491,21
25437,281,016035,-5.25,-29.9773,21
25464,282,016063,-5.25,-29.3125,21
25496,283,016030,63.8123,-1.75,21
25628,284,016079,-28.8045,1.75,51
25735,285,016227,5.25,29.8356,21
25743,286,016235,1.75,34.3514,21
26152,287,016481,-5.25,-29.4715,21
26215,288,016523,29.6406,-1.75,21
26253,289,016496,-5.25,-21.7604,21
26365,290,016628,-56.5351,1.75,51
26409,291,016474,1.75,23.6086,21
26413,292,016589,-5.25,-29.351,21
26433,293,016659,5.25,24.8316,21
26462,294,016607,26.4129,-1.75,21
26481,295,016618,24.4139,-1.75,21
26482,296,016624,24.6553,-5.25,21
26498,297,016647,-20.4102,1.75,51
26753,298,016827,-32.2562,1.75,51
26791,299,016737,18.4511,-1.75,21
26847,300,016922,-5.25,-28.6954,21
26965,301,016945,5.25,29.1454,21
26999,302,017019,1.75,35.3352,21
27048,303,017048,45.8295,-1.75,21
27120,304,017095,1.75,29.8558,21
27141,305,017116,1.75,31.2232,21
27207,306,017073,21.1606,-5.25,21
27310,307,017168,-31.7835,1.75,51
27448,308,017248,-29.5407,5.25,51
27554,309,017363,-5.25,-28.2801,21
27583,310,017146,21.6374,-5.25,21
27662,311,017380,-1.75,-27.0857,21
27664,312,017381,-5.25,-27.5243,21
27672,313,017386,-5.25,-26.3433,21
27791,314,017462,-5.25,-18.7101,21
27833,315,017537,-5.25,-29.8835,21
27894,316,017579,28.6444,-1.75,21
27949,317,017542,1.75,28.2124,21
28042,318,017694,54.4813,-1.75,21
28185,319,017710,18.3928,-1.75,21
28227,320,017770,1.75,57.9962,21
28503,321,017851,5.25,21.613,21
28591,322,018022,28.7343,-1.75,21
28606,323,018034,28.9483,-1.75,21
28670,324,018068,-5.25,-20.8695,21
28869,325,018193,30.1543,-1.75,21
28935,326,018187,5.25,29.2128,21
29062,327,018273,5.25,27.3429,21
29077,328,018320,1.75,28.3749,21
29216,329,018406,-1.75,-27.208,21
29267,330,018394,25.0385,-1.75,21
29509,331,018600,5.25,29.4801,21
29587,332,018650,-29.8788,5.25,51
29711,333,018716,-32.0322,1.75,51
29721,334,018724,-33.384,1.75,51
29842,335,018802,-56.5519,1.75,51
29892,336,018704,-5.25,-19.5955,21
29912,337,018791,5.25,28.3249,21
30066,338,018942,-5.25,-28.054,21
30206,339,019024,5.25,29.6517,21
30208,340,019026,5.25,29.1055,21
30290,341,019084,31.8719,-1.75,21
30329,342,019051,1.75,27.4433,21
30349,343,019114,5.25,29.1582,21
30433,344,019167,27.6944,-1.75,21
30488,345,019206,5.25,28.1602,21
30820,346,019419,-32.9871,1.75,51
30871,347,019321,5.25,18.8409,21
31020,348,019515,-1.75,-34.4375,21
31113,349,019629,94.1833,-1.75,21
31232,350,019612,-26.8487,1.75,51
31319,351,019737,-5.25,-29.1752,21
31320,352,019741,-1.75,-28.4775,21
31322,353,019742,-1.75,-28.1686,21
31608,354,019929,1.75,28.6423,21
31786,355,019969,23.7364,-1.75,21
31830,356,020058,26.4683,-5.25,21
31853,357,020041,5.25,21.8231,21
31954,358,020166,29.881,-5.25,21
31991,359,020140,-1.75,-19.8967,21
32070,360,020186,23.5335,-1.75,21
32085,361,020200,27.8687,-1.75,21
32201,362,020105,-24.2977,1.75,51
32233,363,020339,29.0197,-5.25,21
32236,364,020341,31.1067,-1.75,21
32273,365,020234,1.75,21.6369,21
32322,366,020394,5.25,28.2297,21
32346,367,020356,29.5442,-1.75,21
32356,368,020338,-11.8699,5.25,51
32447,369,020476,-1.75,-23.792,21
32448,370,020475,-5.25,-24.8654,21
32735,371,020671,1.75,59.6846,21
32777,372,020640,-24.3529,1.75,51
32797,373,020706,29.0259,-1.75,21
32901,374,020725,20.7312,-5.25,21
32943,375,020804,28.7686,-1.75,21
33015,376,020868,1.75,32.0577,21
33113,377,020880,5.25,21.6371,21
33133,378,020892,1.75,28.8305,21
33326,379,020927,23.7369,-5.25,21
33505,380,021174,30.3047,-1.75,21
33531,381,020936,-1.75,-18.8415,21
33542,382,021139,5.25,19.4746,21
33678,383,021061,-1.75,-25.4903,21
33950,384,021381,-5.25,-17.0417,21
33965,385,021318,1.75,29.6912,21
34026,386,021199,23.7366,-1.75,21
34214,387,021592,29.4118,-1.75,21
34249,388,021559,5.25,28.6789,21
34264,389,021619,5.25,28.9685,21
34275,390,021631,1.75,74.7326,21
34303,391,021595,21.6372,-5.25,21
34411,392,021710,-5.25,-29.7812,21
34524,393,021731,-5.25,-27.5962,21
34589,394,021780,-36.3096,1.75,51
34746,395,021789,25.3619,-5.25,21
34884,396,022021,-58.5379,1.75,51
35087,397,022100,5.25,19.7729,21
35163,398,022155,29.7976,-5.25,21
35215,399,022184,-1.75,-22.2692,21
35325,400,022309,-38.5899,1.75,51
35581,401,022407,29.8691,-5.25,21
35816,402,022611,5.25,28.9253,21
35894,403,022666,-57.0373,1.75,51
35983,404,022577,21.6372,-1.75,21
36012,405,022584,25.1925,-5.25,21
36024,406,022736,-59.779,1.75,51
36134,407,022678,28.2463,-5.25,21
36191,408,022612,-5.25,-18.71,21
36200,409,022704,-1.75,-26.8145,21
36336,410,022789,5.25,23.7366,21
36421,411,022846,29.1922,-1.75,21
36799,412,023225,1.75,34.3204,21
36901,413,023242,1.75,25.5295,21
36925,414,023298,1.75,30.2446,21
36927,415,023300,1.75,28.4796,21
36965,416,023273,22.2202,-1.75,21
37069,417,023389,5.25,28.9273,21
37073,418,023392,1.75,28.8788,21
37187,419,023413,5.25,29.4235,21
37189,420,023415,5.25,29.0075,21
37244,421,023451,-29.2515,5.25,51
37265,422,023511,-49.1897,1.75,51
37318,423,023495,1.75,25.4614,21
37395,424,023464,28.3819,-1.75,21
37403,425,023587,-26.1576,5.25,51
37498,426,023575,1.75,16.0941,21
37573,427,023718,-36.674,1.75,51
37591,428,023660,-5.25,-26.5887,21
37602,429,023663,-5.25,-27.2923,21
37633,430,023754,-5.25,-29.5389,21
37675,431,023734,-34.7879,1.75,51
37696,432,023799,-29.3863,1.75,51
37708,433,023787,29.9047,-5.25,21
37737,434,023771,-5.25,-24.2889,21
37780,435,023860,-5.25,-29.7943,21
37901,436,023922,5.25,29.4163,21
38054,437,024014,-5.25,-29.4176,21
38085,438,023836,27.4455,-5.25,21
38099,439,023914,29.662,-1.75,21
38101,440,023917,28.8102,-1.75,21
38174,441,024042,-1.75,-26.8392,21
38274,442,024145,78.5507,-1.75,21
38304,443,024011,5.25,27.1158,21
38477,444,024275,-1.75,-33.875,21
38517,445,024299,-54.0332,1.75,51
38553,446,024247,18.3059,-1.75,21
38656,447,024316,26.7093,-1.75,21
38660,448,024343,24.702,-5.25,21
38712,449,024202,1.75,19.5944,21
38723,450,024269,5.25,22.1369,21
38751,451,024444,-5.25,-25.8565,21
39210,452,024529,21.752,-1.75,21
39341,453,024698,-24.2981,1.75,51
39575,454,024966,5.25,28.9674,21
39732,455,025075,1.75,29.3082,21
40080,456,025297,-37.6302,1.75,51
40292,457,025436,-5.25,-27.5779,21
40391,458,025452,-1.75,-17.7021,21
40537,459,025525,1.75,23.2,21
40629,460,025647,29.5031,-5.25,21
40913,461,025826,-37.4549,1.75,51
40961,462,025640,1.75,25.0707,21
41098,463,025881,-5.25,-24.8002,21
41141,464,025866,5.25,18.1853,21
41177,465,025849,29.9463,-5.25,21
41236,466,025885,1.75,29.2834,21
41253,467,025977,-1.75,-27.425,21
41468,468,026160,27.5462,-1.75,21
41469,469,026165,27.7321,-1.75,21
41721,470,026277,-24.2974,1.75,51
41874,471,026345,23.9654,-5.25,21
41973,472,026504,-1.75,-29.2575,21
42183,473,026638,-40.7058,1.75,51
42423,474,026738,-27.8215,5.25,51
42518,475,026848,-1.75,-26.9339,21
42593,476,026907,-55.0692,1.75,51
42673,477,026949,-1.75,-28.9916,21
42982,478,027112,-21.8164,5.25,22
43053,479,027158,5.25,25.6283,21
43208,480,027251,-1.75,-27.6615,21
43230,481,027316,-1.75,-32.0313,21
43306,482,027367,32.9021,-1.75,21
43373,483,027404,5.25,29.3074,21
43401,484,027300,-24.2973,1.75,51
43428,485,027435,26.3354,-1.75,21
43611,486,027509,-5.25,-26.5884,21
43646,487,027578,-5.25,-29.4955,21
43662,488,027425,5.25,29.9475,21
43837,489,027644,29.8363,-1.75,21
43942,490,027764,5.25,28.9927,21
43972,491,027728,27.3505,-5.25,21
44101,492,027816,18.8416,-1.75,21
44293,493,027986,-35.5835,1.75,51
44323,494,027954,1.75,25.2049,21
44326,495,027861,-1.75,-14.3601,21
44610,496,028089,-1.75,-27.7734,21
44706,497,028244,-33.1275,1.75,51
44884,498,028295,-5.25,-27.3439,21
44908,499,028363,-5.25,-29.6065,21
44976,500,028404,29.6752,-5.25,21
45162,501,028478,-5.25,-26.9082,21
45186,502,028538,-1.75,-30.3433,21
45242,503,028576,-35.5281,1.75,51
45245,504,028429,29.9334,-5.25,21
45265,505,028593,-61.7892,1.75,51
45338,506,028635,5.25,29.8305,21
45649,507,028599,25.6826,-5.25,21
45650,508,028600,28.0699,-1.75,21
45814,509,028916,-27.1037,5.25,51
45824,510,028931,29.6648,-1.75,21
45826,511,028933,29.1397,-1.75,21
45861,512,028899,5.25,26.1034,21
46281,513,029166,-1.75,-35.0077,21
46411,514,029078,5.25,18.8411,21
46429,515,029251,-5.25,-27.5487,21
46535,516,029367,29.4526,-1.75,21
46552,517,029085,5.25,19.5946,21
47041,518,029544,14.4354,-1.75,21
47111,519,029591,-1.75,-18.8409,21
47227,520,029799,-29.0791,5.25,51
47444,521,029927,-1.75,-29.1338,21
47465,522,029886,-25.9189,1.75,51
47484,523,029721,29.0658,-5.25,21
47575,524,029993,1.75,28.4802,21
47685,525,029939,-5.25,-27.0346,21
47719,526,030083,1.75,29.4055,21
47822,527,030096,1.75,23.7164,21
47919,528,030205,-40.0843,1.75,51
48117,529,030333,-1.75,-45.8494,21
48181,530,030323,29.4568,-5.25,21
48211,531,030391,29.1037,-5.25,21
48307,532,030397,19.0639,-1.75,21
48349,533,030466,30.8268,-1.75,21
48415,534,030512,-1.75,-31.8923,21
48513,535,030332,5.25,21.6367,21
48524,536,030493,1.75,38.7145,21
48798,537,030618,1.75,24.8153,21
48874,538,030752,23.356,-1.75,21
48937,539,030632,5.25,24.0134,21
49104,540,030937,5.25,29.7687,21
49149,541,030907,-28.0119,1.75,51
49281,542,031002,-24.2977,1.75,51
49286,543,030881,23.7367,-5.25,21
49328,544,031076,28.2136,-5.25,21
49355,545,031039,-5.25,-22.22,21
49360,546,030966,1.75,22.5636,21
49390,547,031109,5.25,29.8346,21
49461,548,031158,29.5649,-5.25,21
49496,549,031045,-5.25,-27.6903,21
49496,550,031125,1.75,23.6429,21
49514,551,031144,5.25,29.778,21
49567,552,031172,29.8926,-5.25,21
49569,553,031171,25.366,-1.75,21
49571,554,031173,25.9899,-1.75,21
49711,555,031254,22.7669,-5.25,21
49724,556,031255,25.731,-1.75,21
49782,557,031296,-1.75,-28.0489,21
49789,558,031305,-1.75,-28.5932,21
49959,559,031464,1.75,75.0861,21
50060,560,031387,-5.25,-26.6205,21
50062,561,031389,-5.25,-26.413,21
50139,562,031569,67.7886,-1.75,21
50168,563,031523,-29.9758,5.25,51
50191,564,031549,-5.25,-17.0921,21
50193,565,031551,-5.25,-21.0335,21
50205,566,031480,1.75,28.9858,21
50233,567,031636,1.75,28.9807,21
50369,568,031626,-1.75,-17.1497,21
50567,569,031850,29.7557,-1.75,21
50711,570,031947,-36.1333,1.75,51
50730,571,031885,29.7669,-5.25,21
50897,572,032013,-5.25,-24.2791,21
51036,573,032019,-5.25,-23.7364,21
51061,574,032168,-1.75,-48.9423,21
51081,575,032179,-1.75,-32.6352,21
51341,576,032326,5.25,29.0675,21
51383,577,032042,21.6365,-5.25,21
51477,578,032408,5.25,27.4168,21
51661,579,032476,20.6405,-1.75,21
51742,580,032526,-1.75,-26.6237,21
51743,581,032527,-5.25,-27.9297,21
51758,582,032530,-5.25,-20.3401,21
51767,583,032596,5.25,28.0686,21
52013,584,032704,-5.25,-25.6593,21
52028,585,032706,-5.25,-19.6071,21
52059,586,032794,1.75,29.4068,21
52171,587,032786,-5.25,-29.8391,21
52195,588,032874,-5.25,-28.8098,21
52246,589,032855,24.167,-5.25,21
52443,590,032977,-5.25,-26.6875,21
52543,591,033106,-33.4895,1.75,51
52599,592,033135,5.25,29.0014,21
52797,593,033210,27.2045,-5.25,21
52963,594,033360,29.1846,-5.25,21
53044,595,033416,5.25,29.3384,21
53067,596,033298,-30.3572,1.75,51
53094,597,033445,60.4047,-1.75,21
53248,598,033548,-36.751,1.75,51
53319,599,033587,1.75,29.4988,21
53411,600,033594,5.25,20.7492,21
53427,601,033607,1.75,31.6612,21
53449,602,033656,5.25,29.0424,21
53833,603,033848,5.25,21.6369,21
53868,604,033910,5.25,29.0286,21
53977,605,033776,-1.75,-22.8554,21
54056,606,033979,28.9612,-5.25,21
54484,607,034264,28.5688,-5.25,21
54491,608,034316,28.9013,-1.75,21
54493,609,034318,29.2036,-1.75,21
54574,610,034373,-1.75,-29.6962,21
54813,611,034266,1.75,21.6372,21
54817,612,034458,-5.25,-29.9106,21
54881,613,034494,14.435,-1.75,21
54915,614,034562,-35.1106,1.75,51
55051,615,034637,-51.7667,1.75,51
55100,616,034621,-1.75,-34.4397,21
55236,617,034694,-5.25,-23.4295,21
55511,618,034773,5.25,18.8407,21
55548,619,034928,5.25,29.0906,21
55583,620,034822,-24.7096,5.25,51
55584,621,034823,-28.3328,1.75,51
55585,622,034902,24.025,-1.75,21
55622,623,034986,-36.1612,1.75,51
55656,624,034945,5.25,23.4298,21
55676,625,035011,1.75,30.3584,21
55679,626,034863,-1.75,-17.857,21
55791,627,034916,-5.25,-18.8415,21
55801,628,034958,-1.75,-24.8682,21
56162,629,035265,-21.5079,1.75,22
56173,630,035284,-30.2909,1.75,51
56189,631,035342,19.9576,-5.25,21
56216,632,035309,5.25,23.7364,21
56237,633,035380,-1.75,-29.5579,21
56253,634,035394,-1.75,-31.2134,21
56281,635,035345,14.4358,-1.75,21
56421,636,035455,-24.2977,1.75,51
56445,637,035507,-32.6647,1.75,51
56447,638,035515,-46.8424,1.75,51
56454,639,035519,-55.3659,1.75,51
56504,640,035493,-1.75,-26.4536,21
56664,641,035645,-1.75,-29.3201,21
56743,642,035696,-29.3187,1.75,51
56816,643,035744,-1.75,-27.5157,21
57133,644,035903,27.1695,-1.75,21
57197,645,035943,5.25,26.4546,21
57373,646,036102,1.75,28.3767,21
57486,647,036126,5.25,26.7004,21
57685,648,036249,22.5425,-5.25,21
57720,649,036248,18.7477,-1.75,21
57722,650,036250,22.0118,-1.75,21
57772,651,036215,1.75,21.736,21
57793,652,036359,-1.75,-27.038,21
57910,653,036386,-5.25,-26.8542,21
58031,654,036461,-5.25,-17.2688,21
58084,655,036553,1.75,32.5476,21
58123,656,036492,29.7578,-5.25,21
58247,657,036511,-24.8269,1.75,51
58267,658,036619,48.3399,-1.75,21
58313,659,036655,5.25,21.7057,21
58401,660,036708,29.4994,-1.75,21
58462,661,036667,5.25,26.9024,21
58529,662,036760,-29.7998,5.25,51
58536,663,036795,23.6187,-1.75,21
58633,664,036912,-1.75,-31.1043,21
58665,665,036875,22.7999,-1.75,21
58736,666,036843,5.25,23.723,21
58774,667,036997,-5.25,-28.0548,21
58778,668,037002,-1.75,-28.9531,21
58803,669,036947,21.6372,-5.25,21
58851,670,037051,-37.503,1.75,51
58885,671,036991,5.25,28.4754,21
58941,672,036959,18.8413,-1.75,21
58941,673,037056,-24.2979,5.25,51
58962,674,037107,-34.5394,1.75,51
59081,675,037109,18.8416,-1.75,21
59090,676,037145,-26.4857,5.25,51
59197,677,037260,1.75,29.1365,21
59243,678,037203,27.1847,-1.75,21
59250,679,037298,46.2388,-1.75,21
59256,680,037236,-26.73,5.25,22
59336,681,037346,5.25,29.7855,21
59534,682,037463,29.4064,-1.75,21
59575,683,037194,-5.25,-21.1677,21
59577,684,037441,5.25,22.7788,21
59659,685,037410,-29.9994,5.25,51
59795,686,037493,20.3848,-5.25,21
59944,687,037664,-25.854,5.25,51
59948,688,037649,26.3073,-1.75,21
59993,689,037691,-1.75,-22.2586,21
60013,690,037708,-1.75,-26.1885,21
60014,691,037712,-1.75,-26.749,21
60088,692,037811,-36.8748,1.75,51
60132,693,037785,-1.75,-19.5951,21
60184,694,037594,1.75,18.743,21
60201,695,037831,-26.7383,5.25,51
60447,696,038022,5.25,28.6958,21
60551,697,038042,1.75,18.8414,21
60559,698,037962,-1.75,-28.0112,21
60765,699,038175,-28.2774,5.25,51
60910,700,038265,26.0001,-5.25,21
61045,701,038261,-24.0602,1.75,22
61045,702,038352,26.0604,-5.25,21
61253,703,038379,1.75,21.6374,21
61283,704,038453,5.25,29.9306,21
61321,705,038512,14.4355,-1.75,21
61429,706,038633,1.75,29.7068,21
61464,707,038608,-26.7067,5.25,51
61468,708,038584,25.4901,-5.25,21
61574,709,038728,5.25,29.8746,21
61578,710,038736,1.75,94.1833,21
61630,711,038760,36.7668,-1.75,21
61671,712,038648,-1.75,-26.5887,21
61679,713,038655,-1.75,-29.8872,21
61781,714,038863,-29.3623,5.25,51
61820,715,038830,-1.75,-25.9845,21
61921,716,038948,22.3129,-1.75,21
61978,717,038986,1.75,27.3658,21
62194,718,039121,26.8451,-5.25,21
62208,719,039134,29.7777,-1.75,21
62231,720,039095,5.25,18.8409,21
62247,721,039161,1.75,94.1833,21
62262,722,039166,1.75,29.5766,21
62340,723,039153,27.6582,-1.75,21
62402,724,039254,1.75,29.9073,21
62523,725,039282,1.75,27.8922,21
62697,726,039446,-5.25,-29.6262,21
62877,727,039511,40.1607,-1.75,21
63211,728,039715,-1.75,-26.5887,21
63232,729,039719,-1.75,-18.7274,21
63771,730,040047,1.75,18.8411,21
63810,731,040125,-1.75,-29.0843,21
63860,732,040158,-57.096,1.75,51
63950,733,040216,-5.25,-29.194,21
64097,734,040297,1.75,33.1877,21
64233,735,040374,-1.75,-30.9758,21
64452,736,040328,16.0787,-1.75,21
64823,737,040690,21.7601,-5.25,21
64929,738,040808,-5.25,-29.4306,21
65045,739,040798,5.25,27.7436,21
65103,740,040866,-24.7099,5.25,51
65144,741,040706,18.5897,-1.75,21
65178,742,040828,-5.25,-25.4902,21
65491,743,041149,-5.25,-28.7654,21
65708,744,041300,29.9585,-5.25,21
65913,745,041442,5.25,29.1252,21
66107,746,041548,29.6329,-5.25,21
66249,747,041647,29.7354,-5.25,21
66250,748,041545,-26.8901,5.25,51
66305,749,041629,1.75,28.6974,21
66462,750,041779,1.75,29.1111,21
66587,751,041772,-5.25,-27.8404,21
66605,752,041870,-1.75,-33.1191,21
66723,753,041810,1.75,29.5859,21
66900,754,042042,-1.75,-26.7293,21
67040,755,042141,-1.75,-41.1381,21
67153,756,042162,1.75,27.068,21
67173,757,042214,1.75,21.5966,21
67217,758,042200,28.5013,-1.75,21
67388,759,042379,-62.5725,1.75,51
67461,760,042413,5.25,29.0588,21
67496,761,042433,-42.6123,1.75,51
67576,762,042487,-1.75,-29.5784,21
67594,763,042505,-1.75,-54.9897,21
67721,764,042588,1.75,46.0846,21
67760,765,042453,13.2148,-1.75,21
67761,766,042561,-12.03,1.75,51
67806,767,042642,28.1649,-5.25,21
67848,768,042580,-1.75,-47.7166,21
67880,769,042688,-1.75,-50.2698,21
68040,770,042735,28.0306,-5.25,21
68115,771,042783,-5.25,-22.2205,21
68186,772,042828,29.5454,-1.75,21
68262,773,042874,1.75,27.3781,21
68461,774,043002,-22.7826,1.75,51
68537,775,042880,-1.75,-24.8797,21
68749,776,043185,-29.6638,5.25,51
68830,777,043237,1.75,37.3205,21
68888,778,043242,-29.7939,5.25,51
68922,779,043347,29.268,-1.75,21
68958,780,043115,-5.25,-24.8788,21
68965,781,043196,-5.25,-29.3549,21
68989,782,043396,-1.75,-51.1556,21
69066,783,043447,-29.7682,5.25,51
69133,784,043499,1.75,29.115,21
69314,785,043552,-36.4461,1.75,51
69382,786,043518,1.75,16.2647,21
69392,787,043598,-5.25,-25.5107,21
69394,788,043567,5.25,27.8234,21
69518,789,043601,-5.25,-19.6891,21
69518,790,043677,1.75,24.8432,21
69531,791,043691,5.25,29.3217,21
69824,792,043930,-1.75,-30.3793,21
69866,793,043892,-29.9746,5.25,51
69960,794,044011,5.25,26.4027,21
69973,795,044023,1.75,28.0488,21
70077,796,044039,5.25,25.1013,21
70164,797,044061,24.6924,-5.25,21
70331,798,044238,32.9491,-1.75,21
70710,799,044426,26.0002,-1.75,21
70748,800,044422,-27.0362,1.75,22
70771,801,044284,1.75,20.7499,21
70856,802,044566,-53.1885,1.75,51
70911,803,044550,-1.75,-18.8412,21
70921,804,044524,1.75,20.7019,21
70928,805,044527,5.25,25.091,21
71066,806,044622,5.25,27.6666,21
71166,807,044685,23.8782,-5.25,21
71174,808,044760,26.4944,-1.75,21
71228,809,044799,-1.75,-29.5993,21
71270,810,044776,25.6597,-1.75,21
71330,811,044724,1.75,14.9939,21
71376,812,044892,-1.75,-27.4766,21
71503,813,044968,-1.75,-29.1109,21
71563,814,044959,25.4159,-1.75,21
71565,815,044950,-24.2983,1.75,51
71565,816,045003,24.6132,-1.75,21
71703,817,045035,19.3927,-5.25,21
71781,818,045130,1.75,29.9938,21
71904,819,045159,1.75,27.1241,21
72059,820,045305,5.25,29.7996,21
72101,821,045203,14.4355,-1.75,21
72124,822,045296,-30.6999,1.75,51
72202,823,045392,1.75,28.8427,21
72213,824,045265,-5.25,-24.2093,21
72246,825,045215,23.7366,-1.75,21
72311,826,045405,-1.75,-20.7495,21
72322,827,045410,5.25,29.7085,21
72451,828,045419,-1.75,-18.8415,21
72474,829,045564,1.75,70.433,21
72530,830,045519,43.7288,-1.75,21
72663,831,045635,21.6367,-5.25,21
72834,832,045792,29.4079,-5.25,21
72838,833,045795,28.655,-5.25,21
72964,834,045829,28.151,-5.25,21
73461,835,046154,1.75,27.7455,21
73480,836,046175,5.25,26.4656,21
73505,837,045985,22.4526,-5.25,21
73589,838,046197,-1.75,-27.673,21
73601,839,046249,-1.75,-29.1361,21
73603,840,046251,-1.75,-28.6504,21
73668,841,046156,26.9183,-5.25,21
73924,842,046404,-28.333,5.25,51
74147,843,046540,-5.25,-28.4121,21
74209,844,046566,-39.1176,1.75,51
74213,845,046570,-32.6129,1.75,51
74350,846,046682,26.6005,-5.25,21
74422,847,046652,1.75,24.4883,21
74438,848,046795,1.75,29.901,21
74443,849,046801,1.75,27.1349,21
74447,850,046804,1.75,30.0854,21
74556,851,046820,5.25,23.6426,21
74624,852,046864,-25.4364,5.25,51
74662,853,046930,29.0979,-1.75,21
74671,854,046937,33.6807,-1.75,21
74673,855,046939,29.6674,-1.75,21
74785,856,047004,29.3934,-5.25,21
74851,857,046976,-1.75,-28.589,21
74912,858,047022,22.8031,-1.75,21
74949,859,047111,28.685,-1.75,21
74987,860,047058,5.25,29.3141,21
75144,861,047246,5.25,29.0001,21
75188,862,047228,-31.7901,1.75,51
75193,863,047232,-37.037,1.75,51
75255,864,047096,-1.75,-22.2204,21
75284,865,047328,1.75,27.4276,21
75285,866,047333,5.25,29.55,21
75287,867,047334,1.75,28.517,21
75404,868,047322,-1.75,-26.5816,21
75441,869,047414,-1.75,-30.4269,21
75461,870,047278,18.8413,-1.75,21
75474,871,047392,-28.2146,1.75,51
75484,872,047439,-29.8881,5.25,51
75540,873,047423,-1.75,-26.0002,21
75557,874,047485,-1.75,-29.3437,21
75571,875,047496,-1.75,-29.7037,21
75573,876,047498,-1.75,-29.2875,21
75634,877,047529,29.5255,-1.75,21
75790,878,047630,-29.4561,1.75,22
75822,879,047596,5.25,29.9544,21
75835,880,047652,-1.75,-29.2815,21
75897,881,047613,27.8441,-1.75,21
75952,882,047681,-5.25,-19.5944,21
75953,883,047680,-1.75,-21.6365,21
75979,884,047748,-1.75,-30.2559,21
76042,885,047742,27.6249,-5.25,21
76240,886,047861,-1.75,-25.194,21
76275,887,047836,1.75,26.9243,21
76389,888,047966,1.75,29.6561,21
76423,889,048039,1.75,29.9565,21
76469,890,048065,-36.0807,1.75,51
76546,891,048115,-1.75,-94.1833,21
76560,892,048122,-1.75,-49.5693,21
76680,893,048186,5.25,29.5812,21
76701,894,048203,1.75,28.1329,21
76793,895,048210,1.75,21.6372,21
76898,896,048334,29.5468,-5.25,21
77193,897,048537,27.4014,-5.25,21
77324,898,048624,28.2519,-5.25,21
77386,899,048665,1.75,29.2656,21
77515,900,048754,-5.25,-29.0596,21
77655,901,048837,1.75,29.1681,21
77727,902,048831,29.1044,-1.75,21
77738,903,048891,29.1683,-1.75,21
77780,904,048787,-1.75,-26.0056,21
77934,905,048969,-5.25,-28.7149,21
77990,906,048914,26.6216,-1.75,21
78278,907,049104,28.1946,-5.25,21
78346,908,049221,-5.25,-27.9096,21
78355,909,049273,-1.75,-29.0358,21
78366,910,049289,-5.25,-27.004,21
78415,911,049187,-27.043,1.75,51
78493,912,049330,1.75,29.405,21
78611,913,049398,5.25,18.7102,21
78690,914,049333,29.787,-1.75,21
78966,915,049628,23.7234,-5.25,21
78971,916,049612,-29.7192,5.25,22
79126,917,049731,28.7392,-1.75,21
79133,918,049785,28.6076,-1.75,21
79182,919,049674,-1.75,-27.6442,21
79342,920,049933,-1.75,-29.4071,21
79348,921,049941,-5.25,-29.4123,21
79434,922,050004,-57.1564,1.75,51
79451,923,049959,-1.75,-18.8411,21
79595,924,050038,5.25,22.4704,21
79631,925,050114,-1.75,-78.272,21
79915,926,050278,-1.75,-29.8554,21
79956,927,050250,-29.0735,5.25,51
80151,928,050367,5.25,18.8408,21
80186,929,050446,1.75,29.4709,21
80191,930,050380,-1.75,-16.5338,21
80503,931,050590,20.4186,-5.25,21
80592,932,050620,5.25,29.2651,21
80602,933,050704,1.75,29.0082,21
80750,934,050806,-5.25,-29.4079,21
80785,935,050772,20.4404,-1.75,21
80861,936,050823,5.25,26.0162,21
80880,937,050885,-1.75,-29.0868,21
80991,938,050824,5.25,18.8408,21
81145,939,050998,5.25,27.6117,21
81149,940,051004,1.75,41.2995,21
81165,941,051060,1.75,53.2688,21
81485,942,051204,-27.3392,1.75,51
81520,943,051279,-37.4342,1.75,51
81553,944,051241,-1.75,-21.6371,21
81562,945,051088,1.75,27.2972,21
81642,946,051356,-38.2538,1.75,51
81653,947,051366,-33.9686,1.75,51
81665,948,051141,19.8882,-5.25,21
81693,949,051335,5.25,25.6205,21
81785,950,051443,-60.4598,1.75,51
81831,951,051308,-1.75,-14.623,21
81845,952,051318,-1.75,-23.6139,21
81922,953,051477,-29.3996,1.75,51
81933,954,051523,26.3251,-5.25,21
81975,955,051508,-5.25,-21.5171,21
81995,956,051520,1.75,28.3865,21
82228,957,051751,-37.9263,1.75,51
82355,958,051822,29.3913,-5.25,21
82473,959,051819,-30.8496,1.75,51
82492,960,051917,-39.4775,1.75,51
82549,961,051871,5.25,27.3142,21
82622,962,051942,29.7638,-5.25,21
82693,963,051985,5.25,29.6653,21
82696,964,052035,1.75,31.394,21
82698,965,052042,1.75,87.9063,21
82854,966,052125,1.75,29.8632,21
82902,967,052075,28.1229,-5.25,21
82999,968,052218,5.25,29.9158,21
83273,969,052378,-1.75,-29.4967,21
83548,970,052540,-5.25,-29.1947,21
83589,971,052516,-29.9881,5.25,51
83609,972,052594,-39.3449,1.75,51
84003,973,052677,25.6594,-5.25,21
84157,974,052886,-28.13,5.25,51
84216,975,052754,1.75,23.7363,21
84222,976,052927,-1.75,-27.3096,21
84225,977,052800,1.75,17.8875,21
84241,978,052981,-1.75,-34.5352,21
84242,979,052825,1.75,19.8705,21
84243,980,052980,-5.25,-26.8968,21
84333,981,053056,-28.069,1.75,51
84396,982,053090,1.75,32.9273,21
84404,983,053096,1.75,30.649,21
84425,984,053036,31.2604,-1.75,21
84445,985,053119,29.9918,-1.75,21
84536,986,053116,5.25,27.8561,21
84649,987,053203,1.75,23.6739,21
84771,988,053186,-5.25,-18.8407,21
85008,989,053330,19.3896,-5.25,21
85030,990,053334,15.6915,-1.75,21
85030,991,053487,-30.5639,1.75,51
85059,992,053372,-5.25,-23.0379,21
85232,993,053602,1.75,27.649,21
85494,994,053709,5.25,25.4225,21
85546,995,053754,-28.9546,1.75,51
86011,996,054084,31.0258,-1.75,21
86265,997,054247,-35.7191,1.75,51
86381,998,054267,-24.2977,5.25,51
