70,1,000001,-1.75,-13.5976,21
141,2,000062,20.7496,-1.75,21
158,3,000080,26.3575,-5.25,21
162,4,000128,-24.5933,1.75,51
312,5,000230,29.6072,-1.75,21
319,6,000239,27.927,-1.75,21
642,7,000382,-1.75,-36.2866,21
643,8,000301,5.25,29.9431,21
654,9,000390,-1.75,-29.3407,21
657,10,000429,-5.25,-29.157,21
750,11,000490,50.468,-1.75,21
775,12,000303,1.75,22.4918,21
847,13,000345,-28.3282,5.25,51
861,14,000508,29.7564,-1.75,21
953,15,000626,5.25,29.5691,21
997,16,000600,-38.306,1.75,51
1219,17,000789,-5.25,-29.4312,21
1226,18,000796,-1.75,-29.7356,21
1273,19,000663,28.1942,-5.25,21
1311,20,000855,27.8137,-5.25,21
1358,21,000879,5.25,29.5343,21
1378,22,000896,1.75,29.5057,21
1425,23,000920,43.0724,-1.75,21
1479,24,000820,-1.75,-23.7463,21
1495,25,000878,-5.25,-23.933,21
1510,26,000977,-1.75,-27.7129,21
1514,27,000980,-5.25,-29.5868,21
1655,28,001067,1.75,54.2391,21
1896,29,001081,1.75,17.9071,21
1997,30,001282,45.8189,-1.75,21
2010,31,001290,31.5349,-1.75,21
2035,32,001181,-5.25,-28.3146,21
2110,33,001216,-26.3906,5.25,51
2135,34,001370,26.9391,-1.75,21
2138,35,001372,28.887,-5.25,21
2171,36,001339,5.25,18.8411,21
2181,37,001346,5.25,26.6901,21
2183,38,001232,-5.25,-25.3424,21
2189,39,001350,1.75,29.2171,21
2244,40,001219,-25.7313,1.75,51
2248,41,001391,24.8987,-5.25,21
2311,42,001430,-5.25,-18.8409,21
2355,43,001513,1.75,30.667,21
2387,44,001480,-29.867,5.25,51
2392,45,001456,27.3808,-1.75,21
2398,46,001467,27.9679,-1.75,21
2411,47,001543,29.0164,-1.75,21
2414,48,001545,29.5134,-1.75,21
2454,49,001522,5.25,29.9274,21
2476,50,001579,1.75,29.0703,21
2545,51,001624,-34.9034,1.75,51
2633,52,001668,1.75,29.4288,21
2712,53,001573,17.3398,-1.75,21
2713,54,001726,-29.1241,5.25,51
2762,55,001749,-1.75,-29.3569,21
2902,56,001829,-5.25,-29.5119,21
2906,57,001833,-5.25,-29.3758,21
2946,58,001735,23.736,-1.75,21
3013,59,001848,-5.25,-21.637,21
3049,60,001924,1.75,28.8468,21
3060,61,001932,5.25,29.8578,21
3153,62,001938,5.25,21.6364,21
3155,63,001941,1.75,22.2195,21
3200,64,002017,-1.75,-28.9543,21
3240,65,002039,-36.6645,1.75,51
3243,66,001996,29.5965,-1.75,21
3291,67,002024,-1.75,-24.7834,21
3295,68,002023,-5.25,-22.8766,21
3309,69,002032,-5.25,-25.1401,21
3309,70,002031,-1.75,-25.5189,21
3371,71,002069,28.5415,-1.75,21
3459,72,002202,-1.75,-27.1309,21
3547,73,002265,29.5477,-5.25,21
3575,74,002230,-1.75,-20.4732,21
3579,75,002234,-1.75,-29.9949,21
3587,76,002238,-5.25,-27.843,21
3594,77,002246,-1.75,-24.3673,21
3595,78,002243,-5.25,-24.4401,21
3614,79,002305,-1.75,-27.3837,21
3722,80,002241,1.75,27.6446,21
3733,81,002297,1.75,18.8964,21
3735,82,002289,5.25,20.845,21
3743,83,002382,-5.25,-23.7944,21
3799,84,002343,28.3019,-1.75,21
3873,85,002419,-1.75,-29.2317,21
3884,86,002481,-1.75,-49.2694,21
3892,87,002484,-1.75,-32.7137,21
3896,88,002488,-5.25,-27.8002,21
3971,89,002533,-40.0307,1.75,51
4139,90,002576,1.75,25.4996,21
4147,91,002514,-1.75,-28.95,21
4151,92,002552,-5.25,-29.9515,21
4169,93,002648,-1.75,-28.5652,21
4320,94,002750,1.75,94.1833,21
4417,95,002757,1.75,25.717,21
4459,96,002838,5.25,29.1403,21
4486,97,002800,23.7362,-5.25,21
4499,98,002860,-38.4739,1.75,51
4651,99,002947,28.9384,-1.75,21
4669,100,002962,29.7295,-1.75,21
4766,101,002970,23.7367,-1.75,21
4784,102,002987,23.8913,-5.25,21
4862,103,003080,5.25,29.467,21
4867,104,003085,5.25,26.1958,21
4882,105,003091,-5.25,-27.74,21
4976,106,003094,1.75,23.7365,21
4989,107,003111,-1.75,-17.8868,21
5014,108,003180,1.75,27.854,21
5226,109,003316,31.3768,-1.75,21
5267,110,003287,-1.75,-28.3335,21
5281,111,003351,-5.25,-28.8579,21
5424,112,003456,-1.75,-27.3811,21
5427,113,003460,-1.75,-38.5142,21
5477,114,003394,-25.4919,5.25,51
5514,115,003511,29.7632,-5.25,21
5542,116,003477,-5.25,-27.412,21
5561,117,003538,-1.75,-48.769,21
5570,118,003542,-1.75,-32.6867,21
5605,119,003514,24.3935,-5.25,21
5627,120,003518,25.1927,-5.25,21
5635,121,003583,-36.4264,1.75,51
5685,122,003483,5.25,27.5221,21
5700,123,003618,1.75,28.9035,21
5767,124,003657,-25.5838,1.75,51
5846,125,003704,1.75,27.8955,21
6091,126,003819,1.75,18.8404,21
6104,127,003825,5.25,21.7825,21
6105,128,003824,1.75,23.8071,21
6124,129,003875,1.75,28.1462,21
6164,130,003862,-28.333,5.25,51
6264,131,003972,5.25,29.2659,21
6310,132,003948,-31.973,1.75,51
6339,133,004026,-29.2151,1.75,51
6340,134,004028,-29.5174,5.25,22
6408,135,004074,-1.75,-29.6303,21
6452,136,004050,-31.0277,1.75,51
6555,137,004171,-1.75,-32.7681,21
6655,138,004007,5.25,20.871,21
6674,139,004200,-5.25,-29.1095,21
6795,140,004068,1.75,21.9798,21
6814,141,004167,5.25,24.782,21
6827,142,004329,1.75,28.2273,21
6889,143,004370,28.5688,-1.75,21
6901,144,004377,29.1249,-5.25,21
6906,145,004383,29.2106,-5.25,21
7076,146,004433,-5.25,-24.831,21
7095,147,004455,-5.25,-29.2661,21
7097,148,004496,-5.25,-28.458,21
7166,149,004486,20.7973,-5.25,21
7246,150,004597,1.75,52.9757,21
7310,151,004636,-35.858,1.75,51
7389,152,004682,-1.75,-31.3814,21
7464,153,004720,29.3702,-5.25,21
7491,154,004691,-1.75,-18.8408,21
7589,155,004794,45.7776,-1.75,21
7633,156,004750,5.25,22.5814,21
7664,157,004838,-1.75,-28.6826,21
7783,158,004867,-5.25,-29.2653,21
7800,159,004922,-1.75,-30.1228,21
7862,160,004911,25.5288,-5.25,21
7871,161,004967,24.8808,-5.25,21
7872,162,004966,25.3893,-1.75,21
7876,163,004971,25.4612,-5.25,21
7876,164,004972,26.3296,-1.75,21
7944,165,005010,-1.75,-30.3755,21
7946,166,005012,-1.75,-29.5436,21
8057,167,005031,-5.25,-24.2649,21
8103,168,005106,-1.75,-52.9156,21
8143,169,005127,-36.51,1.75,51
8174,170,005044,18.1851,-1.75,21
8229,171,005116,-1.75,-19.5899,21
8279,172,005151,28.9778,-1.75,21
8340,173,005188,1.75,26.645,21
8354,174,005193,5.25,22.1461,21
8354,175,005217,-1.75,-26.3778,21
8360,176,005270,-1.75,-24.2661,21
8373,177,005288,-1.75,-62.8312,21
8405,178,005224,-29.2116,5.25,51
8407,179,005254,24.2661,-5.25,21
8430,180,005316,38.1447,-1.75,21
8452,181,005331,29.3955,-5.25,21
8618,182,005385,-5.25,-24.8987,21
8711,183,005502,27.1049,-1.75,21
8711,184,005503,29.4107,-5.25,21
8763,185,005291,1.75,23.1961,21
8766,186,005484,-5.25,-29.984,21
8775,187,005456,5.25,28.1476,21
8827,188,005395,-24.3214,1.75,51
8985,189,005609,27.9682,-1.75,21
9061,190,005569,5.25,25.1914,21
9082,191,005724,-5.25,-29.6629,21
9101,192,005681,20.7302,-5.25,21
9122,193,005746,-38.1095,1.75,51
9145,194,005695,25.0721,-5.25,21
9170,195,005573,1.75,14.9711,21
9227,196,005816,-1.75,-26.7204,21
9289,197,005858,27.7602,-1.75,21
9338,198,005883,-5.25,-29.8922,21
9478,199,005908,-1.75,-18.7098,21
9493,200,005986,1.75,24.5098,21
9538,201,006013,-35.9405,1.75,51
9661,202,005941,18.8407,-1.75,21
9805,203,006043,20.1952,-1.75,21
9896,204,006176,-1.75,-30.0887,21
9957,205,006212,28.9794,-1.75,21
9959,206,006132,-25.4925,5.25,51
9978,207,006273,30.0207,-1.75,21
10059,208,006348,-1.75,-53.7134,21
10063,209,006349,-5.25,-29.9989,21
10097,210,006312,-37.9102,1.75,51
10236,211,006406,-31.7824,1.75,51
10271,212,006497,-37.1789,1.75,51
10291,213,006450,-5.25,-18.7102,21
10361,214,006502,-24.2975,5.25,51
10377,215,006479,28.1261,-1.75,21
10385,216,006556,30.423,-1.75,21
10436,217,006543,1.75,23.6425,21
10674,218,006732,28.9491,-5.25,21
10677,219,006741,29.843,-1.75,21
10685,220,006749,29.0639,-5.25,21
10744,221,006800,1.75,52.7698,21
10750,222,006803,5.25,28.9977,21
10781,223,006764,20.7306,-5.25,21
10785,224,006767,22.4796,-5.25,21
10796,225,006773,-29.8543,5.25,51
10810,226,006785,25.7148,-5.25,21
10813,227,006835,-29.6542,5.25,51
10883,228,006888,-1.75,-52.9254,21
10892,229,006822,1.75,24.8302,21
11023,230,006974,1.75,29.015,21
11033,231,006982,1.75,28.2843,21
11035,232,006984,1.75,27.8906,21
11152,233,006972,-5.25,-25.7044,21
11153,234,006976,-5.25,-26.6725,21
11163,235,006998,5.25,25.1921,21
11167,236,007062,-1.75,-27.9282,21
11203,237,006936,23.0911,-5.25,21
11313,238,007152,-1.75,-29.2425,21
11437,239,007225,-5.25,-29.1321,21
11558,240,007091,1.75,24.8989,21
11706,241,007258,-5.25,-20.1414,21
11733,242,007411,1.75,29.1837,21
11737,243,007414,1.75,29.6064,21
11768,244,007379,24.8397,-5.25,21
11847,245,007428,5.25,28.8967,21
11915,246,007390,20.3934,-5.25,21
11983,247,007504,5.25,20.4902,21
12000,248,007556,-5.25,-29.3536,21
12024,249,007577,-1.75,-32.4958,21
12120,250,007586,-5.25,-24.0984,21
12129,251,007592,-5.25,-24.8613,21
12155,252,007663,-5.25,-27.3076,21
12324,253,007719,-26.3001,5.25,22
12506,254,007887,-56.7253,1.75,51
12531,255,007685,-5.25,-18.8414,21
12566,256,007917,5.25,28.657,21
12724,257,008009,5.25,29.4076,21
12741,258,007980,-24.2975,5.25,51
12786,259,008045,-36.5585,1.75,51
12841,260,008064,-5.25,-29.5446,21
12883,261,007870,25.5666,-5.25,21
12927,262,008058,-29.1176,5.25,22
12990,263,008156,1.75,29.6166,21
13177,264,008231,28.8928,-1.75,21
13178,265,008278,-51.7533,1.75,51
13273,266,008358,1.75,28.4308,21
13280,267,008368,1.75,28.961,21
13306,268,008297,-27.9096,1.75,51
13314,269,008306,-28.8032,1.75,51
13327,270,008327,22.3283,-1.75,21
13341,271,008396,-34.2063,1.75,51
13350,272,008409,-35.5726,1.75,51
13488,273,008498,-57.3388,1.75,51
13548,274,008523,5.25,29.7107,21
13636,275,008580,-27.7679,1.75,51
13651,276,008457,-1.75,-18.841,21
13684,277,008604,5.25,29.58,21
13721,278,008586,-24.2975,1.75,51
13756,279,008660,-35.1026,1.75,51
13758,280,008584,19.3943,-5.25,21
13808,281,008640,-1.75,-53.3081,21
13830,282,008708,-1.75,-27.5586,21
14080,283,008801,5.25,27.9573,21
14146,284,008752,29.3692,-5.25,21
14305,285,008929,25.4477,-5.25,21
14357,286,008916,5.25,24.2789,21
14368,287,008968,1.75,27.3109,21
14432,288,008954,27.2923,-1.75,21
14439,289,009016,28.4042,-5.25,21
14441,290,009014,23.9171,-1.75,21
14443,291,009042,29.9381,-5.25,21
14446,292,009025,24.6634,-1.75,21
14464,293,009107,25.8487,-1.75,21
14499,294,008988,-1.75,-23.4319,21
14508,295,009080,1.75,22.1966,21
14585,296,009195,-36.3213,1.75,51
14589,297,009200,-37.087,1.75,51
14718,298,009196,27.3502,-5.25,21
14749,299,009293,29.4188,-5.25,21
14822,300,009339,1.75,30.1106,21
14877,301,009369,28.3364,-1.75,21
14911,302,009180,-1.75,-18.8409,21
14942,303,009409,1.75,28.0953,21
14943,304,009411,1.75,28.2177,21
14988,305,009273,-29.8993,5.25,51
15012,306,009393,29.1768,-1.75,21
15025,307,009455,28.3836,-1.75,21
15056,308,009437,5.25,23.6431,21
15084,309,009496,-5.25,-29.2517,21
15129,310,009460,-25.8729,1.75,51
15266,311,009487,23.6429,-5.25,21
15282,312,009611,-34.4054,1.75,51
15548,313,009726,-26.6671,5.25,51
15557,314,009701,27.6328,-1.75,21
15770,315,009820,1.75,26.2968,21
15961,316,009975,18.7101,-5.25,21
16040,317,009871,-1.75,-25.9845,21
16062,318,010091,-1.75,-49.2606,21
16323,319,010127,-1.75,-46.2556,21
16331,320,010128,-5.25,-24.9334,21
16357,321,010277,-1.75,-48.7672,21
16399,322,010218,25.7645,-5.25,21
16410,323,010306,27.6739,-1.75,21
16451,324,010283,-5.25,-20.7499,21
16457,325,010287,-5.25,-28.9977,21
16459,326,010289,-1.75,-28.0657,21
16502,327,010370,-1.75,-29.2255,21
16526,328,010301,-29.9001,1.75,51
16557,329,010405,30.7535,-1.75,21
16592,330,010206,5.25,19.595,21
16630,331,010458,-1.75,-28.0929,21
16670,332,010431,27.1183,-5.25,21
16713,333,010515,29.4416,-1.75,21
16732,334,010471,-5.25,-19.595,21
16736,335,010215,5.25,23.7229,21
16810,336,010493,-24.9338,5.25,22
16834,337,010585,28.222,-5.25,21
16899,338,010621,1.75,28.4737,21
16901,339,010623,1.75,29.9538,21
16963,340,010618,30.0515,-1.75,21
16965,341,010667,29.7286,-1.75,21
16969,342,010670,29.0393,-1.75,21
17017,343,010485,-5.25,-24.0386,21
17026,344,010576,-5.25,-29.6714,21
17153,345,010741,-5.25,-21.6366,21
17164,346,010748,-1.75,-26.838,21
17247,347,010794,25.7297,-5.25,21
17259,348,010846,29.2216,-1.75,21
17304,349,010656,5.25,22.6517,21
17343,350,010900,1.75,34.7595,21
17474,351,010917,1.75,34.1626,21
17478,352,010922,1.75,25.2562,21
17603,353,011061,5.25,29.2984,21
17653,354,011041,26.3281,-1.75,21
17687,355,011116,29.0252,-5.25,21
17955,356,011296,-33.5292,1.75,51
17975,357,011306,28.3941,-1.75,21
18133,358,011265,-5.25,-21.6372,21
18136,359,011267,-5.25,-24.8432,21
18162,360,011421,5.25,29.0664,21
18271,361,011269,-1.75,-18.8407,21
18418,362,011457,1.75,25.7539,21
18450,363,011547,-5.25,-19.6964,21
18551,364,011611,1.75,20.7492,21
18575,365,011675,-5.25,-27.4646,21
18590,366,011694,-1.75,-29.1458,21
18648,367,011546,25.7601,-1.75,21
18707,368,011686,5.25,29.8627,21
18761,369,011727,-24.2981,1.75,51
18766,370,011753,36.6472,-1.75,21
18860,371,011869,1.75,47.857,21
18872,372,011878,1.75,27.9358,21
18977,373,011880,-1.75,-25.7164,21
18992,374,011912,5.25,28.2612,21
19004,375,011970,5.25,29.3446,21
19045,376,011824,22.3167,-5.25,21
19123,377,012001,5.25,22.6657,21
19136,378,012054,-5.25,-29.933,21
19218,379,012110,-38.615,1.75,51
19269,380,012092,-1.75,-28.3508,21
19275,381,012098,-5.25,-29.6337,21
19277,382,012131,-5.25,-28.9941,21
19299,383,012146,-1.75,-29.0724,21
19301,384,012148,-1.75,-29.3507,21
19326,385,011917,23.7366,-1.75,21
19331,386,012126,-29.8308,5.25,51
19344,387,012176,-34.1408,1.75,51
19420,388,012223,-1.75,-30.1094,21
19511,389,012285,-38.1111,1.75,51
19531,390,012242,-5.25,-18.8411,21
19533,391,012055,1.75,21.6367,21
19571,392,012311,5.25,29.1014,21
19579,393,012317,5.25,29.2794,21
19601,394,012289,-24.2978,1.75,51
19673,395,012247,-5.25,-21.637,21
19681,396,012327,5.25,27.9004,21
19690,397,012334,1.75,26.6544,21
19815,398,012255,-5.25,-22.3989,21
19822,399,012257,-5.25,-28.0613,21
19825,400,012256,-1.75,-14.6004,21
19826,401,012416,1.75,27.1019,21
19839,402,012340,-5.25,-27.9503,21
19887,403,012300,25.7165,-1.75,21
19891,404,012348,30.4909,-1.75,21
19951,405,012382,-5.25,-18.8407,21
19989,406,012467,-5.25,-19.3952,21
20034,407,012533,-15.0218,1.75,51
20092,408,012574,1.75,23.0704,21
20111,409,012583,5.25,29.2255,21
20172,410,012610,28.5235,-1.75,21
20244,411,012551,-1.75,-21.5582,21
20250,412,012638,-5.25,-26.5963,21
20330,413,012789,29.2263,-5.25,21
20335,414,012795,29.557,-1.75,21
20350,415,012718,-20.7604,1.75,51
20371,416,012757,-1.75,-18.8411,21
20380,417,012677,5.25,24.5526,21
20385,418,012681,5.25,18.1221,21
20418,419,012839,5.25,28.0389,21
20473,420,012870,27.1085,-1.75,21
20528,421,012774,-1.75,-27.1063,21
20559,422,012924,-5.25,-29.9535,21
20581,423,012890,18.7105,-5.25,21
20598,424,012945,-34.2394,1.75,51
21042,425,013215,29.8922,-1.75,21
21073,426,013027,5.25,21.6367,21
21099,427,013246,1.75,29.2804,21
21353,428,013278,1.75,21.637,21
21357,429,013280,1.75,21.1945,21
21432,430,013331,26.8527,-5.25,21
21473,431,013470,33.7119,-1.75,21
21543,432,013510,-5.25,-19.395,21
21543,433,013520,1.75,27.9806,21
21568,434,013413,-25.9964,5.25,51
21575,435,013482,28.6043,-1.75,21
21577,436,013414,-29.9759,1.75,51
21664,437,013525,-5.25,-22.8405,21
21701,438,013553,18.8408,-1.75,21
21804,439,013708,-5.25,-26.5264,21
21822,440,013724,-1.75,-27.6193,21
21860,441,013745,-32.5754,1.75,51
21871,442,013670,22.0616,-1.75,21
21872,443,013668,23.4798,-5.25,21
21878,444,013679,26.8292,-1.75,21
21911,445,013641,1.75,14.6223,21
21949,446,013736,-5.25,-23.2689,21
22141,447,013862,29.9985,-5.25,21
22280,448,014008,-37.724,1.75,51
22286,449,014015,-57.3793,1.75,51
22297,450,014022,-59.4477,1.75,51
22430,451,014097,-56.2199,1.75,51
22486,452,014077,1.75,27.6403,21
22497,453,014127,5.25,29.3023,21
22546,454,013881,23.736,-1.75,21
22618,455,014154,1.75,20.5913,21
22658,456,014225,-1.75,-29.6706,21
22659,457,014159,1.75,20.2601,21
22750,458,014160,5.25,16.5151,21
22753,459,014161,5.25,20.5529,21
22761,460,014170,1.75,26.9576,21
22861,461,014344,29.1269,-5.25,21
22910,462,014248,-1.75,-28.2772,21
23064,463,014455,5.25,29.5465,21
23187,464,014473,5.25,19.3946,21
23195,465,014542,-1.75,-29.5427,21
23327,466,014573,1.75,29.9422,21
23388,467,014525,24.8429,-1.75,21
23389,468,014530,29.5026,-5.25,21
23407,469,014636,29.4246,-1.75,21
23451,470,014567,-1.75,-18.8416,21
23567,471,014771,28.6275,-5.25,21
23833,472,014792,28.1679,-5.25,21
23837,473,014929,-39.1973,1.75,51
23840,474,014930,-29.9158,5.25,51
23849,475,014935,-33.2731,1.75,51
23889,476,014910,5.25,29.1618,21
23950,477,014801,26.7895,-1.75,21
23969,478,015003,28.3314,-1.75,21
24016,479,014985,5.25,23.7364,21
24020,480,014875,-1.75,-24.5544,21
24054,481,015058,-5.25,-27.6279,21
24061,482,015063,-1.75,-29.4015,21
24104,483,015046,28.053,-5.25,21
24234,484,015121,27.9047,-5.25,21
24236,485,015098,-31.7602,1.75,51
24334,486,015073,-1.75,-17.5823,21
24335,487,015240,1.75,28.6724,21
24414,488,015293,47.5035,-1.75,21
24447,489,015221,-1.75,-27.1399,21
24449,490,015229,-5.25,-27.1337,21
24651,491,015381,26.2654,-1.75,21
24665,492,015390,29.3253,-5.25,21
24731,493,015440,-1.75,-28.7404,21
24733,494,015446,-1.75,-29.8998,21
24743,495,015494,-5.25,-29.2614,21
24882,496,015575,1.75,39.2534,21
25013,497,015583,-5.25,-27.0757,21
25031,498,015670,1.75,31.6656,21
25147,499,015688,5.25,20.2261,21
25172,500,015762,-1.75,-30.437,21
25304,501,015841,-1.75,-29.1241,21
25348,502,015817,-29.071,5.25,22
25416,503,015695,5.25,23.736,21
25441,504,015926,-1.75,-27.624,21
25526,505,015984,29.2472,-1.75,21
25603,506,016037,-5.25,-28.0875,21
25691,507,016041,-5.25,-18.8408,21
25725,508,016117,-5.25,-29.2288,21
25744,509,016031,1.75,19.812,21
25761,510,015995,18.8411,-1.75,21
25808,511,016000,22.0948,-1.75,21
25867,512,016214,-1.75,-27.1885,21
25937,513,016261,-62.0514,1.75,51
26005,514,016295,-1.75,-30.5094,21
26011,515,016300,-1.75,-30.8015,21
26045,516,016196,22.2204,-1.75,21
26117,517,016205,5.25,24.2794,21
26119,518,016209,5.25,24.9556,21
26119,519,016315,-5.25,-25.1882,21
26191,520,016343,-24.6087,1.75,51
26235,521,016369,17.8805,-1.75,21
26321,522,016368,18.8408,-5.25,21
26463,523,016520,20.9185,-5.25,21
26467,524,016519,12.5574,-1.75,21
26481,525,016529,28.3164,-1.75,21
26494,526,016583,28.0095,-5.25,21
26507,527,016594,29.9321,-1.75,21
26568,528,016635,1.75,29.5999,21
26584,529,016648,1.75,31.946,21
26610,530,016607,26.7794,-5.25,21
26701,531,016673,5.25,26.8451,21
26720,532,016725,-5.25,-29.4682,21
26721,533,016726,-1.75,-28.7883,21
26744,534,016697,-28.1216,5.25,51
26831,535,016747,-1.75,-28.8406,21
26881,536,016780,-19.3361,5.25,51
26999,537,016911,-1.75,-29.3451,21
27026,538,016843,-29.9007,1.75,51
27067,539,016952,28.4645,-5.25,21
27126,540,016986,1.75,29.0903,21
27246,541,017012,5.25,26.0632,21
27265,542,017073,5.25,28.5927,21
27308,543,017055,-27.8639,5.25,51
27342,544,017119,31.6511,-1.75,21
27413,545,017166,-1.75,-54.5675,21
27441,546,017131,20.7498,-5.25,21
27478,547,017137,26.5889,-5.25,21
27589,548,017223,-29.1319,5.25,22
27613,549,017287,-33.4565,1.75,51
27661,550,017189,-1.75,-41.8762,21
27673,551,017274,-5.25,-29.4215,21
27684,552,017262,5.25,18.8147,21
27728,553,017310,-29.5896,5.25,51
27793,554,017352,-5.25,-21.7057,21
27796,555,017355,-5.25,-23.4657,21
27815,556,017378,-5.25,-25.8893,21
27861,557,017421,-24.2977,1.75,51
27912,558,017429,25.7164,-5.25,21
27954,559,017536,-1.75,-29.5003,21
27958,560,017539,-1.75,-26.7815,21
28001,561,017516,-24.298,5.25,51
28071,562,017450,1.75,18.8415,21
28072,563,017570,-5.25,-19.5946,21
28091,564,017584,-1.75,-30.0866,21
28141,565,017525,-24.2979,1.75,51
28159,566,017590,-37.05,1.75,51
28174,567,017692,-57.285,1.75,51
28211,568,017661,-5.25,-20.73,21
28218,569,017545,1.75,19.0149,21
28365,570,017755,5.25,29.3176,21
28440,571,017805,-27.8877,5.25,22
28463,572,017874,28.8955,-1.75,21
28541,573,017931,-1.75,-31.546,21
28546,574,017845,1.75,29.8766,21
28569,575,017891,24.7368,-5.25,21
28637,576,017942,-5.25,-25.5915,21
28667,577,018002,1.75,27.7025,21
28775,578,018018,5.25,22.1578,21
28802,579,018082,1.75,29.6286,21
28810,580,018090,1.75,50.1725,21
28875,581,018127,30.6609,-1.75,21
29084,582,018260,-5.25,-28.9595,21
29102,583,018201,5.25,22.4507,21
29201,584,018208,5.25,26.2746,21
29201,585,018286,-1.75,-26.4362,21
29314,586,018412,26.8046,-5.25,21
29541,587,018475,18.438,-1.75,21
29555,588,018510,-36.6729,1.75,51
29566,589,018570,-57.3416,1.75,51
29615,590,018376,-5.25,-19.7266,21
29623,591,018553,5.25,27.332,21
29688,592,018594,-29.3022,5.25,51
29751,593,018622,1.75,20.7181,21
29766,594,018520,-5.25,-24.0935,21
29770,595,018526,-5.25,-21.0204,21
29841,596,018676,-22.8729,5.25,51
29986,597,018807,-35.0575,1.75,51
30128,598,018893,28.5004,-5.25,21
30132,599,018898,29.2349,-5.25,21
30134,600,018899,28.5901,-5.25,21
30195,601,018939,5.25,29.6242,21
30199,602,018942,5.25,29.4396,21
30221,603,018879,-5.25,-28.5395,21
30351,604,018977,1.75,24.5635,21
30426,605,019091,29.9014,-1.75,21
30459,606,019048,-1.75,-25.8247,21
30567,607,019197,-37.3666,1.75,51
30620,608,019225,-1.75,-28.4623,21
30622,609,019226,-1.75,-29.7931,21
30743,610,019257,-1.75,-22.8825,21
31019,611,019414,5.25,25.2449,21
31043,612,019490,-1.75,-47.3691,21
31161,613,019422,1.75,19.3507,21
31167,614,019509,-5.25,-19.6121,21
31169,615,019512,-5.25,-26.6817,21
31328,616,019664,1.75,52.1462,21
31444,617,019684,1.75,27.9804,21
31553,618,019802,33.2148,-1.75,21
31571,619,019759,1.75,14.6223,21
31667,620,019860,-29.2555,5.25,51
31711,621,019764,1.75,18.8408,21
31782,622,019813,19.5947,-5.25,21
31789,623,019819,25.3417,-5.25,21
31804,624,019862,20.5606,-1.75,21
31871,625,019938,-1.75,-26.5496,21
31950,626,020043,32.0195,-1.75,21
32065,627,019955,-24.4661,1.75,51
32130,628,020107,1.75,14.9935,21
32156,629,020122,-1.75,-24.5598,21
32166,630,020175,-5.25,-27.2723,21
32254,631,020257,28.9029,-1.75,21
32287,632,020183,5.25,28.1369,21
32317,633,020300,5.25,29.9872,21
32340,634,020245,-17.0278,1.75,51
32355,635,020264,18.8374,-1.75,21
32390,636,020281,19.8983,-5.25,21
32392,637,020349,-38.7915,1.75,51
32429,638,020320,1.75,26.2296,21
32446,639,020200,-5.25,-25.9773,21
32459,640,020388,5.25,29.2925,21
32497,641,020356,27.4731,-1.75,21
32515,642,020357,-23.4502,1.75,51
32621,643,020438,-26.7383,5.25,51
32728,644,020559,1.75,29.2433,21
32733,645,020567,1.75,72.1598,21
32784,646,020462,20.792,-5.25,21
32853,647,020551,-1.75,-20.7116,21
32903,648,020465,21.637,-1.75,21
32989,649,020684,-5.25,-29.5284,21
33118,650,020781,1.75,25.4896,21
33224,651,020889,27.8156,-1.75,21
33251,652,020858,5.25,18.7103,21
33321,653,020900,18.8412,-1.75,21
33350,654,020970,-52.4662,1.75,51
33354,655,020910,26.5875,-5.25,21
33412,656,020791,-1.75,-26.0103,21
33414,657,020922,-1.75,-46.9933,21
33435,658,021017,-1.75,-28.6405,21
33542,659,020962,5.25,29.924,21
33675,660,021004,1.75,22.2199,21
33678,661,021005,5.25,28.2487,21
33681,662,021012,1.75,22.3264,21
33688,663,021015,1.75,18.6375,21
33690,664,021037,1.75,29.8668,21
33821,665,021166,1.75,20.2544,21
33885,666,020976,20.1149,-1.75,21
33932,667,021318,28.9402,-5.25,21
33995,668,021357,5.25,29.5195,21
34026,669,021300,-29.5217,1.75,51
34029,670,021306,-29.2388,1.75,51
34029,671,021325,12.9453,-1.75,21
34097,672,021207,-1.75,-24.0384,21
34110,673,021285,-1.75,-28.5845,21
34195,674,021489,28.0854,-1.75,21
34241,675,021463,-1.75,-26.8533,21
34245,676,021466,-1.75,-27.4194,21
34306,677,021474,-29.9744,5.25,51
34333,678,021577,47.4943,-1.75,21
34424,679,021638,-1.75,-29.3451,21
34441,680,021565,-26.7379,5.25,51
34444,681,021566,-28.3333,1.75,51
34449,682,021596,29.6957,-5.25,21
34582,683,021689,19.5943,-5.25,21
34659,684,021732,-5.25,-25.6277,21
34681,685,021796,1.75,28.8488,21
34684,686,021800,5.25,28.2399,21
34724,687,021778,-28.3324,5.25,51
34834,688,021886,1.75,28.7713,21
34864,689,021860,-26.3005,5.25,22
34894,690,021930,-35.8872,1.75,51
34949,691,021911,1.75,42.9742,21
35099,692,022050,1.75,29.9455,21
35122,693,022074,1.75,77.303,21
35211,694,021873,-1.75,-18.8412,21
35228,695,022083,5.25,29.6414,21
35252,696,022152,-5.25,-28.7814,21
35262,697,022163,-1.75,-54.8062,21
35312,698,022197,-36.1078,1.75,51
35353,699,022166,-5.25,-21.7598,21
35361,700,022168,-5.25,-19.7268,21
35421,701,022125,14.4352,-1.75,21
35429,702,022128,20.8145,-1.75,21
35455,703,022274,30.8957,-1.75,21
35519,704,022319,1.75,53.5796,21
35576,705,022303,26.6705,-5.25,21
35635,706,022177,-1.75,-22.2205,21
35656,707,022404,1.75,36.4944,21
35667,708,022410,1.75,17.5743,21
35724,709,022473,-36.5365,1.75,51
35751,710,022494,-36.8525,1.75,51
35808,711,022523,-1.75,-29.5777,21
35810,712,022525,-1.75,-28.882,21
35986,713,022582,-28.7564,5.25,51
35988,714,022402,24.8988,-5.25,21
36005,715,022589,-26.7963,5.25,51
36007,716,022566,21.7391,-5.25,21
36061,717,022623,-1.75,-27.2343,21
36079,718,022671,-1.75,-29.7566,21
36133,719,022660,-26.7711,5.25,51
36566,720,022976,-52.982,1.75,51
36693,721,023011,38.5615,-1.75,21
36751,722,022950,-5.25,-18.8411,21
36753,723,023052,5.25,21.6366,21
36826,724,023072,29.3695,-5.25,21
36863,725,023171,29.6671,-5.25,21
36988,726,023241,29.8849,-1.75,21
37014,727,023258,31.111,-1.75,21
37106,728,023263,23.7689,-5.25,21
37173,729,023301,1.75,21.6909,21
37241,730,023344,18.8409,-5.25,21
37269,731,023401,30.1698,-1.75,21
37291,732,023417,31.6303,-1.75,21
37396,733,023429,25.0741,-5.25,21
37451,734,023474,-1.75,-18.8416,21
37488,735,023542,1.75,63.3068,21
37661,736,023603,-24.2981,1.75,51
37693,737,023670,69.8113,-1.75,21
37699,738,023673,51.2167,-1.75,21
37705,739,023676,29.9658,-5.25,21
37819,740,023697,28.5321,-5.25,21
37875,741,023659,-5.25,-27.0825,21
37880,742,023726,1.75,45.0017,21
37944,743,023666,-28.3325,5.25,51
38013,744,023814,1.75,21.6373,21
38019,745,023816,1.75,19.3634,21
38167,746,023900,1.75,28.8924,21
38233,747,023940,18.8382,-1.75,21
38266,748,024021,29.3135,-1.75,21
38368,749,024034,19.411,-1.75,21
38433,750,023891,-1.75,-21.637,21
38483,751,024145,-5.25,-28.7434,21
38526,752,024179,-37.2966,1.75,51
38548,753,024122,17.3693,-1.75,21
38549,754,024193,-29.856,1.75,51
38571,755,024157,-5.25,-25.1298,21
38718,756,024247,-5.25,-24.8133,21
38733,757,024258,1.75,29.6016,21
38737,758,024320,1.75,28.1006,21
38751,759,024337,5.25,29.4701,21
38834,760,024384,27.2616,-1.75,21
38998,761,024431,-5.25,-20.5179,21
39017,762,024444,-5.25,-29.7231,21
39032,763,024505,-1.75,-22.9994,21
39145,764,024503,5.25,19.1604,21
39145,765,024520,1.75,22.5979,21
39159,766,024531,-5.25,-27.5216,21
39174,767,024595,-5.25,-28.924,21
39181,768,024601,-5.25,-28.9216,21
39206,769,024561,23.7361,-5.25,21
39278,770,024533,1.75,24.8992,21
39295,771,024619,-5.25,-29.882,21
39307,772,024666,5.25,26.4659,21
39420,773,024670,-1.75,-25.6304,21
39436,774,024751,-1.75,-30.5037,21
39448,775,024760,-5.25,-29.5267,21
39461,776,024691,1.75,12.234,21
39496,777,024734,21.0322,-5.25,21
39496,778,024791,-52.9236,1.75,51
39532,779,024813,26.5404,-1.75,21
39570,780,024747,1.75,27.5033,21
39711,781,024897,-5.25,-29.7519,21
39777,782,024936,28.1994,-1.75,21
39837,783,024985,-5.25,-24.2886,21
39856,784,025039,-5.25,-28.956,21
39859,785,025046,-1.75,-28.8521,21
39863,786,025053,-1.75,-51.0359,21
39944,787,025100,28.9441,-5.25,21
39945,788,025103,32.6101,-1.75,21
40046,789,024996,-27.9099,5.25,51
40115,790,024954,5.25,22.5418,21
40131,791,025168,-5.25,-29.0579,21
40183,792,025114,21.6372,-5.25,21
40267,793,025214,5.25,24.1283,21
40272,794,025243,-5.25,-19.3947,21
40272,795,025223,1.75,29.6338,21
40325,796,025123,22.2202,-5.25,21
40337,797,025183,27.4885,-1.75,21
40361,798,025351,28.332,-5.25,21
40434,799,025396,-5.25,-28.6587,21
40476,800,025344,-29.4924,1.75,51
40533,801,025322,1.75,21.6374,21
40606,802,025453,-29.9152,5.25,51
40608,803,025454,-29.797,1.75,51
40611,804,025375,24.0926,-5.25,21
40743,805,025376,21.6373,-5.25,21
40757,806,025546,-34.0585,1.75,51
40790,807,025623,-38.1488,1.75,51
40813,808,025582,-5.25,-20.7443,21
40819,809,025585,-1.75,-25.9262,21
40819,810,025499,5.25,23.0222,21
40827,811,025591,-1.75,-24.6586,21
40888,812,025428,26.3208,-5.25,21
40888,813,025633,-29.9622,1.75,51
40888,814,025632,-27.2824,5.25,51
41129,815,025838,1.75,51.9068,21
41132,816,025840,1.75,29.9482,21
41143,817,025848,1.75,32.4817,21
41184,818,025825,29.8435,-5.25,21
41342,819,025976,-37.5843,1.75,51
41385,820,025859,-1.75,-28.4268,21
41455,821,025915,25.5903,-1.75,21
41456,822,025918,26.695,-5.25,21
41457,823,025960,25.9013,-1.75,21
41516,824,025949,1.75,23.0198,21
41550,825,026102,-1.75,-39.497,21
41656,826,026011,5.25,24.8748,21
41685,827,026194,-1.75,-44.8952,21
41690,828,026042,1.75,16.4458,21
41721,829,026161,-22.2359,5.25,51
41726,830,026165,-39.0904,1.75,51
41742,831,026174,23.7808,-1.75,21
41746,832,026180,26.4489,-5.25,21
41770,833,026172,-24.0905,1.75,51
41933,834,026312,-1.75,-21.6365,21
41940,835,026314,-5.25,-27.1068,21
41972,836,026384,-1.75,-29.0021,21
42048,837,026365,27.3423,-1.75,21
42113,838,026480,1.75,29.7778,21
42143,839,026448,21.6367,-1.75,21
42221,840,026409,-1.75,-25.1825,21
42223,841,026497,5.25,25.9457,21
42237,842,026551,5.25,29.4679,21
42250,843,026567,5.25,25.3431,21
42315,844,026611,-38.7492,1.75,51
42351,845,026561,1.75,18.8415,21
42383,846,026570,5.25,25.1907,21
42423,847,026509,21.6367,-5.25,21
42446,848,026682,-37.0861,1.75,51
42562,849,026520,19.5948,-1.75,21
42633,850,026668,-1.75,-21.6372,21
42728,851,026852,28.683,-1.75,21
42728,852,026851,29.3565,-5.25,21
42736,853,026853,-29.9333,5.25,51
42743,854,026768,-15.9145,1.75,51
42744,855,026794,-29.6284,1.75,51
42748,856,026864,20.6616,-5.25,21
42926,857,026927,-1.75,-25.2488,21
43013,858,026969,25.1925,-5.25,21
43061,859,026900,1.75,27.3944,21
43148,860,026981,21.76,-1.75,21
43217,861,027153,-1.75,-29.3549,21
43232,862,027173,-5.25,-29.4028,21
43243,863,027106,1.75,25.437,21
43333,864,027158,5.25,21.7599,21
43351,865,027203,1.75,28.795,21
43435,866,027306,28.4057,-5.25,21
43489,867,027267,5.25,29.0564,21
43624,868,027284,-5.25,-19.3952,21
43624,869,027380,1.75,27.8418,21
43751,870,027285,-5.25,-18.8414,21
43798,871,027536,-5.25,-29.1512,21
43800,872,027537,-1.75,-29.3867,21
43802,873,027541,-1.75,-71.216,21
43841,874,027506,19.3952,-5.25,21
43896,875,027467,5.25,23.7364,21
44141,876,027738,29.0918,-1.75,21
44203,877,027776,5.25,29.6604,21
44289,878,027841,30.9468,-1.75,21
44311,879,027786,5.25,18.8406,21
44385,880,027851,23.7592,-5.25,21
44405,881,027905,28.5985,-5.25,21
44413,882,027915,30.5938,-1.75,21
44415,883,027917,29.8521,-1.75,21
44459,884,027806,5.25,26.7243,21
44465,885,027805,1.75,19.3663,21
44503,886,027976,-1.75,-28.4941,21
44593,887,027866,5.25,21.6372,21
44598,888,027983,-5.25,-25.4899,21
44663,889,027941,21.6374,-1.75,21
44668,890,028025,-32.1968,1.75,51
44698,891,028087,-28.7697,1.75,51
44755,892,028123,-5.25,-28.8472,21
44783,893,028148,-1.75,-29.6989,21
44804,894,028111,-28.0961,1.75,51
44882,895,028156,-1.75,-23.0714,21
44885,896,028162,-5.25,-27.3644,21
44917,897,028232,-1.75,-28.6782,21
44924,898,028236,-1.75,-32.4551,21
44927,899,028071,1.75,18.034,21
45038,900,028308,-5.25,-28.1093,21
45161,901,028215,5.25,26.484,21
45168,902,028334,-5.25,-19.3571,21
45181,903,028341,-1.75,-29.0955,21
45241,904,028356,27.0001,-1.75,21
45259,905,028438,27.8035,-1.75,21
45271,906,028447,29.94,-5.25,21
45301,907,028415,-5.25,-27.3851,21
45309,908,028418,-5.25,-23.7455,21
45317,909,028428,-5.25,-26.2085,21
45446,910,028508,-5.25,-26.7283,21
45455,911,028521,-1.75,-38.8916,21
45522,912,028560,28.3592,-1.75,21
45573,913,028473,5.25,21.6373,21
45604,914,028658,-1.75,-29.0337,21
45650,915,028553,-26.8035,5.25,51
45671,916,028702,27.1725,-1.75,21
45675,917,028543,-18.3639,1.75,51
45675,918,028707,26.7926,-5.25,21
45687,919,028714,25.3445,-1.75,21
45711,920,028513,1.75,14.8586,21
45720,921,028517,5.25,24.5548,21
45728,922,028689,-5.25,-24.6173,21
45782,923,028616,-23.8493,5.25,51
45785,924,028693,-29.4799,5.25,51
45858,925,028739,-1.75,-24.8994,21
45902,926,028846,-1.75,-34.3172,21
45930,927,028811,-29.2931,1.75,51
45969,928,028738,20.3391,-1.75,21
45996,929,028769,5.25,23.6426,21
46000,930,028771,1.75,25.8218,21
46014,931,028863,-5.25,-24.9155,21
46021,932,028910,-1.75,-27.1986,21
46064,933,028893,-26.998,1.75,51
46082,934,028900,27.5225,-5.25,21
46087,935,028958,-26.8165,5.25,51
46131,936,028941,-1.75,-18.8414,21
46153,937,028957,5.25,29.8451,21
46216,938,029045,-38.7294,1.75,51
46219,939,029048,-35.6292,1.75,51
46219,940,028990,18.7098,-1.75,21
46273,941,028952,-5.25,-21.6374,21
46304,942,029103,-1.75,-28.692,21
46363,943,029091,28.4953,-5.25,21
46384,944,029154,29.4197,-1.75,21
46413,945,029122,-1.75,-21.6098,21
46512,946,029233,29.8124,-5.25,21
46589,947,029281,-1.75,-29.8062,21
46738,948,029376,5.25,29.9098,21
46788,949,029408,-30.1014,1.75,51
46999,950,029533,-1.75,-17.0297,21
47012,951,029483,5.25,27.2293,21
47086,952,029440,22.6076,-1.75,21
47111,953,029560,1.75,26.5889,21
47111,954,029555,5.25,18.7099,21
47119,955,029544,-1.75,-26.2891,21
47136,956,029624,1.75,37.9503,21
47155,957,029643,5.25,28.9976,21
47166,958,029550,-1.75,-17.1714,21
47184,959,029490,29.8928,-1.75,21
47227,960,029688,29.3667,-5.25,21
47251,961,029549,-5.25,-18.841,21
47321,962,029699,26.5887,-1.75,21
47348,963,029614,-24.2981,1.75,51
47393,964,029661,5.25,21.6374,21
47466,965,029784,23.7364,-5.25,21
47472,966,029792,-29.1286,5.25,51
47506,967,029875,-38.612,1.75,51
47569,968,029804,1.75,17.2047,21
47618,969,029943,-47.0778,1.75,51
47710,970,029995,-1.75,-29.6602,21
47743,971,029803,21.6369,-5.25,21
47794,972,030041,29.2335,-5.25,21
47838,973,030068,1.75,33.0364,21
47891,974,030052,26.3003,-1.75,21
47928,975,030122,77.3319,-1.75,21
47953,976,030010,-5.25,-21.6372,21
48073,977,030205,28.8811,-5.25,21
48099,978,030173,1.75,38.032,21
48117,979,030225,5.25,29.0708,21
48161,980,030208,18.8409,-5.25,21
48190,981,030271,29.9234,-1.75,21
48282,982,030330,-1.75,-27.3253,21
48346,983,030383,91.2648,-1.75,21
48480,984,030470,28.0272,-1.75,21
48616,985,030566,-34.5676,1.75,51
48661,986,030406,1.75,18.9809,21
48672,987,030502,5.25,29.6977,21
48689,988,030606,1.75,29.4599,21
48739,989,030589,28.4944,-5.25,21
48861,990,030673,20.7633,-5.25,21
48963,991,030774,5.25,28.1512,21
48966,992,030780,5.25,28.8766,21
48981,993,030794,1.75,29.3735,21
49070,994,030631,-1.75,-14.9726,21
49107,995,030763,-1.75,-18.7329,21
49107,996,030867,1.75,10.77,21
49112,997,030872,1.75,26.8995,21
49117,998,030778,-5.25,-24.6648,21
49237,999,030950,5.25,29.5289,21
49298,1000,030834,24.7879,-5.25,21
49310,1001,031001,28.7175,-1.75,21
49311,1002,030939,-26.7383,1.75,51
49390,1003,031058,-5.25,-28.288,21
49434,1004,031034,28.7803,-1.75,21
49437,1005,031041,27.4526,-5.25,21
49444,1006,031000,-21.3783,1.75,51
49445,1007,031049,29.6597,-1.75,21
49451,1008,031020,-29.9039,1.75,51
49464,1009,031099,22.8509,-1.75,21
49498,1010,030988,5.25,25.161,21
49526,1011,031146,-1.75,-29.8194,21
49566,1012,031114,20.7398,-5.25,21
49599,1013,031199,-56.3761,1.75,51
49665,1014,031226,5.25,27.8803,21
49774,1015,031244,5.25,20.7831,21
49776,1016,031246,5.25,23.0164,21
49801,1017,031317,-1.75,-27.7331,21
49811,1018,031327,-1.75,-28.3095,21
49817,1019,031330,-5.25,-29.1071,21
50052,1020,031353,-5.25,-19.5947,21
50139,1021,031487,46.7389,-1.75,21
50156,1022,031547,29.908,-1.75,21
50199,1023,031517,-1.75,-23.6472,21
50244,1024,031604,1.75,27.6223,21
50373,1025,031621,-5.25,-28.3476,21
50549,1026,031746,26.1465,-5.25,21
50621,1027,031790,5.25,25.7932,21
50629,1028,031793,1.75,24.1142,21
50630,1029,031794,5.25,22.6953,21
50633,1030,031797,5.25,24.0393,21
50681,1031,031832,18.71,-5.25,21
50681,1032,031834,20.6406,-1.75,21
50728,1033,031915,30.2667,-1.75,21
50764,1034,031883,5.25,26.4026,21
50790,1035,031954,-1.75,-28.1383,21
50850,1036,031992,39.7539,-1.75,21
50855,1037,031997,28.8953,-1.75,21
50910,1038,031943,1.75,28.0935,21
50978,1039,032024,29.5392,-1.75,21
51046,1040,032064,1.75,53.1,21
51055,1041,032123,5.25,29.4163,21
51133,1042,032172,-59.9325,1.75,51
51403,1043,032260,29.8859,-5.25,21
51459,1044,032315,-5.25,-25.452,21
51469,1045,032324,-1.75,-28.3179,21
51495,1046,032385,-5.25,-29.4792,21
51557,1047,032419,33.5154,-1.75,21
51593,1048,032394,-5.25,-25.62,21
51603,1049,032398,-5.25,-28.8589,21
51693,1050,032503,26.166,-5.25,21
51746,1051,032374,5.25,27.7445,21
51753,1052,032487,5.25,29.9017,21
51770,1053,032556,1.75,29.1699,21
51852,1054,032611,-37.7227,1.75,51
51876,1055,032572,5.25,26.3845,21
51948,1056,032619,-32.5458,1.75,51
51963,1057,032672,-35.9736,1.75,51
52153,1058,032659,-5.25,-21.7598,21
52167,1059,032663,-5.25,-19.1616,21
52293,1060,032823,-1.75,-20.2236,21
52297,1061,032828,-5.25,-23.0684,21
52302,1062,032805,1.75,21.5762,21
52325,1063,032887,1.75,28.6326,21
52331,1064,032893,1.75,28.2872,21
52396,1065,032940,-55.5683,1.75,51
52444,1066,032842,-1.75,-29.1442,21
52571,1067,032910,5.25,18.8417,21
52649,1068,033018,-29.9289,1.75,51
52661,1069,033095,-54.5108,1.75,51
52670,1070,033102,-37.8854,1.75,51
52678,1071,033045,25.534,-1.75,21
52690,1072,033103,23.3106,-1.75,21
52695,1073,033119,29.668,-1.75,21
52756,1074,033159,5.25,29.2008,21
52761,1075,033163,1.75,29.1362,21
52784,1076,033113,-25.7321,1.75,51
52788,1077,033117,-20.6171,1.75,51
52827,1078,033135,-27.9664,1.75,51
52889,1079,033238,5.25,28.7539,21
52925,1080,033209,22.2198,-1.75,21
52991,1081,033256,5.25,18.841,21
53004,1082,033182,-5.25,-22.5988,21
53009,1083,033263,1.75,24.2318,21
53061,1084,033212,-24.2975,5.25,51
53078,1085,033367,-36.9992,1.75,51
53201,1086,033312,18.8417,-1.75,21
53231,1087,033468,-38.2971,1.75,51
53410,1088,033519,1.75,16.2278,21
53432,1089,033531,1.75,32.306,21
53439,1090,033535,5.25,27.8154,21
53455,1091,033592,5.25,28.7798,21
53481,1092,033560,-24.2975,5.25,51
53585,1093,033670,-5.25,-29.7614,21
53703,1094,033698,-1.75,-26.3982,21
53761,1095,033734,-20.8732,1.75,51
53918,1096,033869,-29.9062,1.75,51
53924,1097,033878,-53.2031,1.75,51
53931,1098,033880,-26.4486,1.75,51
53973,1099,033855,1.75,21.6374,21
54024,1100,033932,-5.25,-29.1484,21
54159,1101,034014,-1.75,-29.7366,21
54161,1102,034016,-1.75,-29.1402,21
54321,1103,034072,20.6415,-1.75,21
54353,1104,034137,-33.4114,1.75,51
54355,1105,034084,19.4178,-5.25,21
54365,1106,034151,-35.8466,1.75,51
54400,1107,034007,5.25,25.3676,21
54464,1108,034161,-28.3324,5.25,51
54565,1109,034262,5.25,28.5066,21
54566,1110,034264,5.25,28.9652,21
54711,1111,034349,5.25,28.4634,21
54719,1112,034357,1.75,29.4626,21
54819,1113,034211,-1.75,-29.8942,21
54883,1114,034248,21.6367,-5.25,21
54888,1115,034405,-30.3255,1.75,51
54951,1116,034438,-1.75,-18.8416,21
54958,1117,034440,-1.75,-20.7933,21
54963,1118,034414,1.75,23.1805,21
54965,1119,034416,1.75,23.9458,21
55033,1120,034489,-28.3254,5.25,51
55091,1121,034447,-1.75,-14.6231,21
55116,1122,034519,-5.25,-27.3434,21
55166,1123,034497,-27.9102,1.75,51
55169,1124,034546,-29.3272,1.75,51
55319,1125,034717,-29.4221,1.75,51
55391,1126,034715,5.25,28.6442,21
55441,1127,034637,18.8415,-1.75,21
55456,1128,034671,24.0971,-1.75,21
55481,1129,034819,-38.8276,1.75,51
55515,1130,034782,1.75,22.3116,21
55583,1131,034838,-24.7101,5.25,51
55679,1132,034718,-5.25,-26.5886,21
55795,1133,034725,-5.25,-22.2197,21
55913,1134,035080,-29.2127,1.75,51
55941,1135,035045,1.75,26.8517,21
56008,1136,034903,24.816,-5.25,21
56281,1137,035013,18.8415,-1.75,21
56281,1138,035251,-26.7384,1.75,51
56375,1139,035337,-1.75,-29.1592,21
56380,1140,035343,-1.75,-32.7687,21
56447,1141,035335,26.0592,-1.75,21
56454,1142,035386,27.3605,-1.75,21
56493,1143,035218,5.25,21.6373,21
56529,1144,035435,1.75,32.4921,21
56580,1145,035415,19.1188,-1.75,21
56583,1146,035418,21.231,-1.75,21
56671,1147,035521,-1.75,-32.7067,21
56706,1148,035467,-27.9426,5.25,22
56850,1149,035583,-29.4349,1.75,51
56852,1150,035585,-45.4665,1.75,51
56918,1151,035622,1.75,25.7537,21
57051,1152,035707,1.75,14.6224,21
57059,1153,035610,-5.25,-25.5663,21
57063,1154,035685,-1.75,-28.1343,21
57099,1155,035780,-5.25,-28.1782,21
57144,1156,035730,24.1231,-1.75,21
57167,1157,035824,-52.4682,1.75,51
57171,1158,035828,-35.207,1.75,51
57218,1159,035857,-5.25,-29.1888,21
57235,1160,035869,-1.75,-32.9028,21
57269,1161,035830,25.4517,-5.25,21
57276,1162,035893,-30.6582,1.75,51
57476,1163,035973,5.25,23.029,21
57545,1164,036018,21.7738,-1.75,21
57567,1165,036083,46.0009,-1.75,21
57656,1166,036130,-1.75,-32.6628,21
57788,1167,036215,-1.75,-28.8862,21
57924,1168,036291,-5.25,-29.2071,21
57969,1169,036273,-29.9459,5.25,22
58142,1170,036417,-29.6202,1.75,51
58146,1171,036420,-26.539,1.75,51
58146,1172,036437,29.7443,-5.25,21
58184,1173,036408,-5.25,-27.0018,21
58285,1174,036523,25.2212,-1.75,21
58333,1175,036516,-5.25,-29.7192,21
58474,1176,036650,-1.75,-41.6214,21
58481,1177,036655,-1.75,-30.9769,21
58487,1178,036662,-1.75,-52.3962,21
58499,1179,036672,-1.75,-34.5894,21
58528,1180,036619,24.2099,-5.25,21
58544,1181,036639,-26.555,5.25,51
58555,1182,036704,43.2603,-1.75,21
58600,1183,036507,1.75,25.6603,21
58681,1184,036736,28.7186,-1.75,21
58835,1185,036891,-38.6768,1.75,51
58907,1186,036928,-5.25,-29.382,21
58947,1187,036824,24.2788,-5.25,21
59088,1188,036997,-28.2973,1.75,51
59196,1189,037111,1.75,28.827,21
59196,1190,037110,5.25,27.887,21
59198,1191,037113,1.75,27.5711,21
59272,1192,037158,29.7308,-1.75,21
59302,1193,037094,-5.25,-24.9334,21
59304,1194,037099,-5.25,-26.545,21
59320,1195,037189,-1.75,-52.4719,21
59436,1196,037129,5.25,29.5438,21
59441,1197,037216,-5.25,-26.8782,21
59501,1198,037252,26.5889,-5.25,21
59512,1199,037170,-29.626,5.25,51
59604,1200,037361,1.75,31.0696,21
59668,1201,037399,57.5629,-1.75,21
59713,1202,037303,-1.75,-21.637,21
59744,1203,037307,-1.75,-18.3924,21
59827,1204,037504,28.0181,-5.25,21
59851,1205,037391,-5.25,-18.8405,21
59853,1206,037435,-5.25,-21.7597,21
59882,1207,037540,-1.75,-53.09,21
59888,1208,037544,-1.75,-29.2919,21
59903,1209,037554,-1.75,-29.6368,21
59942,1210,037576,-35.0408,1.75,51
59949,1211,037584,-36.4019,1.75,51
60075,1212,037580,29.5762,-5.25,21
60099,1213,037679,32.8369,-1.75,21
60136,1214,037566,-5.25,-23.736,21
60271,1215,037746,5.25,18.8414,21
60293,1216,037759,1.75,28.8189,21
60300,1217,037812,1.75,29.5764,21
60310,1218,037820,1.75,29.7583,21
60341,1219,037796,-26.7379,1.75,51
60357,1220,037716,27.1116,-1.75,21
60376,1221,037861,29.237,-1.75,21
60418,1222,037625,-1.75,-26.7294,21
60483,1223,037881,21.6372,-1.75,21
60499,1224,037888,26.604,-1.75,21
60559,1225,037925,-5.25,-26.0528,21
60676,1226,037966,24.545,-1.75,21
60773,1227,037968,23.7474,-1.75,21
60831,1228,038013,-1.75,-20.7487,21
60836,1229,038093,1.75,23.7358,21
60869,1230,038168,-1.75,-29.9218,21
60871,1231,038170,-5.25,-28.333,21
60900,1232,038106,-17.0271,1.75,51
60948,1233,038215,28.8444,-5.25,21
60998,1234,038241,1.75,30.8864,21
61125,1235,038280,-1.75,-70.6662,21
61156,1236,038339,-1.75,-32.3265,21
61215,1237,038377,29.9669,-5.25,21
61216,1238,038376,28.0278,-1.75,21
61265,1239,038354,-5.25,-27.8868,21
61295,1240,038436,5.25,27.1218,21
61324,1241,038318,-28.3324,1.75,51
61334,1242,038363,-19.2788,1.75,22
61371,1243,038491,50.8885,-1.75,21
61396,1244,038422,-5.25,-23.7692,21
61461,1245,038493,18.8412,-5.25,21
61509,1246,038566,32.0078,-1.75,21
61540,1247,038535,-5.25,-26.1193,21
61580,1248,038618,1.75,31.1408,21
61708,1249,038690,-5.25,-29.9845,21
61741,1250,038576,18.8408,-1.75,21
61982,1251,038848,5.25,28.9761,21
61984,1252,038717,-5.25,-23.2689,21
62021,1253,038824,18.8407,-1.75,21
62029,1254,038826,21.568,-5.25,21
62068,1255,038904,-58.9473,1.75,51
62102,1256,038870,-1.75,-27.1652,21
62169,1257,038915,-30.5029,1.75,51
62173,1258,038893,29.9766,-5.25,21
62202,1259,038991,-33.721,1.75,51
62233,1260,038856,5.25,25.6198,21
62249,1261,038869,1.75,28.8983,21
62252,1262,038927,1.75,29.1916,21
62371,1263,039037,1.75,19.3375,21
62446,1264,038921,27.5962,-5.25,21
62449,1265,039084,-38.8408,1.75,51
62479,1266,039146,-39.0412,1.75,51
62529,1267,039096,5.25,27.5358,21
62625,1268,039009,23.0729,-1.75,21
62633,1269,039233,-37.2959,1.75,51
62651,1270,039117,-1.75,-18.8413,21
62663,1271,039203,1.75,41.5816,21
62698,1272,039274,-1.75,-30.2249,21
62726,1273,039237,-25.863,1.75,51
62743,1274,039218,24.4156,-1.75,21
62745,1275,039247,-11.3151,5.25,51
62747,1276,039245,26.057,-1.75,21
62815,1277,039339,-1.75,-30.4624,21
62833,1278,039354,-5.25,-29.4104,21
62863,1279,039309,21.6372,-1.75,21
62981,1280,039440,-1.75,-33.3867,21
63102,1281,039510,-1.75,-29.2098,21
63104,1282,039512,-1.75,-28.1262,21
63119,1283,039522,-5.25,-29.5945,21
63141,1284,039320,18.8408,-5.25,21
63187,1285,039561,48.547,-1.75,21
63258,1286,039418,5.25,26.6941,21
63302,1287,039587,29.2192,-5.25,21
63365,1288,039623,5.25,28.341,21
63376,1289,039684,1.75,31.4712,21
63387,1290,039696,1.75,32.6001,21
63497,1291,039628,-1.75,-21.682,21
63566,1292,039675,23.0058,-5.25,21
63568,1293,039753,-26.6075,5.25,51
63651,1294,039797,-1.75,-33.974,21
63679,1295,039855,-5.25,-26.8422,21
63711,1296,039834,27.5264,-1.75,21
63742,1297,039901,-33.8163,1.75,51
63744,1298,039903,-32.9618,1.75,51
63795,1299,039929,-1.75,-65.9943,21
63918,1300,039949,-5.25,-24.7552,21
64010,1301,040067,-56.8863,1.75,51
64078,1302,040103,-1.75,-28.8578,21
64170,1303,040178,-35.9388,1.75,51
64191,1304,040129,-1.75,-18.8414,21
64197,1305,040130,-5.25,-19.562,21
64237,1306,040216,1.75,66.8179,21
64279,1307,040181,29.6253,-1.75,21
64356,1308,040283,5.25,27.8014,21
64401,1309,040265,18.8411,-1.75,21
64513,1310,040387,-5.25,-28.7675,21
64547,1311,040328,-25.3573,1.75,51
64630,1312,040454,1.75,66.5541,21
64659,1313,040479,1.75,75.566,21
64681,1314,040365,18.8408,-1.75,21
64761,1315,040489,1.75,27.3078,21
64895,1316,040558,1.75,24.2413,21
64901,1317,040561,5.25,28.9162,21
64919,1318,040622,5.25,29.3475,21
64936,1319,040633,5.25,29.8405,21
64968,1320,040606,23.4202,-1.75,21
64982,1321,040571,-22.0727,1.75,51
65062,1322,040410,-5.25,-19.3944,21
65062,1323,040715,1.75,29.989,21
65107,1324,040671,-31.3732,1.75,51
65113,1325,040690,21.2681,-5.25,21
65181,1326,040537,-5.25,-26.5406,21
65190,1327,040748,1.75,29.6852,21
65200,1328,040795,1.75,27.0658,21
65213,1329,040813,5.25,28.4257,21
65430,1330,040957,-59.8425,1.75,51
65460,1331,040824,-1.75,-25.9846,21
65461,1332,040832,-5.25,-27.2228,21
65471,1333,040851,-5.25,-29.2539,21
65476,1334,040971,-1.75,-29.6482,21
65501,1335,040928,5.25,24.8501,21
65533,1336,040967,-34.3665,1.75,51
65596,1337,040992,-5.25,-23.6427,21
65597,1338,040972,1.75,25.5588,21
65610,1339,041008,1.75,28.176,21
65642,1340,041076,1.75,29.6198,21
65741,1341,040999,-1.75,-18.2939,21
65752,1342,041012,-1.75,-26.5239,21
65767,1343,041136,-1.75,-29.8783,21
65807,1344,040894,24.3742,-5.25,21
65833,1345,041183,28.4511,-1.75,21
65949,1346,041206,25.2536,-5.25,21
66045,1347,041318,5.25,27.815,21
66091,1348,041291,50.7188,-1.75,21
66120,1349,041368,29.0246,-5.25,21
66123,1350,041373,55.8009,-1.75,21
66263,1351,041384,22.1549,-5.25,21
66312,1352,041444,-1.75,-28.5363,21
66321,1353,041499,-1.75,-28.2942,21
66385,1354,041493,27.1177,-1.75,21
66391,1355,041536,25.9782,-5.25,21
66392,1356,041483,-29.563,1.75,51
66501,1357,041539,18.8404,-5.25,21
66503,1358,041541,21.7596,-5.25,21
66586,1359,041616,1.75,24.6972,21
66736,1360,041752,-1.75,-30.2058,21
66809,1361,041805,30.2639,-1.75,21
66861,1362,041707,5.25,24.3559,21
67033,1363,041950,-1.75,-29.7479,21
67060,1364,041918,-17.0264,1.75,51
67063,1365,041832,21.6364,-5.25,21
67106,1366,041922,-26.2705,5.25,51
67131,1367,041961,-5.25,-18.7096,21
67166,1368,041881,5.25,27.9203,21
67201,1369,041995,-26.7382,5.25,51
67234,1370,042070,-37.4779,1.75,51
67276,1371,042027,-5.25,-23.7365,21
67388,1372,042163,-39.9236,1.75,51
67422,1373,042050,1.75,25.4918,21
67426,1374,042052,5.25,26.5662,21
67463,1375,042200,5.25,29.1466,21
67489,1376,042171,-29.3179,5.25,22
67561,1377,042211,1.75,25.7257,21
67568,1378,042136,-5.25,-24.2305,21
67582,1379,042283,1.75,27.1448,21
67673,1380,042261,29.4382,-5.25,21
67711,1381,042217,-5.25,-19.394,21
67733,1382,042382,5.25,29.5505,21
67740,1383,042387,1.75,31.3783,21
67768,1384,042357,-29.4859,5.25,51
67812,1385,042436,-51.4459,1.75,51
67847,1386,042366,-1.75,-28.8667,21
67971,1387,042472,-5.25,-18.8414,21
68000,1388,042544,-5.25,-28.9104,21
68056,1389,042418,15.2416,-1.75,21
68113,1390,042542,5.25,21.637,21
68118,1391,042578,-1.75,-24.8763,21
68121,1392,042584,-5.25,-25.9358,21
68126,1393,042580,-1.75,-17.5897,21
68127,1394,042563,1.75,24.1795,21
68133,1395,042585,-1.75,-20.518,21
68196,1396,042630,-33.464,1.75,51
68206,1397,042678,-58.6286,1.75,51
68294,1398,042727,-1.75,-30.3122,21
68296,1399,042730,-1.75,-29.4877,21
68400,1400,042742,-5.25,-26.779,21
68422,1401,042804,-5.25,-29.2829,21
68422,1402,042803,-1.75,-28.6538,21
68513,1403,042777,25.9883,-1.75,21
68687,1404,042836,-5.25,-27.8458,21
68891,1405,043049,-24.3788,1.75,51
69066,1406,043194,26.4012,-1.75,21
69094,1407,043154,-1.75,-21.6901,21
69095,1408,043157,-5.25,-27.357,21
69165,1409,043210,23.5236,-1.75,21
69202,1410,043306,-39.8499,1.75,51
69262,1411,043331,-5.25,-29.117,21
69371,1412,043270,5.25,18.8408,21
69373,1413,043274,5.25,25.6593,21
69442,1414,043394,-23.9417,5.25,51
69564,1415,043517,1.75,31.7708,21
69670,1416,043524,5.25,22.229,21
69698,1417,043596,5.25,28.3154,21
69741,1418,043542,29.4119,-1.75,21
69763,1419,043642,29.0084,-1.75,21
69823,1420,043679,1.75,28.809,21
69841,1421,043692,5.25,29.9825,21
69897,1422,043727,-59.0222,1.75,51
69933,1423,043578,-5.25,-21.7597,21
69936,1424,043583,-5.25,-29.546,21
69941,1425,043702,1.75,27.3938,21
69951,1426,043710,5.25,29.2001,21
69979,1427,043579,-1.75,-18.1092,21
69979,1428,043772,1.75,11.1213,21
70071,1429,043589,-1.75,-18.8407,21
70153,1430,043836,-34.605,1.75,51
70297,1431,043883,29.1713,-1.75,21
70460,1432,043997,23.7174,-1.75,21
70493,1433,044031,-5.25,-21.6373,21
70568,1434,044058,25.4903,-1.75,21
70573,1435,044094,-29.2507,1.75,22
70638,1436,044138,-5.25,-24.8992,21
70704,1437,044178,-29.9589,1.75,51
70964,1438,044312,-5.25,-25.0864,21
71030,1439,044442,-52.2794,1.75,51
71051,1440,044399,5.25,18.7104,21
71081,1441,044467,-5.25,-29.9759,21
71158,1442,044524,28.9767,-1.75,21
71287,1443,044593,-29.0728,5.25,22
71419,1444,044637,-36.2006,1.75,51
71543,1445,044629,25.6207,-5.25,21
71561,1446,044764,-54.8126,1.75,51
71635,1447,044806,-1.75,-29.8841,21
71637,1448,044809,-1.75,-28.5187,21
71640,1449,044812,-5.25,-28.635,21
71647,1450,044820,-5.25,-29.166,21
71751,1451,044748,1.75,18.8417,21
71752,1452,044751,5.25,19.5957,21
71791,1453,044906,5.25,29.0252,21
71826,1454,044887,-28.955,5.25,51
71904,1455,044927,5.25,27.632,21
72109,1456,044968,25.3626,-5.25,21
72209,1457,045174,-1.75,-27.4107,21
72215,1458,045180,-5.25,-27.9,21
72241,1459,044967,18.8409,-1.75,21
72243,1460,045145,-12.1633,1.75,22
72248,1461,044974,25.4788,-5.25,21
72338,1462,045256,-1.75,-28.5368,21
72344,1463,045263,-5.25,-29.4147,21
72381,1464,045239,-24.2974,5.25,51
72417,1465,045306,28.6368,-5.25,21
72424,1466,045314,29.5636,-5.25,21
72498,1467,045357,5.25,29.8463,21
72529,1468,045249,-29.2119,5.25,22
72551,1469,045390,27.7249,-5.25,21
72568,1470,045403,29.2085,-1.75,21
72613,1471,045380,5.25,29.5668,21
72622,1472,045436,5.25,28.9419,21
72639,1473,045452,1.75,29.245,21
72641,1474,045453,5.25,29.027,21
72643,1475,045455,1.75,28.8258,21
72644,1476,045458,5.25,29.8228,21
72744,1477,045514,-1.75,-94.1833,21
72759,1478,045520,-1.75,-26.6355,21
72763,1479,045465,5.25,20.7203,21
72763,1480,045523,-1.75,-22.3073,21
72770,1481,045528,-1.75,-26.6976,21
72814,1482,045479,-31.0064,1.75,51
72902,1483,045607,1.75,29.6071,21
72915,1484,045621,5.25,29.5006,21
72994,1485,045667,29.2343,-5.25,21
73025,1486,045551,-5.25,-19.4392,21
73030,1487,045644,1.75,41.6667,21
73049,1488,045699,1.75,29.6272,21
73118,1489,045743,28.9114,-5.25,21
73151,1490,045552,-5.25,-18.8412,21
73221,1491,045593,-24.298,1.75,51
73238,1492,045730,-29.1933,1.75,51
73321,1493,045869,-1.75,-27.8563,21
73323,1494,045871,-1.75,-29.4003,21
73340,1495,045884,-1.75,-33.1784,21
73371,1496,045849,27.3944,-5.25,21
73379,1497,045859,29.1616,-1.75,21
73471,1498,045972,-1.75,-33.2455,21
73484,1499,045983,-1.75,-31.7983,21
73508,1500,045942,25.1308,-5.25,21
73519,1501,045955,27.5797,-1.75,21
73737,1502,046128,1.75,29.4956,21
73758,1503,046145,1.75,29.2191,21
73875,1504,046207,1.75,28.6135,21
73895,1505,046080,-5.25,-21.5861,21
73961,1506,046043,16.5087,-1.75,21
74041,1507,046324,-1.75,-28.2864,21
74061,1508,046167,18.8409,-1.75,21
74083,1509,046285,-26.8902,5.25,51
74146,1510,046243,5.25,22.7876,21
74178,1511,046408,-5.25,-28.3152,21
74217,1512,046380,28.7531,-5.25,21
74368,1513,046469,29.9596,-1.75,21
74371,1514,046471,28.8614,-5.25,21
74392,1515,046546,28.3271,-1.75,21
74413,1516,046507,5.25,21.6371,21
74500,1517,046620,-37.7145,1.75,51
74553,1518,046576,-1.75,-32.2,21
74631,1519,046648,-34.6865,1.75,51
74704,1520,046670,-5.25,-27.0023,21
74706,1521,046707,1.75,27.7747,21
74710,1522,046713,1.75,28.4201,21
74774,1523,046661,27.0094,-1.75,21
74787,1524,046796,28.3548,-1.75,21
74792,1525,046803,28.9903,-5.25,21
74835,1526,046673,-5.25,-22.2199,21
74857,1527,046854,5.25,29.0613,21
74870,1528,046865,1.75,28.2149,21
74880,1529,046874,5.25,29.5855,21
74921,1530,046900,-32.6987,1.75,51
74929,1531,046909,-60.5659,1.75,51
74978,1532,046885,5.25,24.8425,21
74991,1533,046898,5.25,29.6003,21
75045,1534,046835,22.4524,-1.75,21
75046,1535,046836,28.9505,-5.25,21
75053,1536,046838,19.9491,-1.75,21
75074,1537,046993,27.9518,-1.75,21
75083,1538,047004,28.642,-1.75,21
75251,1539,047054,-5.25,-18.841,21
75256,1540,046984,1.75,23.7229,21
75331,1541,047028,27.9733,-5.25,21
75350,1542,047165,29.3,-1.75,21
75351,1543,047107,-23.2564,1.75,51
75356,1544,047170,27.8269,-1.75,21
75432,1545,047224,1.75,29.1282,21
75468,1546,047191,-31.1035,1.75,51
75531,1547,047232,1.75,18.8415,21
75583,1548,047313,1.75,29.8328,21
75704,1549,047385,1.75,28.6513,21
75740,1550,047364,-17.0267,1.75,51
75776,1551,047428,27.5675,-1.75,21
75793,1552,047440,29.3629,-1.75,21
75812,1553,047288,-1.75,-19.595,21
75830,1554,047297,-5.25,-29.9779,21
75831,1555,047412,5.25,24.0945,21
75838,1556,047461,1.75,30.3156,21
75865,1557,047483,1.75,28.1447,21
75962,1558,047492,5.25,27.4673,21
76118,1559,047630,1.75,29.2931,21
76177,1560,047668,-35.4208,1.75,51
76180,1561,047589,25.229,-5.25,21
76195,1562,047685,-35.6011,1.75,51
76256,1563,047720,5.25,29.5703,21
76316,1564,047673,29.1345,-1.75,21
76378,1565,047581,-5.25,-25.1599,21
76388,1566,047718,-1.75,-28.3572,21
76393,1567,047757,-5.25,-29.8255,21
76446,1568,047714,-28.6665,1.75,51
76453,1569,047758,-26.0792,5.25,51
76493,1570,047870,28.1606,-1.75,21
76510,1571,047748,1.75,16.8693,21
76515,1572,047749,5.25,19.8404,21
76519,1573,047752,1.75,25.1786,21
76622,1574,047940,29.3729,-5.25,21
76651,1575,047908,-5.25,-18.8406,21
76703,1576,047997,-1.75,-52.8621,21
76738,1577,047967,-27.0832,5.25,51
76791,1578,048000,-1.75,-20.7909,21
76804,1579,048006,-5.25,-24.4934,21
76812,1580,048014,-1.75,-27.2703,21
76871,1581,048020,27.3938,-1.75,21
76873,1582,048024,27.8902,-1.75,21
76896,1583,048111,28.7737,-1.75,21
77357,1584,048351,5.25,28.7683,21
77390,1585,048423,5.25,29.3452,21
77449,1586,048460,-55.7142,1.75,51
77452,1587,048393,19.3942,-5.25,21
77493,1588,048325,-5.25,-21.637,21
77524,1589,048499,1.75,29.6239,21
77633,1590,048363,-5.25,-21.8959,21
77642,1591,048416,-5.25,-24.8123,21
77654,1592,048524,-1.75,-27.4856,21
77661,1593,048588,-1.75,-30.194,21
77672,1594,048519,1.75,16.6296,21
78002,1595,048739,29.5835,-1.75,21
78010,1596,048798,-29.8094,5.25,51
78032,1597,048818,27.727,-1.75,21
78072,1598,048785,5.25,25.2279,21
78086,1599,048852,1.75,27.9497,21
78153,1600,048894,26.8455,-5.25,21
78162,1601,048903,28.7228,-1.75,21
78270,1602,048920,25.4295,-5.25,21
78357,1603,049033,1.75,28.2747,21
78486,1604,048856,-5.25,-29.8619,21
78487,1605,049062,1.75,22.0141,21
78490,1606,048858,-1.75,-19.1021,21
78563,1607,049119,28.2798,-1.75,21
78573,1608,049172,29.3893,-5.25,21
78637,1609,049210,5.25,29.7589,21
78658,1610,049230,1.75,33.5652,21
78661,1611,049232,5.25,29.8782,21
78803,1612,049318,-1.75,-50.7668,21
78904,1613,049247,1.75,29.4711,21
78917,1614,049393,1.75,29.0781,21
78923,1615,049397,5.25,28.6627,21
78973,1616,049380,-34.142,1.75,51
79105,1617,049373,18.8986,-1.75,21
79129,1618,049507,28.4875,-1.75,21
79142,1619,049516,28.9345,-1.75,21
79149,1620,049522,30.0166,-1.75,21
79151,1621,049524,29.3835,-1.75,21
79396,1622,049629,27.999,-5.25,21
79551,1623,049775,-35.3488,1.75,51
79559,1624,049785,-35.8238,1.75,51
79590,1625,049752,-5.25,-16.6037,21
79615,1626,049736,5.25,19.4606,21
79642,1627,049834,-5.25,-21.0297,21
79662,1628,049716,19.5948,-1.75,21
79699,1629,049889,29.698,-5.25,21
79771,1630,049933,-1.75,-32.0949,21
79820,1631,049918,28.3522,-1.75,21
79924,1632,050039,1.75,29.16,21
80083,1633,050003,21.637,-1.75,21
80109,1634,050061,25.4909,-5.25,21
80128,1635,050162,27.9422,-5.25,21
80158,1636,049960,-1.75,-24.2105,21
80233,1637,050178,26.0779,-5.25,21
80263,1638,050246,29.8474,-1.75,21
80267,1639,050250,52.2522,-1.75,21
80321,1640,050282,5.25,29.4617,21
80326,1641,050285,5.25,29.4237,21
80433,1642,050219,-5.25,-21.6368,21
80438,1643,050221,-1.75,-25.7529,21
80453,1644,050310,1.75,27.3138,21
80460,1645,050311,5.25,24.9577,21
80596,1646,050429,1.75,41.6191,21
80600,1647,050431,1.75,28.3674,21
80655,1648,050467,-50.3951,1.75,51
80711,1649,050448,5.25,17.8694,21
80742,1650,050509,1.75,28.4797,21
80797,1651,050550,-35.7074,1.75,51
80864,1652,050538,5.25,26.7007,21
80951,1653,050649,-35.4042,1.75,51
81070,1654,050668,-28.3693,5.25,51
81143,1655,050723,1.75,55.2435,21
81212,1656,050771,27.1648,-5.25,21
81413,1657,050900,5.25,21.6369,21
81428,1658,050874,-5.25,-24.3905,21
81483,1659,050862,21.6368,-5.25,21
81507,1660,051016,-35.8429,1.75,51
81508,1661,050929,20.829,-1.75,21
81518,1662,050943,23.8392,-1.75,21
81572,1663,051008,-1.75,-30.8427,21
81578,1664,051063,-1.75,-30.7959,21
81580,1665,051066,-5.25,-29.4605,21
81588,1666,051074,-1.75,-29.9293,21
81591,1667,050910,1.75,17.0408,21
81698,1668,051068,5.25,25.2811,21
81699,1669,051067,1.75,23.9918,21
81792,1670,051213,28.1167,-1.75,21
81874,1671,051095,-1.75,-15.9211,21
81907,1672,051129,-26.9913,5.25,51
81933,1673,051302,29.1507,-1.75,21
81953,1674,051320,76.2567,-1.75,21
82085,1675,051415,29.3492,-5.25,21
82181,1676,051428,18.8407,-5.25,21
82256,1677,051383,-1.75,-29.5445,21
82258,1678,051382,-5.25,-25.4619,21
82335,1679,051526,20.74,-1.75,21
82338,1680,051527,24.7906,-5.25,21
82406,1681,051576,-5.25,-28.0049,21
82438,1682,051647,-1.75,-29.5454,21
82461,1683,051582,-26.7378,5.25,51
82584,1684,051739,-1.75,-29.6019,21
82613,1685,051703,27.1085,-1.75,21
82616,1686,051705,29.7287,-5.25,21
82624,1687,051756,-30.1874,1.75,51
82764,1688,051806,28.638,-1.75,21
82776,1689,051866,29.7045,-1.75,21
82889,1690,051886,22.6641,-5.25,21
82902,1691,051895,25.2194,-5.25,21
82912,1692,051896,16.3897,-1.75,21
82912,1693,051862,-32.5615,1.75,51
82915,1694,051943,29.9908,-1.75,21
82924,1695,051945,27.4187,-1.75,21
82929,1696,051948,25.4908,-1.75,21
82959,1697,051843,5.25,23.4431,21
82969,1698,051933,1.75,49.9597,21
82995,1699,052003,5.25,29.5705,21
82997,1700,052005,5.25,29.0111,21
83025,1701,051961,-25.7378,5.25,51
83039,1702,051964,-23.9445,5.25,22
83096,1703,052017,5.25,23.6431,21
83106,1704,051935,-1.75,-25.6963,21
83119,1705,052089,-5.25,-28.7936,21
83130,1706,052102,-1.75,-56.3633,21
83162,1707,052054,19.5948,-5.25,21
83184,1708,052079,25.6264,-5.25,21
83194,1709,052135,27.3312,-5.25,21
83247,1710,052119,5.25,29.1864,21
83264,1711,052190,1.75,29.9435,21
83402,1712,052281,1.75,23.377,21
83542,1713,052371,5.25,27.3893,21
83627,1714,052427,74.5625,-1.75,21
83683,1715,052457,1.75,29.0873,21
83728,1716,052400,-29.6786,5.25,51
83753,1717,052506,-54.0792,1.75,51
83763,1718,052439,23.4249,-5.25,21
83820,1719,052536,-1.75,-29.8512,21
83825,1720,052544,-1.75,-30.1736,21
83840,1721,052486,5.25,26.2366,21
83933,1722,052558,-1.75,-21.6366,21
83967,1723,052574,-1.75,-29.9385,21
84019,1724,052604,28.8139,-5.25,21
84082,1725,052656,1.75,26.5049,21
84103,1726,052726,5.25,28.0238,21
84242,1727,052810,-1.75,-29.9637,21
84316,1728,052800,-24.2978,1.75,51
84317,1729,052859,26.483,-5.25,21
84335,1730,052852,-21.3906,1.75,51
84368,1731,052836,-5.25,-27.6156,21
84491,1732,052926,-5.25,-18.8416,21
84515,1733,052911,5.25,29.9967,21
84570,1734,052890,29.7261,-5.25,21
84587,1735,053016,29.0985,-5.25,21
84597,1736,053027,28.6647,-1.75,21
84603,1737,053031,28.6684,-5.25,21
84685,1738,053082,-1.75,-29.6805,21
84786,1739,053093,-1.75,-25.5909,21
84868,1740,053138,27.7024,-5.25,21
84928,1741,053182,-5.25,-28.3408,21
84929,1742,053140,5.25,29.4196,21
84988,1743,053194,-32.3878,1.75,51
84992,1744,053222,26.6233,-1.75,21
85014,1745,053283,27.6662,-5.25,21
85023,1746,053284,-28.973,5.25,51
85024,1747,053276,-24.2943,1.75,51
85125,1748,053302,22.3168,-5.25,21
85338,1749,053191,-1.75,-25.4613,21
85495,1750,053519,-5.25,-28.7012,21
85569,1751,053641,-36.275,1.75,51
85613,1752,053617,-1.75,-21.637,21
85653,1753,053691,-5.25,-28.8509,21
85690,1754,053668,-33.5272,1.75,51
85734,1755,053753,29.3382,-5.25,21
85758,1756,053708,-5.25,-24.7552,21
85762,1757,053712,-5.25,-26.2474,21
85857,1758,053835,-35.7847,1.75,51
85898,1759,053684,5.25,22.7751,21
85972,1760,053823,27.1066,-1.75,21
85992,1761,053906,30.2555,-1.75,21
86031,1762,053881,-1.75,-14.6231,21
86033,1763,053714,5.25,21.6374,21
86118,1764,053857,-28.1182,5.25,51
86138,1765,054012,29.5365,-1.75,21
86178,1766,053899,-1.75,-24.8991,21
86185,1767,053952,-5.25,-23.5984,21
86247,1768,054029,26.7205,-1.75,21
86250,1769,054031,28.7703,-1.75,21
86259,1770,054037,27.1235,-1.75,21
86261,1771,054039,27.6004,-1.75,21
86270,1772,054084,28.5285,-1.75,21
86279,1773,054092,28.6908,-1.75,21
86294,1774,054103,30.914,-1.75,21
86338,1775,054122,-1.75,-30.7132,21
86340,1776,054127,-1.75,-69.7777,21
