0,100,30,14,0,
0,200,62,37,0,
0,300,115,46,0,
0,400,158,73,0,
0,500,216,85,0,
0,600,285,90,0,
0,700,341,92,0,
0,800,396,108,0,
0,900,429,139,0,
0,1000,473,149,0,
0,1100,511,174,0,
0,1200,536,206,0,
0,1300,598,213,0,
0,1400,655,214,0,
0,1500,715,221,0,
0,1600,755,251,0,
0,1700,810,259,0,
0,1800,873,261,0,
0,1900,903,288,0,
0,2000,955,307,0,
0,2100,999,319,0,
0,2200,1023,350,0,
0,2300,1050,381,0,
0,2400,1097,390,0,
0,2500,1135,411,0,
0,2600,1162,443,0,
0,2700,1212,463,0,
0,2800,1260,477,0,
0,2900,1327,481,0,
0,3000,1356,506,0,
0,3100,1404,511,0,
0,3200,1471,512,0,
0,3300,1515,517,0,
0,3400,1577,518,0,
0,3500,1637,519,0,
0,3600,1698,522,0,
0,3700,1726,551,0,
0,3800,1775,561,0,
0,3900,1822,582,0,
0,4000,1840,613,0,
0,4100,1885,630,0,
0,4200,1928,640,0,
0,4300,1986,652,0,
0,4400,2022,677,0,
0,4500,2085,682,0,
0,4600,2156,684,0,
0,4700,2178,718,0,
0,4800,2226,737,0,
0,4900,2283,746,0,
0,5000,2311,784,0,
0,5100,2360,803,0,
0,5200,2408,814,0,
0,5300,2448,839,0,
0,5400,2504,842,0,
0,5500,2557,861,0,
0,5600,2605,874,0,
0,5700,2664,883,0,
0,5800,2691,918,0,
0,5900,2744,927,0,
0,6000,2783,949,0,
0,6100,2813,982,0,
0,6200,2861,995,0,
0,6300,2927,997,0,
0,6400,2991,1000,0,
0,6500,3042,1012,0,
0,6600,3094,1023,0,
0,6700,3132,1044,0,
0,6800,3158,1071,0,
0,6900,3201,1090,0,
0,7000,3244,1104,0,
0,7100,3286,1131,0,
0,7200,3341,1134,0,
0,7300,3393,1138,0,
0,7400,3461,1139,0,
0,7500,3515,1143,0,
0,7600,3551,1163,0,
0,7700,3598,1175,0,
0,7800,3644,1199,0,
0,7900,3675,1230,0,
0,8000,3731,1238,0,
0,8100,3776,1260,0,
0,8200,3796,1295,0,
0,8300,3834,1317,0,
0,8400,3883,1326,0,
0,8500,3919,1357,0,
0,8600,3947,1385,0,
0,8700,3999,1395,0,
0,8800,4042,1415,0,
0,8900,4069,1450,0,
0,9000,4135,1455,0,
0,9100,4191,1456,0,
0,9200,4254,1461,0,
0,9300,4325,1466,0,
0,9400,4384,1474,0,
0,9500,4441,1494,0,
0,9600,4495,1506,0,
0,9700,4530,1526,0,
0,9800,4575,1538,0,
0,9900,4629,1548,0,
0,10000,4657,1580,0,
0,10100,4719,1589,0,
0,10200,4780,1592,0,
0,10300,4799,1624,0,
0,10400,4842,1649,0,
0,10500,4895,1657,0,
0,10600,4919,1693,0,
0,10700,4981,1701,0,
0,10800,5041,1706,0,
0,10900,5107,1708,0,
0,11000,5165,1712,0,
0,11100,5222,1719,0,
0,11200,5285,1721,0,
0,11300,5315,1753,0,
0,11400,5341,1784,0,
0,11500,5385,1795,0,
0,11600,5425,1814,0,
0,11700,5453,1847,0,
0,11800,5502,1865,0,
0,11900,5553,1880,0,
0,12000,5603,1908,0,
0,12100,5661,1910,0,
0,12200,5712,1921,0,
0,12300,5755,1942,0,
0,12400,5808,1945,0,
0,12500,5855,1965,0,
0,12600,5895,1978,0,
0,12700,5919,2012,0,
0,12800,5948,2046,0,
0,12900,6009,2053,0,
0,13000,6067,2056,0,
0,13100,6125,2058,0,
0,13200,6201,2064,0,
0,13300,6260,2065,0,
0,13400,6315,2071,0,
0,13500,6376,2072,0,
0,13600,6431,2081,0,
0,13700,6500,2082,0,
0,13800,6531,2110,0,
0,13900,6595,2112,0,
0,14000,6658,2113,0,
0,14100,6718,2127,0,
0,14200,6751,2158,0,
0,14300,6798,2167,0,
0,14400,6856,2175,0,
0,14500,6902,2180,0,
0,14600,6962,2186,0,
0,14700,7009,2197,0,
0,14800,7048,2225,0,
0,14900,7077,2257,0,
0,15000,7133,2268,0,
0,15100,7170,2287,0,
0,15200,7197,2314,0,
0,15300,7259,2316,0,
0,15400,7322,2317,0,
0,15500,7392,2319,0,
0,15600,7451,2324,0,
0,15700,7503,2336,0,
0,15800,7552,2360,0,
0,15900,7584,2391,0,
0,16000,7650,2395,0,
0,16100,7706,2396,0,
0,16200,7737,2427,0,
0,16300,7762,2460,0,
0,16400,7817,2463,0,
0,16500,7878,2464,0,
0,16600,7937,2469,0,
0,16700,8000,2475,0,
0,16800,8052,2488,0,
0,16900,8082,2517,0,
0,17000,8109,2548,0,
0,17100,8158,2557,0,
0,17200,8197,2581,0,
0,17300,8245,2583,0,
0,17400,8304,2589,0,
0,17500,8366,2591,0,
0,17600,8399,2620,0,
0,17700,8460,2626,0,
0,17800,8507,2629,0,
0,17900,8573,2630,0,
0,18000,8598,2662,0,
0,18100,8642,2681,0,
0,18200,8688,2689,0,
0,18300,8717,2721,0,
0,18400,8777,2731,0,
0,18500,8832,2741,0,
0,18600,8892,2743,0,
0,18700,8943,2748,0,
0,18800,8990,2769,0,
0,18900,9039,2778,0,
0,19000,9068,2810,0,
0,19100,9128,2818,0,
0,19200,9182,2823,0,
0,19300,9226,2845,0,
0,19400,9256,2875,0,
0,19500,9305,2894,0,
0,19600,9353,2906,0,
0,19700,9392,2932,0,
0,19800,9446,2933,0,
0,19900,9507,2939,0,
0,20000,9574,2944,0,
0,20100,9600,2974,0,
0,20200,9656,2980,0,
0,20300,9710,2981,0,
0,20400,9762,2998,0,
0,20500,9804,3027,0,
0,20600,9856,3037,0,
0,20700,9899,3061,0,
0,20800,9923,3094,0,
0,20900,9985,3097,0,
0,21000,10045,3098,0,
0,21100,10074,3126,0,
0,21200,10143,3130,0,
0,21300,10200,3139,0,
0,21400,10274,3140,0,
0,21500,10303,3166,0,
0,21600,10348,3188,0,
0,21700,10396,3198,0,
0,21800,10457,3204,0,
0,21900,10495,3236,0,
0,22000,10542,3245,0,
0,22100,10581,3266,0,
0,22200,10618,3289,0,
0,22300,10661,3311,0,
0,22400,10715,3317,0,
0,22500,10775,3324,0,
0,22600,10831,3327,0,
0,22700,10886,3328,0,
0,22800,10959,3329,0,
0,22900,10986,3356,0,
0,23000,11027,3378,0,
0,23100,11065,3390,0,
0,23200,11097,3420,0,
0,23300,11125,3451,0,
0,23400,11181,3454,0,
0,23500,11246,3459,0,
0,23600,11270,3491,0,
0,23700,11326,3503,0,
0,23800,11379,3510,0,
0,23900,11411,3537,0,
0,24000,11474,3550,0,
0,24100,11524,3561,0,
0,24200,11584,3563,0,
0,24300,11637,3567,0,
0,24400,11700,3568,0,
0,24500,11755,3569,0,
0,24600,11782,3601,0,
0,24700,11838,3608,0,
0,24800,11889,3614,0,
0,24900,11953,3616,0,
0,25000,12009,3620,0,
0,25100,12057,3635,0,
0,25200,12109,3642,0,
0,25300,12159,3669,0,
0,25400,12197,3700,0,
0,25500,12248,3711,0,
0,25600,12309,3714,0,
0,25700,12337,3745,0,
0,25800,12396,3750,0,
0,25900,12458,3751,0,
0,26000,12488,3784,0,
0,26100,12525,3812,0,
0,26200,12578,3819,0,
0,26300,12647,3820,0,
0,26400,12666,3851,0,
0,26500,12725,3854,0,
0,26600,12790,3855,0,
0,26700,12850,3859,0,
0,26800,12878,3892,0,
0,26900,12933,3903,0,
0,27000,12965,3929,0,
0,27100,13014,3933,0,
0,27200,13061,3954,0,
0,27300,13104,3965,0,
0,27400,13164,3971,0,
0,27500,13195,4001,0,
0,27600,13247,4008,0,
0,27700,13306,4009,0,
0,27800,13360,4011,0,
0,27900,13420,4019,0,
0,28000,13475,4022,0,
0,28100,13530,4030,0,
0,28200,13557,4062,0,
0,28300,13602,4074,0,
0,28400,13652,4092,0,
0,28500,13680,4118,0,
0,28600,13725,4140,0,
0,28700,13770,4149,0,
0,28800,13814,4177,0,
0,28900,13877,4179,0,
0,29000,13933,4189,0,
0,29100,13975,4214,0,
0,29200,13994,4247,0,
0,29300,14038,4268,0,
0,29400,14087,4277,0,
0,29500,14115,4308,0,
0,29600,14153,4335,0,
0,29700,14208,4344,0,
0,29800,14271,4346,0,
0,29900,14321,4354,0,
0,30000,14365,4371,0,
0,30100,14413,4386,0,
0,30200,14445,4416,0,
0,30300,14482,4444,0,
0,30400,14538,4448,0,
0,30500,14598,4449,0,
0,30600,14620,4479,0,
0,30700,14680,4494,0,
0,30800,14735,4502,0,
0,30900,14790,4510,0,
0,31000,14841,4527,0,
0,31100,14887,4535,0,
0,31200,14936,4554,0,
0,31300,14978,4589,0,
0,31400,15042,4592,0,
0,31500,15097,4593,0,
0,31600,15158,4602,0,
0,31700,15220,4616,0,
0,31800,15272,4624,0,
0,31900,15315,4650,0,
0,32000,15334,4678,0,
0,32100,15376,4703,0,
0,32200,15423,4714,0,
0,32300,15486,4717,0,
0,32400,15521,4747,0,
0,32500,15573,4758,0,
0,32600,15610,4784,0,
0,32700,15639,4815,0,
0,32800,15695,4820,0,
0,32900,15753,4821,0,
0,33000,15793,4845,0,
0,33100,15837,4864,0,
0,33200,15888,4876,0,
0,33300,15945,4886,0,
0,33400,15977,4916,0,
0,33500,16036,4920,0,
0,33600,16093,4921,0,
0,33700,16153,4931,0,
0,33800,16215,4933,0,
0,33900,16269,4941,0,
0,34000,16327,4946,0,
0,34100,16381,4960,0,
0,34200,16440,4971,0,
0,34300,16497,4972,0,
0,34400,16557,4975,0,
0,34500,16596,4995,0,
0,34600,16649,5007,0,
0,34700,16682,5029,0,
0,34800,16717,5052,0,
0,34900,16776,5053,0,
0,35000,16833,5054,0,
0,35100,16873,5080,0,
0,35200,16934,5086,0,
0,35300,16986,5095,0,
0,35400,17029,5113,0,
0,35500,17063,5143,0,
0,35600,17121,5147,0,
0,35700,17181,5148,0,
0,35800,17211,5174,0,
0,35900,17262,5182,0,
0,36000,17309,5191,0,
0,36100,17350,5212,0,
0,36200,17398,5221,0,
0,36300,17445,5236,0,
0,36400,17487,5252,0,
0,36500,17518,5283,0,
0,36600,17550,5314,0,
0,36700,17608,5316,0,
0,36800,17670,5317,0,
0,36900,17727,5321,0,
0,37000,17770,5344,0,
0,37100,17828,5351,0,
0,37200,17888,5356,0,
0,37300,17946,5364,0,
0,37400,18000,5373,0,
0,37500,18040,5391,0,
0,37600,18069,5423,0,
0,37700,18131,5426,0,
0,37800,18184,5428,0,
0,37900,18214,5460,0,
0,38000,18278,5462,0,
0,38100,18330,5468,0,
0,38200,18395,5472,0,
0,38300,18450,5478,0,
0,38400,18512,5482,0,
0,38500,18574,5483,0,
0,38600,18612,5517,0,
0,38700,18673,5522,0,
0,38800,18721,5534,0,
0,38900,18763,5556,0,
0,39000,18799,5585,0,
0,39100,18867,5594,0,
0,39200,18926,5596,0,
0,39300,18954,5627,0,
0,39400,18982,5660,0,
0,39500,19034,5665,0,
0,39600,19095,5667,0,
0,39700,19145,5678,0,
0,39800,19185,5701,0,
0,39900,19235,5710,0,
0,40000,19270,5740,0,
0,40100,19335,5746,0,
0,40200,19384,5754,0,
0,40300,19444,5755,0,
0,40400,19498,5764,0,
0,40500,19545,5789,0,
0,40600,19591,5800,0,
0,40700,19624,5835,0,
0,40800,19665,5859,0,
0,40900,19721,5861,0,
0,41000,19788,5865,0,
0,41100,19845,5877,0,
0,41200,19904,5881,0,
0,41300,19951,5893,0,
0,41400,19981,5926,0,
0,41500,20043,5931,0,
0,41600,20098,5938,0,
0,41700,20163,5940,0,
0,41800,20214,5953,0,
0,41900,20273,5972,0,
0,42000,20325,5973,0,
0,42100,20357,5999,0,
0,42200,20393,6026,0,
0,42300,20444,6036,0,
0,42400,20497,6055,0,
0,42500,20546,6059,0,
0,42600,20608,6065,0,
0,42700,20658,6066,0,
0,42800,20722,6074,0,
0,42900,20773,6081,0,
0,43000,20833,6092,0,
0,43100,20877,6111,0,
0,43200,20902,6140,0,
0,43300,20949,6161,0,
0,43400,20995,6170,0,
0,43500,21028,6201,0,
0,43600,21065,6226,0,
0,43700,21114,6235,0,
0,43800,21153,6254,0,
0,43900,21208,6256,0,
0,44000,21270,6257,0,
0,44100,21325,6258,0,
0,44200,21384,6267,0,
0,44300,21418,6298,0,
0,44400,21469,6309,0,
0,44500,21533,6328,0,
0,44600,21555,6357,0,
0,44700,21613,6359,0,
0,44800,21671,6360,0,
0,44900,21709,6393,0,
0,45000,21750,6421,0,
0,45100,21801,6431,0,
0,45200,21845,6450,0,
0,45300,21868,6482,0,
0,45400,21928,6494,0,
0,45500,21984,6495,0,
0,45600,22027,6520,0,
0,45700,22066,6552,0,
0,45800,22117,6562,0,
0,45900,22157,6583,0,
0,46000,22193,6606,0,
0,46100,22259,6609,0,
0,46200,22322,6610,0,
0,46300,22352,6640,0,
0,46400,22410,6644,0,
0,46500,22455,6652,0,
0,46600,22527,6658,0,
0,46700,22586,6662,0,
0,46800,22626,6681,0,
0,46900,22680,6692,0,
0,47000,22740,6697,0,
0,47100,22770,6725,0,
0,47200,22820,6735,0,
0,47300,22857,6760,0,
0,47400,22913,6772,0,
0,47500,22962,6796,0,
0,47600,23016,6806,0,
0,47700,23076,6812,0,
0,47800,23106,6844,0,
0,47900,23160,6854,0,
0,48000,23203,6875,0,
0,48100,23248,6880,0,
0,48200,23308,6884,0,
0,48300,23381,6885,0,
0,48400,23411,6915,0,
0,48500,23442,6945,0,
0,48600,23494,6955,0,
0,48700,23541,6975,0,
0,48800,23585,6987,0,
0,48900,23649,6989,0,
0,49000,23703,6990,0,
0,49100,23749,7018,0,
0,49200,23779,7051,0,
0,49300,23840,7057,0,
0,49400,23876,7078,0,
0,49500,23930,7081,0,
0,49600,23993,7084,0,
0,49700,24044,7085,0,
0,49800,24116,7094,0,
0,49900,24144,7128,0,
0,50000,24204,7136,0,
0,50100,24247,7155,0,
0,50200,24306,7158,0,
0,50300,24367,7161,0,
0,50400,24426,7162,0,
0,50500,24479,7169,0,
0,50600,24536,7174,0,
0,50700,24594,7184,0,
0,50800,24639,7204,0,
0,50900,24692,7212,0,
0,51000,24756,7215,0,
0,51100,24817,7216,0,
0,51200,24853,7244,0,
0,51300,24916,7249,0,
0,51400,24968,7258,0,
0,51500,25039,7261,0,
0,51600,25096,7263,0,
0,51700,25159,7265,0,
0,51800,25219,7266,0,
0,51900,25277,7271,0,
0,52000,25326,7292,0,
0,52100,25377,7302,0,
0,52200,25417,7322,0,
0,52300,25475,7332,0,
0,52400,25539,7348,0,
0,52500,25593,7350,0,
0,52600,25655,7355,0,
0,52700,25682,7387,0,
0,52800,25740,7390,0,
0,52900,25798,7396,0,
0,53000,25852,7411,0,
0,53100,25902,7429,0,
0,53200,25955,7439,0,
0,53300,25977,7471,0,
0,53400,26033,7483,0,
0,53500,26089,7493,0,
0,53600,26127,7515,0,
0,53700,26176,7527,0,
0,53800,26227,7550,0,
0,53900,26282,7555,0,
0,54000,26351,7559,0,
0,54100,26414,7569,0,
0,54200,26461,7580,2,
0,54300,26499,7602,2,
0,54400,26549,7616,2,
0,54500,26610,7625,2,
0,54600,26658,7633,2,
0,54700,26692,7664,2,
0,54800,26729,7686,2,
0,54900,26786,7692,2,
0,55000,26830,7713,2,
0,55100,26882,7725,2,
0,55200,26954,7729,2,
0,55300,27008,7730,2,
0,55400,27068,7733,2,
0,55500,27125,7753,2,
0,55600,27183,7760,2,
0,55700,27248,7761,2,
0,55800,27277,7792,2,
0,55900,27330,7812,2,
0,56000,27383,7822,2,
0,56100,27437,7830,2,
0,56200,27505,7834,2,
0,56300,27575,7837,2,
0,56400,27641,7841,2,
0,56500,27698,7848,2,
0,56600,27745,7869,2,
0,56700,27788,7880,2,
0,56800,27822,7911,2,
0,56900,27858,7942,2,
0,57000,27909,7952,2,
0,57100,27959,7969,2,
0,57200,28009,7984,2,
0,57300,28071,7987,2,
0,57400,28127,7990,2,
0,57500,28151,8024,2,
0,57600,28189,8052,2,
0,57700,28251,8054,2,
0,57800,28316,8055,2,
0,57900,28369,8060,2,
0,58000,28420,8080,2,
0,58100,28478,8090,2,
0,58200,28509,8118,2,
0,58300,28544,8148,2,
0,58400,28592,8157,2,
0,58500,28642,8176,2,
0,58600,28682,8201,2,
0,58700,28743,8205,2,
0,58800,28807,8207,2,
0,58900,28837,8234,2,
0,59000,28887,8247,2,
0,59100,28939,8253,2,
0,59200,29008,8257,2,
0,59300,29064,8264,2,
0,59400,29111,8283,2,
0,59500,29168,8295,2,
0,59600,29194,8326,2,
0,59700,29219,8356,2,
0,59800,29283,8362,2,
0,59900,29346,8363,2,
0,60000,29376,8395,2,
0,60100,29418,8420,2,
0,60200,29466,8431,2,
0,60300,29506,8455,2,
0,60400,29544,8482,2,
0,60500,29601,8487,2,
0,60600,29667,8489,2,
0,60700,29730,8496,2,
0,60800,29785,8502,2,
0,60900,29836,8503,2,
0,61000,29894,8507,2,
0,61100,29924,8544,2,
0,61200,29978,8552,2,
0,61300,30025,8575,2,
0,61400,30050,8604,2,
0,61500,30100,8617,2,
0,61600,30144,8628,2,
0,61700,30206,8631,2,
0,61800,30265,8635,2,
0,61900,30311,8647,2,
0,62000,30350,8668,2,
0,62100,30374,8699,2,
0,62200,30433,8702,2,
0,62300,30494,8703,2,
0,62400,30542,8726,2,
0,62500,30567,8755,2,
0,62600,30619,8761,2,
0,62700,30680,8764,2,
0,62800,30721,8776,2,
0,62900,30764,8796,2,
0,63000,30811,8808,2,
0,63100,30871,8812,2,
0,63200,30909,8837,2,
0,63300,30970,8844,2,
0,63400,31033,8846,2,
0,63500,31079,8859,2,
0,63600,31119,8878,2,
0,63700,31179,8884,2,
0,63800,31245,8888,2,
0,63900,31284,8919,2,
0,64000,31347,8927,2,
0,64100,31404,8928,2,
0,64200,31426,8961,2,
0,64300,31493,8964,2,
0,64400,31549,8965,2,
0,64500,31616,8969,2,
0,64600,31646,8998,2,
0,64700,31696,9000,2,
0,64800,31762,9001,2,
0,64900,31788,9035,2,
0,65000,31830,9058,2,
0,65100,31867,9070,2,
0,65200,31899,9100,2,
0,65300,31953,9112,2,
0,65400,32006,9120,2,
0,65500,32073,9122,2,
0,65600,32103,9152,2,
0,65700,32167,9157,2,
0,65800,32239,9158,2,
0,65900,32283,9186,2,
0,66000,32320,9215,2,
0,66100,32367,9228,2,
0,66200,32405,9257,2,
0,66300,32440,9286,2,
0,66400,32501,9289,2,
0,66500,32564,9290,2,
0,66600,32629,9295,2,
0,66700,32671,9323,2,
0,66800,32720,9330,2,
0,66900,32766,9350,2,
0,67000,32815,9360,2,
0,67100,32873,9363,2,
0,67200,32928,9364,2,
0,67300,32957,9391,2,
0,67400,33016,9395,2,
0,67500,33063,9404,2,
0,67600,33106,9428,2,
0,67700,33155,9435,2,
0,67800,33218,9437,2,
0,67900,33281,9438,2,
0,68000,33317,9473,2,
0,68100,33382,9480,2,
0,68200,33442,9485,2,
0,68300,33504,9492,2,
0,68400,33560,9497,2,
0,68500,33632,9499,2,
0,68600,33689,9500,2,
0,68700,33715,9532,2,
0,68800,33744,9563,2,
0,68900,33796,9567,2,
0,69000,33867,9568,2,
0,69100,33921,9570,2,
0,69200,33982,9574,2,
0,69300,34041,9575,2,
0,69400,34097,9577,2,
0,69500,34161,9582,2,
0,69600,34232,9585,2,
0,69700,34299,9587,2,
0,69800,34326,9617,2,
0,69900,34388,9623,2,
0,70000,34445,9626,2,
0,70100,34503,9636,2,
0,70200,34541,9674,2,
0,70300,34612,9683,2,
0,70400,34682,9684,2,
0,70500,34706,9715,2,
0,70600,34759,9736,2,
0,70700,34806,9744,2,
0,70800,34837,9775,2,
0,70900,34901,9782,2,
0,71000,34946,9791,2,
0,71100,34985,9819,2,
0,71200,35040,9825,2,
0,71300,35101,9835,2,
0,71400,35154,9838,2,
0,71500,35213,9843,2,
0,71600,35244,9874,2,
0,71700,35305,9878,2,
0,71800,35371,9879,2,
0,71900,35391,9909,2,
0,72000,35431,9926,2,
0,72100,35475,9935,2,
0,72200,35514,9965,2,
0,72300,35545,9997,2,
0,72400,35601,10003,2,
0,72500,35639,10026,2,
0,72600,35660,10058,2,
0,72700,35718,10061,2,
0,72800,35775,10062,2,
0,72900,35836,10067,2,
0,73000,35895,10071,2,
0,73100,35945,10080,2,
0,73200,35993,10101,2,
0,73300,36021,10130,2,
0,73400,36088,10133,2,
0,73500,36147,10134,2,
0,73600,36177,10163,2,
0,73700,36230,10175,2,
0,73800,36289,10185,2,
0,73900,36335,10201,5,
0,74000,36388,10203,5,
0,74100,36434,10226,5,
0,74200,36483,10236,5,
0,74300,36528,10248,5,
0,74400,36560,10279,5,
0,74500,36617,10289,5,
0,74600,36686,10290,5,
0,74700,36729,10304,5,
0,74800,36795,10305,5,
0,74900,36857,10306,5,
0,75000,36880,10343,5,
0,75100,36937,10346,5,
0,75200,36988,10348,5,
0,75300,37057,10349,5,
0,75400,37088,10375,5,
0,75500,37153,10377,5,
0,75600,37218,10378,5,
0,75700,37246,10409,5,
0,75800,37304,10412,5,
0,75900,37348,10421,5,
0,76000,37384,10445,5,
0,76100,37407,10476,5,
0,76200,37455,10496,5,
0,76300,37501,10505,5,
0,76400,37563,10509,5,
0,76500,37625,10511,5,
0,76600,37681,10513,5,
0,76700,37743,10514,5,
0,76800,37763,10546,5,
0,76900,37816,10549,5,
0,77000,37873,10554,5,
0,77100,37900,10587,5,
0,77200,37965,10592,5,
0,77300,38013,10602,5,
0,77400,38059,10623,5,
0,77500,38115,10627,5,
0,77600,38185,10632,5,
0,77700,38250,10633,5,
0,77800,38283,10662,5,
0,77900,38345,10665,5,
0,78000,38399,10670,5,
0,78100,38440,10690,5,
0,78200,38489,10699,5,
0,78300,38524,10721,5,
0,78400,38568,10732,5,
0,78500,38625,10742,5,
0,78600,38653,10776,5,
0,78700,38699,10783,5,
0,78800,38759,10785,5,
0,78900,38818,10790,5,
0,79000,38862,10809,5,
0,79100,38907,10818,5,
0,79200,38935,10845,5,
0,79300,38995,10850,5,
0,79400,39038,10862,5,
0,79500,39082,10882,5,
0,79600,39133,10885,5,
0,79700,39179,10904,5,
0,79800,39226,10911,5,
0,79900,39257,10938,5,
0,80000,39293,10968,5,
0,80100,39345,10978,5,
0,80200,39378,10999,5,
0,80300,39398,11030,5,
0,80400,39461,11050,5,
0,80500,39520,11052,5,
0,80600,39583,11058,5,
0,80700,39619,11089,5,
0,80800,39666,11097,5,
0,80900,39713,11122,5,
0,81000,39755,11146,5,
0,81100,39797,11170,5,
0,81200,39844,11179,5,
0,81300,39873,11210,5,
0,81400,39931,11214,5,
0,81500,39989,11219,5,
0,81600,40026,11239,5,
0,81700,40083,11242,5,
0,81800,40120,11265,5,
0,81900,40168,11274,5,
0,82000,40225,11279,5,
0,82100,40282,11286,5,
0,82200,40323,11297,5,
0,82300,40372,11315,5,
0,82400,40416,11329,5,
0,82500,40481,11330,5,
0,82600,40543,11331,5,
0,82700,40581,11360,5,
0,82800,40612,11389,5,
0,82900,40677,11397,5,
0,83000,40747,11400,5,
0,83100,40782,11431,5,
0,83200,40818,11451,5,
0,83300,40865,11462,5,
0,83400,40934,11469,5,
0,83500,40964,11504,5,
0,83600,41018,11510,5,
0,83700,41067,11532,5,
0,83800,41090,11561,5,
0,83900,41155,11564,5,
0,84000,41210,11565,5,
0,84100,41263,11579,5,
0,84200,41325,11582,5,
0,84300,41377,11592,5,
0,84400,41418,11614,5,
0,84500,41477,11619,5,
0,84600,41517,11640,5,
0,84700,41567,11652,5,
0,84800,41617,11672,5,
0,84900,41661,11703,5,
0,85000,41715,11705,5,
0,85100,41784,11706,5,
0,85200,41837,11715,5,
0,85300,41882,11733,5,
0,85400,41931,11742,5,
0,85500,41992,11748,5,
0,85600,42057,11750,5,
0,85700,42109,11761,5,
0,85800,42169,11763,5,
0,85900,42230,11765,5,
0,86000,42285,11767,5,
0,86100,42341,11770,5,
0,86200,42387,11787,5,
0,86300,42417,11815,5,
0,86400,42468,11823,5,
