0,100,37,12,0,
0,200,82,37,0,
0,300,135,45,0,
0,400,200,46,0,
0,500,232,79,0,
0,600,294,88,0,
0,700,357,89,0,
0,800,399,123,0,
0,900,455,125,0,
0,1000,513,132,0,
0,1100,553,153,0,
0,1200,609,159,0,
0,1300,654,179,0,
0,1400,708,189,0,
0,1500,767,195,0,
0,1600,827,200,0,
0,1700,884,209,0,
0,1800,949,211,0,
0,1900,995,213,0,
0,2000,1062,217,0,
0,2100,1124,218,0,
0,2200,1190,222,0,
0,2300,1247,229,0,
0,2400,1306,238,0,
0,2500,1373,241,0,
0,2600,1423,243,0,
0,2700,1486,245,0,
0,2800,1542,246,0,
0,2900,1566,280,0,
0,3000,1593,312,0,
0,3100,1650,316,0,
0,3200,1709,317,0,
0,3300,1765,321,0,
0,3400,1827,327,0,
0,3500,1895,328,0,
0,3600,1958,335,0,
0,3700,1988,367,0,
0,3800,2050,375,0,
0,3900,2111,376,0,
0,4000,2167,380,0,
0,4100,2230,382,0,
0,4200,2286,383,0,
0,4300,2320,413,0,
0,4400,2371,419,0,
0,4500,2429,424,0,
0,4600,2491,425,0,
0,4700,2517,460,0,
0,4800,2578,463,0,
0,4900,2637,464,0,
0,5000,2692,487,0,
0,5100,2725,515,0,
0,5200,2783,521,0,
0,5300,2845,523,0,
0,5400,2895,527,0,
0,5500,2955,531,0,
0,5600,3005,532,0,
0,5700,3033,567,0,
0,5800,3093,571,0,
0,5900,3158,576,0,
0,6000,3221,577,0,
0,6100,3274,580,0,
0,6200,3317,601,0,
0,6300,3364,611,0,
0,6400,3405,639,0,
0,6500,3439,668,0,
0,6600,3492,678,0,
0,6700,3532,698,0,
0,6800,3583,701,0,
0,6900,3644,705,0,
0,7000,3697,706,0,
0,7100,3725,732,0,
0,7200,3781,734,0,
0,7300,3830,737,0,
0,7400,3894,738,0,
0,7500,3950,743,0,
0,7600,4002,765,0,
0,7700,4042,772,0,
0,7800,4089,794,0,
0,7900,4132,816,0,
0,8000,4188,822,0,
0,8100,4231,841,0,
0,8200,4286,848,0,
0,8300,4330,869,0,
0,8400,4379,881,0,
0,8500,4423,900,0,
0,8600,4455,934,0,
0,8700,4506,943,0,
0,8800,4543,967,0,
0,8900,4576,995,0,
0,9000,4638,997,0,
0,9100,4691,999,0,
0,9200,4750,1005,0,
0,9300,4814,1007,0,
0,9400,4866,1017,0,
0,9500,4906,1042,0,
0,9600,4926,1076,0,
0,9700,4989,1089,0,
0,9800,5046,1090,0,
0,9900,5088,1115,0,
0,10000,5112,1146,0,
0,10100,5162,1157,0,
0,10200,5207,1175,0,
0,10300,5264,1178,0,
0,10400,5325,1179,0,
0,10500,5383,1180,0,
0,10600,5417,1215,0,
0,10700,5468,1234,0,
0,10800,5506,1244,0,
0,10900,5551,1267,0,
0,11000,5616,1271,0,
0,11100,5662,1292,0,
0,11200,5706,1301,0,
0,11300,5768,1307,0,
0,11400,5826,1312,0,
0,11500,5886,1315,0,
0,11600,5952,1316,0,
0,11700,5981,1348,0,
0,11800,6045,1352,0,
0,11900,6101,1353,0,
0,12000,6161,1359,0,
0,12100,6228,1365,0,
0,12200,6279,1370,0,
0,12300,6345,1371,0,
0,12400,6376,1401,0,
0,12500,6434,1406,0,
0,12600,6490,1412,0,
0,12700,6551,1421,0,
0,12800,6589,1445,0,
0,12900,6628,1457,0,
0,13000,6671,1482,0,
0,13100,6723,1494,0,
0,13200,6765,1513,0,
0,13300,6820,1514,0,
0,13400,6873,1530,0,
0,13500,6922,1552,0,
0,13600,6980,1563,0,
0,13700,7021,1584,0,
0,13800,7053,1604,2,
0,13900,7107,1624,2,
0,14000,7154,1634,2,
0,14100,7217,1643,2,
0,14200,7282,1646,2,
0,14300,7336,1656,2,
0,14400,7379,1683,2,
0,14500,7410,1713,2,
0,14600,7453,1731,2,
0,14700,7495,1742,2,
0,14800,7553,1753,2,
0,14900,7594,1781,2,
0,15000,7654,1782,2,
0,15100,7721,1783,2,
0,15200,7774,1794,2,
0,15300,7832,1796,2,
0,15400,7897,1799,2,
0,15500,7955,1803,2,
0,15600,7991,1830,2,
0,15700,8054,1837,2,
0,15800,8124,1839,2,
0,15900,8148,1872,2,
0,16000,8207,1880,2,
0,16100,8262,1881,2,
0,16200,8332,1887,2,
0,16300,8394,1892,2,
0,16400,8454,1899,2,
0,16500,8521,1900,2,
0,16600,8550,1923,2,
0,16700,8620,1927,2,
0,16800,8672,1930,2,
0,16900,8726,1941,2,
0,17000,8783,1943,2,
0,17100,8827,1951,2,
0,17200,8860,1974,2,
0,17300,8914,1978,2,
0,17400,8950,2001,2,
0,17500,9002,2012,2,
0,17600,9061,2018,2,
0,17700,9091,2049,2,
0,17800,9142,2052,2,
0,17900,9206,2053,2,
0,18000,9233,2083,2,
0,18100,9275,2105,2,
0,18200,9326,2117,2,
0,18300,9382,2134,2,
0,18400,9415,2165,2,
0,18500,9462,2174,2,
0,18600,9504,2194,2,
0,18700,9562,2200,2,
0,18800,9618,2206,2,
0,18900,9668,2207,2,
0,19000,9723,2210,2,
0,19100,9789,2212,2,
0,19200,9846,2221,2,
0,19300,9908,2224,2,
0,19400,9937,2256,2,
0,19500,9996,2261,2,
0,19600,10044,2270,2,
0,19700,10113,2282,2,
0,19800,10161,2293,2,
0,19900,10206,2302,2,
0,20000,10243,2327,2,
0,20100,10293,2333,2,
0,20200,10332,2355,2,
0,20300,10385,2365,2,
0,20400,10430,2395,2,
0,20500,10463,2430,2,
0,20600,10513,2435,2,
0,20700,10578,2437,2,
0,20800,10634,2439,2,
0,20900,10696,2443,2,
0,21000,10757,2444,2,
0,21100,10797,2466,2,
0,21200,10827,2499,2,
0,21300,10879,2505,2,
0,21400,10924,2526,2,
0,21500,10978,2529,2,
0,21600,11037,2536,2,
0,21700,11096,2537,2,
0,21800,11123,2568,2,
0,21900,11184,2574,2,
0,22000,11235,2583,2,
0,22100,11288,2599,2,
0,22200,11314,2632,2,
0,22300,11373,2636,2,
0,22400,11425,2637,2,
0,22500,11484,2639,2,
0,22600,11543,2645,2,
0,22700,11595,2648,2,
0,22800,11658,2649,2,
0,22900,11710,2652,2,
0,23000,11747,2675,2,
0,23100,11793,2689,2,
0,23200,11844,2709,2,
0,23300,11874,2738,2,
0,23400,11936,2743,2,
0,23500,11998,2744,2,
0,23600,12051,2751,2,
0,23700,12091,2771,2,
0,23800,12139,2779,2,
0,23900,12163,2810,2,
0,24000,12197,2838,2,
0,24100,12251,2848,2,
0,24200,12308,2865,2,
0,24300,12357,2878,2,
0,24400,12394,2897,2,
0,24500,12442,2906,2,
0,24600,12501,2911,2,
0,24700,12531,2941,2,
0,24800,12586,2952,2,
0,24900,12652,2955,2,
0,25000,12681,2987,2,
0,25100,12744,2995,2,
0,25200,12801,2996,2,
0,25300,12863,3008,2,
0,25400,12893,3033,2,
0,25500,12946,3043,2,
0,25600,13011,3048,2,
0,25700,13059,3058,2,
0,25800,13101,3078,2,
0,25900,13151,3088,2,
0,26000,13214,3091,2,
0,26100,13266,3110,2,
0,26200,13313,3115,2,
0,26300,13354,3141,2,
0,26400,13405,3146,2,
0,26500,13459,3160,2,
0,26600,13515,3161,2,
0,26700,13570,3180,2,
0,26800,13629,3182,2,
0,26900,13677,3192,2,
0,27000,13725,3216,2,
0,27100,13756,3246,2,
0,27200,13801,3264,2,
0,27300,13845,3277,2,
0,27400,13885,3303,2,
0,27500,13936,3321,2,
0,27600,13977,3330,2,
0,27700,14016,3353,2,
0,27800,14075,3357,2,
0,27900,14131,3363,2,
0,28000,14183,3364,2,
0,28100,14244,3367,2,
0,28200,14282,3398,2,
0,28300,14336,3407,2,
0,28400,14372,3429,2,
0,28500,14421,3435,2,
0,28600,14465,3453,2,
0,28700,14514,3464,2,
0,28800,14557,3483,2,
0,28900,14620,3486,2,
0,29000,14677,3496,2,
0,29100,14718,3518,2,
0,29200,14751,3555,2,
0,29300,14802,3570,2,
0,29400,14859,3571,2,
0,29500,14911,3585,2,
0,29600,14971,3600,2,
0,29700,15019,3610,2,
0,29800,15066,3636,2,
0,29900,15118,3643,2,
0,30000,15182,3650,2,
0,30100,15239,3652,2,
0,30200,15303,3664,2,
0,30300,15362,3674,2,
0,30400,15428,3676,2,
0,30500,15488,3677,2,
0,30600,15510,3709,2,
0,30700,15552,3727,2,
0,30800,15594,3735,2,
0,30900,15658,3738,2,
0,31000,15686,3767,2,
0,31100,15738,3775,2,
0,31200,15785,3793,2,
0,31300,15813,3822,2,
0,31400,15874,3828,2,
0,31500,15933,3830,2,
0,31600,15992,3837,2,
0,31700,16036,3862,2,
0,31800,16089,3870,2,
0,31900,16134,3890,2,
0,32000,16162,3920,2,
0,32100,16222,3921,2,
0,32200,16280,3922,2,
0,32300,16306,3955,2,
0,32400,16371,3960,2,
0,32500,16420,3973,2,
0,32600,16460,3996,2,
0,32700,16493,4030,2,
0,32800,16532,4053,2,
0,32900,16572,4064,2,
0,33000,16635,4074,2,
0,33100,16667,4100,2,
0,33200,16724,4112,2,
0,33300,16765,4133,2,
0,33400,16811,4140,2,
0,33500,16875,4149,2,
0,33600,16935,4150,2,
0,33700,16959,4187,2,
0,33800,17018,4197,2,
0,33900,17068,4208,2,
0,34000,17130,4211,2,
0,34100,17187,4213,2,
0,34200,17225,4235,2,
0,34300,17278,4244,2,
0,34400,17307,4274,2,
0,34500,17375,4277,2,
0,34600,17430,4280,2,
0,34700,17491,4281,2,
0,34800,17549,4284,2,
0,34900,17609,4286,2,
0,35000,17663,4288,2,
0,35100,17728,4290,2,
0,35200,17772,4316,2,
0,35300,17827,4318,2,
0,35400,17906,4319,2,
0,35500,17935,4351,2,
0,35600,18000,4353,2,
0,35700,18049,4354,2,
0,35800,18084,4383,2,
0,35900,18148,4394,2,
0,36000,18199,4403,2,
0,36100,18250,4426,2,
0,36200,18266,4455,2,
0,36300,18310,4477,2,
0,36400,18357,4488,2,
0,36500,18412,4499,2,
0,36600,18448,4530,2,
0,36700,18498,4536,2,
0,36800,18570,4537,2,
0,36900,18601,4563,2,
0,37000,18659,4576,2,
0,37100,18719,4577,2,
0,37200,18766,4601,2,
0,37300,18826,4606,2,
0,37400,18887,4619,2,
0,37500,18931,4644,2,
0,37600,18979,4650,2,
0,37700,19043,4656,2,
0,37800,19101,4657,2,
0,37900,19166,4663,2,
0,38000,19221,4667,2,
0,38100,19277,4676,2,
0,38200,19343,4680,2,
0,38300,19370,4707,2,
0,38400,19406,4727,2,
0,38500,19460,4738,2,
0,38600,19513,4743,2,
0,38700,19549,4773,2,
0,38800,19611,4776,2,
0,38900,19667,4777,2,
0,39000,19725,4779,2,
0,39100,19780,4784,2,
0,39200,19836,4786,2,
0,39300,19903,4789,2,
0,39400,19932,4818,2,
0,39500,19985,4829,2,
0,39600,20036,4847,2,
0,39700,20059,4879,2,
0,39800,20129,4886,2,
0,39900,20185,4887,2,
0,40000,20242,4892,2,
0,40100,20271,4925,2,
0,40200,20342,4928,2,
0,40300,20402,4929,2,
0,40400,20429,4958,2,
0,40500,20486,4960,2,
0,40600,20544,4961,2,
0,40700,20583,4994,2,
0,40800,20649,5004,2,
0,40900,20707,5012,2,
0,41000,20776,5019,2,
0,41100,20836,5022,2,
0,41200,20872,5045,2,
0,41300,20920,5056,2,
0,41400,20950,5087,2,
0,41500,20997,5107,2,
0,41600,21058,5117,2,
0,41700,21107,5138,2,
0,41800,21167,5143,2,
0,41900,21216,5165,2,
0,42000,21264,5172,2,
0,42100,21324,5178,2,
0,42200,21346,5208,2,
0,42300,21388,5218,2,
0,42400,21430,5238,2,
0,42500,21486,5246,2,
0,42600,21548,5257,2,
0,42700,21596,5267,2,
0,42800,21623,5298,2,
0,42900,21683,5304,2,
0,43000,21743,5314,2,
0,43100,21815,5317,2,
0,43200,21844,5349,2,
0,43300,21893,5371,2,
0,43400,21939,5381,2,
0,43500,22001,5383,2,
0,43600,22065,5385,2,
0,43700,22127,5389,2,
0,43800,22190,5390,2,
0,43900,22241,5394,2,
0,44000,22291,5412,2,
0,44100,22342,5424,2,
0,44200,22376,5455,2,
0,44300,22409,5479,2,
0,44400,22461,5487,2,
0,44500,22500,5504,2,
0,44600,22523,5533,2,
0,44700,22586,5545,2,
0,44800,22650,5546,2,
0,44900,22715,5551,2,
0,45000,22757,5570,2,
0,45100,22811,5581,2,
0,45200,22867,5597,2,
0,45300,22900,5626,2,
0,45400,22957,5632,2,
0,45500,23018,5634,2,
0,45600,23052,5666,2,
0,45700,23116,5666,2,
0,45800,23171,5668,2,
0,45900,23234,5669,2,
0,46000,23287,5675,2,
0,46100,23342,5680,2,
0,46200,23402,5681,2,
0,46300,23424,5716,2,
0,46400,23456,5748,2,
0,46500,23506,5758,2,
0,46600,23543,5779,2,
0,46700,23569,5811,2,
0,46800,23632,5813,2,
0,46900,23682,5814,2,
0,47000,23743,5821,2,
0,47100,23775,5853,2,
0,47200,23831,5856,2,
0,47300,23894,5857,2,
0,47400,23953,5865,2,
0,47500,24014,5868,2,
0,47600,24069,5871,2,
0,47700,24099,5905,2,
0,47800,24131,5939,2,
0,47900,24178,5951,2,
0,48000,24217,5972,2,
0,48100,24266,5977,2,
0,48200,24310,5998,2,
0,48300,24358,6012,2,
0,48400,24385,6046,2,
0,48500,24419,6072,2,
0,48600,24472,6077,2,
0,48700,24547,6078,2,
0,48800,24595,6083,4,
0,48900,24658,6088,4,
0,49000,24709,6089,4,
0,49100,24763,6108,4,
0,49200,24816,6114,4,
0,49300,24870,6118,4,
0,49400,24909,6141,4,
0,49500,24961,6146,4,
0,49600,25009,6160,4,
0,49700,25051,6171,4,
0,49800,25109,6180,4,
0,49900,25169,6183,4,
0,50000,25222,6193,4,
0,50100,25261,6215,4,
0,50200,25312,6222,4,
0,50300,25352,6246,4,
0,50400,25399,6259,4,
0,50500,25457,6263,4,
0,50600,25520,6286,4,
0,50700,25576,6290,4,
0,50800,25638,6291,4,
0,50900,25687,6297,4,
0,51000,25736,6317,4,
0,51100,25779,6326,4,
0,51200,25829,6332,6,
0,51300,25864,6365,6,
0,51400,25926,6371,6,
0,51500,25992,6374,6,
0,51600,26052,6378,6,
0,51700,26091,6401,6,
0,51800,26133,6412,6,
0,51900,26171,6446,6,
0,52000,26202,6479,6,
0,52100,26245,6487,6,
0,52200,26306,6492,6,
0,52300,26358,6495,6,
0,52400,26410,6513,6,
0,52500,26456,6523,6,
0,52600,26491,6556,6,
0,52700,26516,6584,6,
0,52800,26566,6588,6,
0,52900,26633,6604,6,
0,53000,26686,6611,6,
0,53100,26733,6629,6,
0,53200,26778,6637,6,
0,53300,26809,6670,6,
0,53400,26832,6704,6,
0,53500,26881,6710,6,
0,53600,26944,6713,6,
0,53700,26998,6716,6,
0,53800,27052,6737,6,
0,53900,27100,6749,6,
0,54000,27130,6777,6,
0,54100,27166,6806,6,
0,54200,27218,6812,6,
0,54300,27258,6835,6,
0,54400,27298,6853,6,
0,54500,27342,6874,6,
0,54600,27400,6880,6,
0,54700,27436,6913,6,
0,54800,27499,6916,6,
0,54900,27560,6923,6,
0,55000,27600,6946,6,
0,55100,27622,6979,6,
0,55200,27677,6981,8,
0,55300,27736,6982,8,
0,55400,27797,6989,8,
0,55500,27826,7021,8,
0,55600,27882,7024,8,
0,55700,27942,7025,8,
0,55800,27991,7029,8,
0,55900,28035,7047,8,
0,56000,28091,7054,8,
0,56100,28123,7090,8,
0,56200,28187,7094,8,
0,56300,28243,7098,8,
0,56400,28305,7099,8,
0,56500,28330,7129,8,
0,56600,28398,7136,8,
0,56700,28452,7139,8,
0,56800,28515,7141,8,
0,56900,28538,7173,8,
0,57000,28584,7183,8,
0,57100,28630,7205,8,
0,57200,28686,7214,8,
0,57300,28731,7232,8,
0,57400,28770,7239,8,
0,57500,28827,7247,8,
0,57600,28885,7253,8,
0,57700,28937,7263,8,
0,57800,28983,7280,8,
0,57900,29028,7293,8,
0,58000,29095,7300,8,
0,58100,29149,7301,8,
0,58200,29210,7316,8,
0,58300,29269,7326,8,
0,58400,29327,7337,8,
0,58500,29400,7342,8,
0,58600,29436,7363,8,
0,58700,29495,7371,8,
0,58800,29555,7372,8,
0,58900,29583,7404,8,
0,59000,29613,7438,8,
0,59100,29657,7449,8,
0,59200,29695,7469,8,
0,59300,29723,7505,8,
0,59400,29778,7521,8,
0,59500,29826,7530,8,
0,59600,29881,7533,8,
0,59700,29942,7536,8,
0,59800,29995,7548,8,
0,59900,30034,7571,8,
0,60000,30061,7600,8,
0,60100,30120,7604,8,
0,60200,30178,7605,8,
0,60300,30205,7632,8,
0,60400,30232,7667,8,
0,60500,30281,7674,8,
0,60600,30331,7695,8,
0,60700,30353,7726,8,
0,60800,30407,7729,8,
0,60900,30461,7730,8,
0,61000,30492,7759,8,
0,61100,30554,7764,8,
0,61200,30598,7775,8,
0,61300,30641,7797,8,
0,61400,30698,7804,8,
0,61500,30746,7822,8,
0,61600,30794,7831,8,
0,61700,30857,7837,8,
0,61800,30912,7842,8,
0,61900,30968,7850,8,
0,62000,31013,7874,8,
0,62100,31067,7888,8,
0,62200,31113,7908,8,
0,62300,31159,7922,8,
0,62400,31222,7929,8,
0,62500,31281,7940,8,
0,62600,31343,7948,8,
0,62700,31407,7950,8,
0,62800,31454,7954,8,
0,62900,31514,7958,8,
0,63000,31574,7959,8,
0,63100,31605,7990,8,
0,63200,31637,8023,8,
0,63300,31680,8034,8,
0,63400,31716,8057,8,
0,63500,31769,8060,8,
0,63600,31808,8083,11,
0,63700,31848,8094,11,
0,63800,31919,8101,11,
0,63900,31973,8111,11,
0,64000,32028,8113,11,
0,64100,32095,8115,11,
0,64200,32153,8121,11,
0,64300,32216,8129,11,
0,64400,32276,8133,11,
0,64500,32338,8135,11,
0,64600,32366,8165,11,
0,64700,32415,8172,11,
0,64800,32451,8197,11,
0,64900,32479,8228,11,
0,65000,32524,8247,11,
0,65100,32583,8248,11,
0,65200,32640,8261,11,
0,65300,32707,8265,11,
0,65400,32763,8271,11,
0,65500,32826,8276,11,
0,65600,32881,8288,11,
0,65700,32926,8307,11,
0,65800,32967,8319,11,
0,65900,33028,8324,11,
0,66000,33062,8356,11,
0,66100,33129,8360,11,
0,66200,33200,8362,11,
0,66300,33224,8392,11,
0,66400,33287,8399,11,
0,66500,33345,8400,11,
0,66600,33378,8429,11,
0,66700,33406,8462,11,
0,66800,33457,8475,11,
0,66900,33498,8492,11,
0,67000,33533,8513,11,
0,67100,33585,8521,11,
0,67200,33649,8523,11,
0,67300,33704,8528,11,
0,67400,33730,8558,11,
0,67500,33781,8566,11,
0,67600,33824,8586,11,
0,67700,33885,8589,11,
0,67800,33929,8603,11,
0,67900,33982,8611,11,
0,68000,34012,8645,11,
0,68100,34042,8678,11,
0,68200,34095,8682,11,
0,68300,34165,8683,11,
0,68400,34215,8688,11,
0,68500,34273,8704,11,
0,68600,34320,8714,11,
0,68700,34358,8743,11,
0,68800,34402,8765,11,
0,68900,34449,8773,11,
0,69000,34485,8795,11,
0,69100,34534,8805,11,
0,69200,34575,8824,11,
0,69300,34615,8834,11,
0,69400,34675,8843,11,
0,69500,34733,8851,11,
0,69600,34793,8855,11,
0,69700,34854,8856,11,
0,69800,34909,8864,11,
0,69900,34974,8872,11,
0,70000,35027,8873,11,
0,70100,35085,8878,11,
0,70200,35147,8882,11,
0,70300,35200,8889,11,
0,70400,35264,8891,11,
0,70500,35286,8918,11,
0,70600,35342,8938,11,
0,70700,35392,8950,11,
0,70800,35432,8983,11,
0,70900,35471,9012,11,
0,71000,35524,9016,11,
0,71100,35590,9017,11,
0,71200,35640,9021,11,
0,71300,35689,9035,11,
0,71400,35741,9048,11,
0,71500,35797,9053,11,
0,71600,35859,9056,11,
0,71700,35910,9063,11,
0,71800,35978,9064,11,
0,71900,35998,9094,11,
0,72000,36040,9115,11,
0,72100,36088,9126,11,
0,72200,36125,9154,11,
0,72300,36184,9164,11,
0,72400,36244,9166,11,
0,72500,36304,9167,11,
0,72600,36327,9201,11,
0,72700,36377,9217,11,
0,72800,36424,9227,11,
0,72900,36457,9255,11,
0,73000,36491,9289,11,
0,73100,36532,9299,11,
0,73200,36583,9313,11,
0,73300,36640,9319,11,
0,73400,36706,9319,11,
0,73500,36769,9320,11,
0,73600,36798,9351,11,
0,73700,36860,9363,11,
0,73800,36916,9372,11,
0,73900,36966,9387,11,
0,74000,36987,9422,11,
0,74100,37029,9444,11,
0,74200,37074,9452,11,
0,74300,37131,9456,11,
0,74400,37163,9484,11,
0,74500,37212,9489,11,
0,74600,37267,9508,11,
0,74700,37315,9512,11,
0,74800,37354,9536,11,
0,74900,37401,9548,11,
0,75000,37435,9583,11,
0,75100,37492,9591,11,
0,75200,37548,9595,11,
0,75300,37609,9596,11,
0,75400,37633,9624,11,
0,75500,37673,9643,11,
0,75600,37722,9651,11,
0,75700,37780,9656,11,
0,75800,37848,9657,11,
0,75900,37906,9664,11,
0,76000,37970,9667,11,
0,76100,37993,9699,11,
0,76200,38035,9721,11,
0,76300,38082,9730,11,
0,76400,38125,9758,11,
0,76500,38179,9762,11,
0,76600,38235,9769,11,
0,76700,38300,9770,11,
0,76800,38351,9775,11,
0,76900,38410,9779,11,
0,77000,38463,9780,11,
0,77100,38505,9807,11,
0,77200,38558,9817,11,
0,77300,38612,9825,11,
0,77400,38651,9849,11,
0,77500,38677,9876,11,
0,77600,38721,9900,11,
0,77700,38774,9912,11,
0,77800,38829,9915,11,
0,77900,38885,9918,11,
0,78000,38936,9927,11,
0,78100,38976,9947,11,
0,78200,39033,9954,11,
0,78300,39087,9973,11,
0,78400,39141,9983,11,
0,78500,39171,10013,11,
0,78600,39223,10017,11,
0,78700,39276,10018,11,
0,78800,39337,10019,11,
0,78900,39391,10028,11,
0,79000,39437,10047,11,
0,79100,39480,10060,11,
0,79200,39514,10090,11,
0,79300,39580,10094,11,
0,79400,39630,10095,11,
0,79500,39690,10096,11,
0,79600,39744,10099,11,
0,79700,39813,10101,11,
0,79800,39870,10102,11,
0,79900,39899,10134,11,
0,80000,39959,10137,11,
0,80100,40009,10143,11,
0,80200,40050,10161,11,
0,80300,40101,10165,11,
0,80400,40159,10168,11,
0,80500,40220,10169,11,
0,80600,40290,10175,11,
0,80700,40323,10206,11,
0,80800,40373,10210,11,
0,80900,40438,10215,11,
0,81000,40464,10249,11,
0,81100,40521,10254,11,
0,81200,40582,10255,11,
0,81300,40619,10281,11,
0,81400,40659,10306,11,
0,81500,40708,10315,11,
0,81600,40750,10339,11,
0,81700,40779,10371,11,
0,81800,40836,10372,11,
0,81900,40889,10373,11,
0,82000,40939,10396,11,
0,82100,40968,10426,11,
0,82200,41018,10437,11,
0,82300,41058,10459,11,
0,82400,41115,10462,11,
0,82500,41151,10480,11,
0,82600,41198,10490,11,
0,82700,41231,10520,11,
0,82800,41258,10553,11,
0,82900,41315,10557,11,
0,83000,41382,10558,11,
0,83100,41436,10566,11,
0,83200,41504,10567,11,
0,83300,41566,10569,11,
0,83400,41595,10599,11,
0,83500,41657,10602,11,
0,83600,41712,10604,11,
0,83700,41775,10605,11,
0,83800,41829,10610,11,
0,83900,41873,10630,11,
0,84000,41919,10641,11,
0,84100,41981,10646,11,
0,84200,42046,10647,11,
0,84300,42101,10653,11,
0,84400,42166,10658,11,
0,84500,42193,10689,11,
0,84600,42238,10710,11,
0,84700,42285,10724,11,
0,84800,42316,10756,11,
0,84900,42347,10785,11,
0,85000,42399,10795,11,
0,85100,42441,10817,11,
0,85200,42488,10829,11,
0,85300,42552,10838,11,
0,85400,42611,10839,11,
0,85500,42669,10851,11,
0,85600,42730,10858,11,
0,85700,42791,10866,11,
0,85800,42833,10884,11,
0,85900,42857,10912,11,
0,86000,42916,10927,11,
0,86100,42967,10932,11,
0,86200,43001,10966,11,
0,86300,43036,10996,11,
0,86400,43092,10999,11,
