0,100,34,10,0,
0,200,65,40,0,
0,300,118,41,0,
0,400,183,42,0,
0,500,215,73,0,
0,600,281,78,0,
0,700,344,79,0,
0,800,367,110,0,
0,900,402,144,0,
0,1000,451,154,0,
0,1100,493,176,0,
0,1200,515,205,0,
0,1300,579,209,0,
0,1400,630,210,0,
0,1500,673,238,0,
0,1600,731,248,0,
0,1700,789,258,0,
0,1800,833,281,0,
0,1900,872,309,0,
0,2000,911,327,0,
0,2100,961,336,0,
0,2200,1021,340,0,
0,2300,1056,368,0,
0,2400,1115,370,0,
0,2500,1178,385,0,
0,2600,1198,415,0,
0,2700,1242,434,0,
0,2800,1293,444,0,
0,2900,1338,476,0,
0,3000,1371,508,0,
0,3100,1427,518,0,
0,3200,1464,541,0,
0,3300,1515,550,0,
0,3400,1580,551,0,
0,3500,1639,552,0,
0,3600,1701,566,0,
0,3700,1761,572,0,
0,3800,1810,581,0,
0,3900,1861,597,0,
0,4000,1885,628,0,
0,4100,1928,646,0,
0,4200,1974,658,0,
0,4300,2041,659,0,
0,4400,2075,689,0,
0,4500,2122,699,0,
0,4600,2163,718,0,
0,4700,2182,752,0,
0,4800,2225,777,0,
0,4900,2273,785,0,
0,5000,2329,791,0,
0,5100,2374,814,0,
0,5200,2431,825,0,
0,5300,2481,846,0,
0,5400,2529,854,0,
0,5500,2579,864,0,
0,5600,2625,876,0,
0,5700,2659,911,0,
0,5800,2712,915,0,
0,5900,2766,924,0,
0,6000,2801,949,0,
0,6100,2826,982,0,
0,6200,2883,991,0,
0,6300,2933,992,0,
0,6400,2966,1026,0,
0,6500,3030,1031,0,
0,6600,3079,1045,2,
0,6700,3128,1066,2,
0,6800,3152,1099,2,
0,6900,3216,1103,2,
0,7000,3272,1104,2,
0,7100,3342,1110,2,
0,7200,3405,1117,2,
0,7300,3446,1127,2,
0,7400,3486,1150,2,
0,7500,3541,1157,2,
0,7600,3587,1176,2,
0,7700,3629,1184,2,
0,7800,3691,1190,2,
0,7900,3726,1223,2,
0,8000,3771,1235,2,
0,8100,3812,1261,2,
0,8200,3836,1289,2,
0,8300,3887,1309,2,
0,8400,3929,1320,2,
0,8500,3959,1354,2,
0,8600,3994,1383,2,
0,8700,4049,1395,2,
0,8800,4090,1414,4,
0,8900,4143,1424,4,
0,9000,4185,1448,4,
0,9100,4235,1458,4,
0,9200,4274,1489,4,
0,9300,4321,1525,4,
0,9400,4367,1534,4,
0,9500,4421,1550,4,
0,9600,4446,1578,4,
0,9700,4504,1584,4,
0,9800,4564,1585,4,
0,9900,4600,1616,4,
0,10000,4638,1646,6,
0,10100,4693,1647,6,
0,10200,4758,1648,6,
0,10300,4790,1675,6,
0,10400,4840,1694,6,
0,10500,4897,1696,6,
0,10600,4933,1728,6,
0,10700,4993,1733,6,
0,10800,5048,1735,6,
0,10900,5118,1737,6,
0,11000,5171,1741,6,
0,11100,5215,1760,6,
0,11200,5266,1770,6,
0,11300,5326,1780,6,
0,11400,5382,1788,6,
0,11500,5432,1794,6,
0,11600,5478,1812,6,
0,11700,5502,1846,6,
0,11800,5545,1863,6,
0,11900,5589,1877,6,
0,12000,5652,1890,6,
0,12100,5684,1923,6,
0,12200,5739,1925,6,
0,12300,5804,1928,6,
0,12400,5830,1955,6,
0,12500,5874,1962,8,
0,12600,5926,1965,8,
0,12700,5965,1995,8,
0,12800,6025,2001,8,
0,12900,6078,2006,8,
0,13000,6146,2007,8,
0,13100,6194,2019,8,
0,13200,6254,2026,10,
0,13300,6304,2028,10,
0,13400,6333,2059,10,
0,13500,6390,2064,10,
0,13600,6435,2074,10,
0,13700,6476,2098,10,
0,13800,6531,2103,10,
0,13900,6572,2124,10,
0,14000,6621,2135,10,
0,14100,6654,2169,10,
0,14200,6701,2194,10,
0,14300,6748,2205,10,
0,14400,6786,2230,10,
0,14500,6810,2263,10,
0,14600,6873,2269,10,
0,14700,6926,2270,10,
0,14800,6994,2275,10,
0,14900,7064,2279,10,
0,15000,7119,2282,10,
0,15100,7185,2283,10,
0,15200,7237,2286,10,
0,15300,7279,2305,10,
0,15400,7323,2318,10,
0,15500,7361,2347,10,
0,15600,7398,2378,10,
0,15700,7453,2386,10,
0,15800,7497,2409,10,
0,15900,7540,2426,10,
0,16000,7591,2446,10,
0,16100,7634,2458,10,
0,16200,7703,2467,10,
0,16300,7740,2498,10,
0,16400,7792,2500,10,
0,16500,7850,2511,10,
0,16600,7900,2525,10,
0,16700,7964,2526,10,
0,16800,8015,2527,10,
0,16900,8058,2554,10,
0,17000,8119,2561,10,
0,17100,8179,2565,10,
0,17200,8237,2566,10,
0,17300,8292,2581,10,
0,17400,8342,2599,10,
0,17500,8387,2609,14,
0,17600,8431,2637,14,
0,17700,8467,2662,14,
0,17800,8515,2672,14,
0,17900,8559,2696,14,
0,18000,8593,2725,14,
0,18100,8643,2743,14,
0,18200,8688,2752,14,
0,18300,8743,2755,14,
0,18400,8798,2760,14,
0,18500,8846,2768,14,
0,18600,8889,2790,14,
0,18700,8914,2824,14,
0,18800,8957,2845,14,
0,18900,9000,2855,14,
0,19000,9034,2891,14,
0,19100,9062,2931,14,
0,19200,9127,2934,14,
0,19300,9201,2935,14,
0,19400,9254,2939,14,
0,19500,9316,2947,14,
0,19600,9372,2948,14,
0,19700,9434,2962,14,
0,19800,9495,2963,14,
0,19900,9552,2970,14,
0,20000,9610,2975,14,
0,20100,9640,3008,14,
0,20200,9712,3020,14,
0,20300,9769,3021,14,
0,20400,9790,3050,14,
0,20500,9851,3052,14,
0,20600,9908,3057,14,
0,20700,9969,3058,14,
0,20800,10018,3072,14,
0,20900,10081,3073,14,
0,21000,10135,3075,14,
0,21100,10166,3102,14,
0,21200,10232,3110,14,
0,21300,10283,3118,14,
0,21400,10326,3141,14,
0,21500,10352,3168,14,
0,21600,10414,3173,14,
0,21700,10467,3174,14,
0,21800,10526,3177,14,
0,21900,10560,3207,14,
0,22000,10613,3217,14,
0,22100,10656,3241,14,
0,22200,10701,3252,14,
0,22300,10744,3274,14,
0,22400,10794,3284,14,
0,22500,10855,3290,14,
0,22600,10890,3314,14,
0,22700,10939,3323,14,
0,22800,10986,3344,14,
0,22900,11038,3349,14,
0,23000,11097,3350,14,
0,23100,11163,3351,14,
0,23200,11224,3358,14,
0,23300,11253,3391,14,
0,23400,11315,3396,14,
0,23500,11380,3398,14,
0,23600,11413,3424,14,
0,23700,11477,3431,14,
0,23800,11542,3432,14,
0,23900,11597,3434,14,
0,24000,11654,3456,14,
0,24100,11709,3466,14,
0,24200,11770,3471,14,
0,24300,11798,3501,14,
0,24400,11844,3520,14,
0,24500,11895,3532,14,
0,24600,11951,3537,14,
0,24700,12010,3545,14,
0,24800,12061,3558,14,
0,24900,12115,3577,14,
0,25000,12133,3610,14,
0,25100,12189,3620,14,
0,25200,12249,3621,14,
0,25300,12304,3625,14,
0,25400,12358,3635,14,
0,25500,12410,3645,16,
0,25600,12455,3668,16,
0,25700,12502,3678,16,
0,25800,12549,3694,16,
0,25900,12597,3703,16,
0,26000,12628,3740,16,
0,26100,12660,3773,16,
0,26200,12714,3779,16,
0,26300,12764,3795,16,
0,26400,12811,3799,16,
0,26500,12855,3820,16,
0,26600,12908,3829,16,
0,26700,12966,3833,16,
0,26800,12993,3864,16,
0,26900,13051,3866,16,
0,27000,13121,3868,16,
0,27100,13157,3895,16,
0,27200,13219,3901,16,
0,27300,13272,3902,16,
0,27400,13332,3913,16,
0,27500,13363,3940,18,
0,27600,13415,3949,18,
0,27700,13453,3975,18,
0,27800,13499,3980,18,
0,27900,13538,4000,18,
0,28000,13596,4013,18,
0,28100,13630,4037,18,
0,28200,13692,4052,18,
0,28300,13750,4056,18,
0,28400,13811,4058,18,
0,28500,13864,4061,18,
0,28600,13913,4081,18,
0,28700,13955,4092,18,
0,28800,14010,4098,18,
0,28900,14066,4104,18,
0,29000,14112,4112,18,
0,29100,14148,4137,18,
0,29200,14180,4170,18,
0,29300,14239,4188,18,
0,29400,14299,4189,18,
0,29500,14361,4201,18,
0,29600,14414,4203,18,
0,29700,14477,4212,18,
0,29800,14523,4235,18,
0,29900,14561,4256,18,
0,30000,14630,4260,18,
0,30100,14689,4266,18,
0,30200,14753,4272,18,
0,30300,14801,4286,18,
0,30400,14857,4295,18,
0,30500,14922,4301,18,
0,30600,14945,4330,18,
0,30700,14993,4351,18,
0,30800,15043,4360,18,
0,30900,15073,4389,18,
0,31000,15108,4415,18,
0,31100,15159,4418,18,
0,31200,15232,4419,18,
0,31300,15292,4423,18,
0,31400,15363,4427,18,
0,31500,15430,4428,18,
0,31600,15467,4450,18,
0,31700,15497,4480,18,
0,31800,15545,4489,18,
0,31900,15598,4505,18,
0,32000,15623,4535,18,
0,32100,15668,4558,18,
0,32200,15715,4566,18,
0,32300,15739,4599,20,
0,32400,15798,4606,20,
0,32500,15841,4615,20,
0,32600,15882,4638,20,
0,32700,15934,4646,20,
0,32800,15983,4664,20,
0,32900,16030,4674,20,
0,33000,16060,4698,20,
0,33100,16123,4701,20,
0,33200,16183,4707,20,
0,33300,16252,4708,20,
0,33400,16304,4710,20,
0,33500,16368,4714,20,
0,33600,16420,4715,20,
0,33700,16482,4722,20,
0,33800,16516,4744,22,
0,33900,16570,4756,22,
0,34000,16614,4776,22,
0,34100,16671,4780,22,
0,34200,16739,4783,22,
0,34300,16795,4784,22,
0,34400,16854,4789,22,
0,34500,16877,4825,22,
0,34600,16927,4836,22,
0,34700,16977,4859,22,
0,34800,17033,4863,22,
0,34900,17074,4883,22,
0,35000,17143,4894,22,
0,35100,17173,4926,22,
0,35200,17236,4932,22,
0,35300,17290,4940,22,
0,35400,17332,4964,22,
0,35500,17381,4979,22,
0,35600,17428,5001,22,
0,35700,17481,5002,22,
0,35800,17531,5014,22,
0,35900,17562,5043,22,
0,36000,17615,5053,22,
0,36100,17672,5070,22,
0,36200,17729,5080,22,
0,36300,17773,5099,22,
0,36400,17817,5108,22,
0,36500,17856,5132,22,
0,36600,17916,5137,22,
0,36700,17978,5145,22,
0,36800,18031,5167,22,
0,36900,18083,5173,22,
0,37000,18122,5194,22,
0,37100,18174,5202,22,
0,37200,18210,5235,22,
0,37300,18253,5261,22,
0,37400,18313,5264,22,
0,37500,18377,5265,22,
0,37600,18415,5289,24,
0,37700,18468,5290,24,
0,37800,18525,5291,24,
0,37900,18573,5303,24,
0,38000,18633,5305,24,
0,38100,18682,5315,24,
0,38200,18745,5316,24,
0,38300,18771,5344,24,
0,38400,18811,5368,24,
0,38500,18863,5378,24,
0,38600,18899,5408,24,
0,38700,18930,5438,24,
0,38800,18976,5439,24,
0,38900,19037,5440,24,
0,39000,19092,5447,24,
0,39100,19142,5468,24,
0,39200,19189,5477,24,
0,39300,19215,5512,24,
0,39400,19284,5516,24,
0,39500,19337,5527,24,
0,39600,19375,5545,24,
0,39700,19419,5557,24,
0,39800,19481,5559,24,
0,39900,19544,5561,24,
0,40000,19568,5591,24,
0,40100,19629,5599,24,
0,40200,19678,5608,24,
0,40300,19724,5631,24,
0,40400,19776,5643,24,
0,40500,19836,5648,24,
0,40600,19894,5649,24,
0,40700,19936,5674,24,
0,40800,19993,5679,24,
0,40900,20044,5681,24,
0,41000,20117,5685,24,
0,41100,20140,5714,24,
0,41200,20196,5719,24,
0,41300,20263,5721,24,
0,41400,20289,5752,24,
0,41500,20353,5762,24,
0,41600,20412,5771,24,
0,41700,20459,5797,24,
0,41800,20482,5831,24,
0,41900,20534,5837,26,
0,42000,20585,5838,26,
0,42100,20621,5870,26,
0,42200,20649,5904,26,
0,42300,20700,5909,26,
0,42400,20758,5910,26,
0,42500,20776,5945,26,
0,42600,20821,5960,26,
0,42700,20874,5965,26,
0,42800,20931,5973,26,
0,42900,20991,5977,26,
0,43000,21052,5982,26,
0,43100,21126,5984,26,
0,43200,21165,6011,26,
0,43300,21215,6029,26,
0,43400,21256,6041,26,
0,43500,21316,6046,26,
0,43600,21349,6081,26,
0,43700,21398,6091,26,
0,43800,21448,6105,26,
0,43900,21502,6109,26,
0,44000,21553,6132,26,
0,44100,21608,6142,26,
0,44200,21660,6146,26,
0,44300,21719,6154,26,
0,44400,21769,6158,26,
0,44500,21829,6159,26,
0,44600,21853,6190,26,
0,44700,21923,6193,26,
0,44800,21982,6194,26,
0,44900,22016,6221,26,
0,45000,22072,6224,26,
0,45100,22137,6232,26,
0,45200,22169,6254,26,
0,45300,22190,6288,26,
0,45400,22252,6294,26,
0,45500,22309,6296,26,
0,45600,22356,6328,26,
0,45700,22383,6358,26,
0,45800,22437,6363,26,
0,45900,22486,6379,26,
0,46000,22512,6420,26,
0,46100,22553,6439,26,
0,46200,22609,6448,26,
0,46300,22663,6456,26,
0,46400,22729,6462,26,
0,46500,22785,6470,26,
0,46600,22820,6492,26,
0,46700,22840,6522,26,
0,46800,22903,6539,26,
0,46900,22954,6550,26,
0,47000,23009,6555,26,
0,47100,23036,6586,26,
0,47200,23092,6595,26,
0,47300,23135,6618,26,
0,47400,23160,6644,26,
0,47500,23228,6648,26,
0,47600,23283,6650,26,
0,47700,23346,6653,26,
0,47800,23407,6659,26,
0,47900,23458,6663,26,
0,48000,23524,6665,26,
0,48100,23584,6670,26,
0,48200,23620,6693,26,
0,48300,23672,6702,26,
0,48400,23713,6733,26,
0,48500,23755,6761,26,
0,48600,23810,6769,26,
0,48700,23852,6792,26,
0,48800,23895,6822,26,
0,48900,23958,6831,26,
0,49000,24018,6832,26,
0,49100,24078,6841,26,
0,49200,24111,6868,26,
0,49300,24168,6871,26,
0,49400,24235,6873,26,
0,49500,24290,6876,26,
0,49600,24349,6879,26,
0,49700,24415,6883,26,
0,49800,24461,6911,26,
0,49900,24521,6914,26,
0,50000,24575,6922,26,
0,50100,24621,6943,26,
0,50200,24675,6951,26,
0,50300,24733,6954,26,
0,50400,24793,6955,26,
0,50500,24857,6960,26,
0,50600,24891,6989,26,
0,50700,24951,6998,26,
0,50800,24991,7018,26,
0,50900,25044,7022,26,
0,51000,25097,7039,26,
0,51100,25137,7049,26,
0,51200,25198,7056,26,
0,51300,25260,7060,26,
0,51400,25321,7067,26,
0,51500,25385,7070,26,
0,51600,25439,7081,26,
0,51700,25505,7084,26,
0,51800,25553,7094,26,
0,51900,25606,7103,26,
0,52000,25663,7109,26,
0,52100,25709,7118,26,
0,52200,25756,7137,26,
0,52300,25798,7161,26,
0,52400,25853,7183,26,
0,52500,25900,7194,26,
0,52600,25930,7226,26,
0,52700,25965,7260,26,
0,52800,26022,7270,26,
0,52900,26065,7293,26,
0,53000,26113,7295,26,
0,53100,26154,7320,26,
0,53200,26201,7329,26,
0,53300,26236,7363,28,
0,53400,26268,7396,28,
0,53500,26321,7401,28,
0,53600,26379,7402,28,
0,53700,26401,7433,28,
0,53800,26459,7443,28,
0,53900,26507,7451,30,
0,54000,26537,7482,30,
0,54100,26593,7489,30,
0,54200,26637,7500,30,
0,54300,26676,7522,30,
0,54400,26722,7531,30,
0,54500,26765,7548,30,
0,54600,26810,7560,30,
0,54700,26853,7591,30,
0,54800,26910,7593,30,
0,54900,26970,7597,30,
0,55000,27033,7603,30,
0,55100,27053,7636,32,
0,55200,27097,7654,32,
0,55300,27148,7664,32,
0,55400,27208,7676,32,
0,55500,27238,7710,32,
0,55600,27294,7715,32,
0,55700,27353,7719,32,
0,55800,27408,7724,32,
0,55900,27453,7743,32,
0,56000,27509,7752,32,
0,56100,27579,7754,32,
0,56200,27616,7786,32,
0,56300,27666,7791,32,
0,56400,27728,7793,32,
0,56500,27755,7825,32,
0,56600,27795,7847,32,
0,56700,27837,7856,32,
0,56800,27870,7888,32,
0,56900,27930,7893,32,
0,57000,27983,7896,32,
0,57100,28044,7897,32,
0,57200,28105,7901,32,
0,57300,28147,7921,32,
0,57400,28198,7926,32,
0,57500,28232,7950,32,
0,57600,28293,7957,32,
0,57700,28340,7959,32,
0,57800,28408,7960,32,
0,57900,28437,7988,32,
0,58000,28494,7998,32,
0,58100,28551,7999,32,
0,58200,28583,8033,32,
0,58300,28632,8063,32,
0,58400,28696,8070,32,
0,58500,28760,8071,32,
0,58600,28786,8102,32,
0,58700,28831,8121,32,
0,58800,28887,8133,32,
0,58900,28956,8143,32,
0,59000,29015,8143,32,
0,59100,29071,8147,32,
0,59200,29137,8148,32,
0,59300,29155,8182,32,
0,59400,29198,8200,32,
0,59500,29257,8206,32,
0,59600,29310,8219,32,
0,59700,29336,8252,32,
0,59800,29387,8262,32,
0,59900,29432,8280,32,
0,60000,29458,8310,32,
0,60100,29525,8312,32,
0,60200,29594,8313,32,
0,60300,29627,8343,32,
0,60400,29676,8348,32,
0,60500,29733,8355,32,
0,60600,29790,8356,32,
0,60700,29845,8363,32,
0,60800,29889,8384,32,
0,60900,29935,8392,32,
0,61000,29991,8400,32,
0,61100,30042,8408,32,
0,61200,30103,8416,32,
0,61300,30151,8441,32,
0,61400,30179,8472,34,
0,61500,30223,8496,34,
0,61600,30273,8506,34,
0,61700,30340,8516,34,
0,61800,30399,8522,34,
0,61900,30449,8529,34,
0,62000,30516,8534,34,
0,62100,30573,8544,34,
0,62200,30624,8555,36,
0,62300,30679,8556,36,
0,62400,30712,8590,36,
0,62500,30771,8596,36,
0,62600,30825,8609,36,
0,62700,30862,8631,36,
0,62800,30916,8640,36,
0,62900,30972,8642,36,
0,63000,31029,8643,36,
0,63100,31086,8646,36,
0,63200,31146,8652,36,
0,63300,31193,8660,36,
0,63400,31239,8682,36,
0,63500,31297,8687,36,
0,63600,31342,8709,36,
0,63700,31401,8718,36,
0,63800,31458,8737,36,
0,63900,31514,8743,36,
0,64000,31570,8754,36,
0,64100,31631,8762,36,
0,64200,31656,8789,36,
0,64300,31719,8792,36,
0,64400,31787,8793,36,
0,64500,31819,8828,36,
0,64600,31852,8860,36,
0,64700,31904,8863,36,
0,64800,31973,8864,36,
0,64900,32027,8866,36,
0,65000,32078,8890,36,
0,65100,32116,8901,36,
0,65200,32176,8905,36,
0,65300,32233,8910,36,
0,65400,32278,8920,36,
0,65500,32315,8942,36,
0,65600,32367,8948,36,
0,65700,32433,8949,36,
0,65800,32497,8950,36,
0,65900,32557,8954,36,
0,66000,32623,8957,36,
0,66100,32680,8967,36,
0,66200,32727,8987,36,
0,66300,32758,9013,36,
0,66400,32826,9014,36,
0,66500,32883,9015,36,
0,66600,32934,9025,36,
0,66700,32995,9027,36,
0,66800,33052,9031,36,
0,66900,33124,9032,36,
0,67000,33171,9039,36,
0,67100,33229,9044,36,
0,67200,33280,9045,36,
0,67300,33342,9051,36,
0,67400,33397,9057,36,
0,67500,33437,9065,36,
0,67600,33480,9083,36,
0,67700,33535,9094,36,
0,67800,33581,9113,36,
0,67900,33626,9126,36,
0,68000,33652,9156,36,
0,68100,33712,9174,36,
0,68200,33765,9179,36,
0,68300,33829,9180,36,
0,68400,33857,9205,36,
0,68500,33919,9207,36,
0,68600,33983,9212,36,
0,68700,34021,9244,36,
0,68800,34077,9249,36,
0,68900,34129,9258,36,
0,69000,34171,9280,36,
0,69100,34214,9295,36,
0,69200,34255,9315,36,
0,69300,34311,9322,36,
0,69400,34338,9358,36,
0,69500,34398,9361,36,
0,69600,34455,9370,36,
0,69700,34495,9391,36,
0,69800,34550,9398,36,
0,69900,34588,9420,36,
0,70000,34626,9433,36,
0,70100,34694,9435,36,
0,70200,34750,9438,36,
0,70300,34806,9448,36,
0,70400,34847,9472,36,
0,70500,34898,9481,36,
0,70600,34951,9482,38,
0,70700,35005,9483,38,
0,70800,35032,9515,38,
0,70900,35080,9545,38,
0,71000,35133,9552,38,
0,71100,35174,9570,38,
0,71200,35232,9572,38,
0,71300,35270,9595,38,
0,71400,35319,9603,38,
0,71500,35378,9612,38,
0,71600,35402,9647,38,
0,71700,35457,9651,38,
0,71800,35517,9652,38,
0,71900,35545,9682,38,
0,72000,35609,9694,38,
0,72100,35662,9695,38,
0,72200,35726,9701,38,
0,72300,35789,9707,38,
0,72400,35843,9713,38,
0,72500,35903,9714,38,
0,72600,35960,9716,38,
0,72700,36019,9723,38,
0,72800,36070,9726,38,
0,72900,36126,9738,38,
0,73000,36159,9773,38,
0,73100,36209,9781,38,
0,73200,36268,9793,38,
0,73300,36319,9804,38,
0,73400,36356,9833,38,
0,73500,36410,9842,38,
0,73600,36437,9878,38,
0,73700,36498,9881,38,
0,73800,36548,9891,38,
0,73900,36581,9915,38,
0,74000,36635,9925,38,
0,74100,36703,9927,38,
0,74200,36770,9928,38,
0,74300,36814,9954,38,
0,74400,36865,9966,38,
0,74500,36908,9976,38,
0,74600,36954,9996,38,
0,74700,36980,10026,38,
0,74800,37037,10028,38,
0,74900,37091,10030,40,
0,75000,37125,10061,40,
0,75100,37177,10069,40,
0,75200,37232,10076,40,
0,75300,37276,10097,40,
0,75400,37312,10126,40,
0,75500,37373,10130,40,
0,75600,37428,10131,40,
0,75700,37491,10135,40,
0,75800,37525,10167,40,
0,75900,37579,10177,40,
0,76000,37629,10198,40,
0,76100,37665,10224,40,
0,76200,37727,10228,40,
0,76300,37780,10229,40,
0,76400,37814,10256,40,
0,76500,37874,10261,40,
0,76600,37928,10263,40,
0,76700,37993,10264,40,
0,76800,38015,10296,40,
0,76900,38076,10298,40,
0,77000,38135,10299,40,
0,77100,38167,10332,40,
0,77200,38211,10359,40,
0,77300,38273,10361,40,
0,77400,38342,10363,40,
0,77500,38392,10369,40,
0,77600,38432,10388,40,
0,77700,38489,10400,40,
0,77800,38542,10403,40,
0,77900,38580,10437,40,
0,78000,38630,10445,40,
0,78100,38671,10466,40,
0,78200,38723,10473,40,
0,78300,38764,10496,40,
0,78400,38811,10507,40,
0,78500,38865,10520,42,
0,78600,38923,10525,42,
0,78700,38974,10534,42,
0,78800,39009,10557,42,
0,78900,39040,10590,42,
0,79000,39102,10595,42,
0,79100,39167,10599,42,
0,79200,39225,10602,42,
0,79300,39259,10628,42,
0,79400,39316,10636,42,
0,79500,39356,10656,42,
0,79600,39398,10676,42,
0,79700,39458,10679,42,
0,79800,39511,10680,42,
0,79900,39542,10715,42,
0,80000,39566,10744,42,
0,80100,39617,10750,42,
0,80200,39678,10754,42,
0,80300,39725,10758,42,
0,80400,39768,10777,42,
0,80500,39820,10789,42,
0,80600,39882,10793,42,
0,80700,39949,10795,42,
0,80800,40001,10804,42,
0,80900,40047,10829,42,
0,81000,40096,10834,42,
0,81100,40160,10836,42,
0,81200,40214,10837,42,
0,81300,40247,10867,42,
0,81400,40308,10872,42,
0,81500,40362,10878,42,
0,81600,40434,10885,42,
0,81700,40488,10891,42,
0,81800,40557,10894,42,
0,81900,40611,10895,42,
0,82000,40646,10923,42,
0,82100,40707,10928,42,
0,82200,40768,10933,42,
0,82300,40840,10935,42,
0,82400,40897,10939,42,
0,82500,40941,10961,42,
0,82600,40985,10971,42,
0,82700,41027,10998,44,
0,82800,41054,11029,44,
0,82900,41106,11040,44,
0,83000,41151,11060,44,
0,83100,41198,11081,44,
0,83200,41243,11102,44,
0,83300,41288,11112,44,
0,83400,41320,11141,44,
0,83500,41371,11155,44,
0,83600,41432,11160,44,
0,83700,41503,11162,44,
0,83800,41529,11196,44,
0,83900,41579,11216,44,
0,84000,41620,11225,44,
0,84100,41647,11255,44,
0,84200,41706,11268,44,
0,84300,41757,11270,44,
0,84400,41814,11271,44,
0,84500,41861,11292,44,
0,84600,41920,11298,44,
0,84700,41987,11299,44,
0,84800,42020,11326,44,
0,84900,42049,11362,44,
0,85000,42102,11374,44,
0,85100,42143,11395,44,
0,85200,42195,11401,44,
0,85300,42246,11416,44,
0,85400,42287,11428,44,
0,85500,42349,11433,44,
0,85600,42408,11439,44,
0,85700,42463,11451,44,
0,85800,42507,11466,44,
0,85900,42530,11496,44,
0,86000,42565,11516,44,
0,86100,42616,11527,44,
0,86200,42677,11531,44,
0,86300,42740,11540,44,
0,86400,42789,11548,44,
