0,100,38,9,0,
0,200,91,15,0,
0,300,146,24,0,
0,400,194,44,0,
0,500,247,51,0,
0,600,308,52,0,
0,700,363,53,0,
0,800,396,86,0,
0,900,435,111,0,
0,1000,482,121,0,
0,1100,524,142,0,
0,1200,550,174,0,
0,1300,596,195,0,
0,1400,650,204,0,
0,1500,713,209,0,
0,1600,777,215,0,
0,1700,830,224,0,
0,1800,871,244,0,
0,1900,901,264,0,
0,2000,948,279,0,
0,2100,1007,293,0,
0,2200,1046,323,0,
0,2300,1074,354,0,
0,2400,1130,359,0,
0,2500,1196,360,0,
0,2600,1221,390,0,
0,2700,1277,395,0,
0,2800,1335,396,0,
0,2900,1364,429,0,
0,3000,1397,454,0,
0,3100,1449,463,0,
0,3200,1491,484,0,
0,3300,1518,517,0,
0,3400,1572,528,0,
0,3500,1621,539,0,
0,3600,1682,549,0,
0,3700,1715,579,0,
0,3800,1769,588,3,
0,3900,1834,592,3,
0,4000,1888,602,3,
0,4100,1933,626,3,
0,4200,1984,639,3,
0,4300,2047,644,3,
0,4400,2104,658,3,
0,4500,2159,665,3,
0,4600,2222,666,3,
0,4700,2271,679,3,
0,4800,2338,686,3,
0,4900,2402,692,3,
0,5000,2466,698,3,
0,5100,2526,702,3,
0,5200,2575,714,3,
0,5300,2620,735,3,
0,5400,2666,748,3,
0,5500,2733,754,3,
0,5600,2788,755,3,
0,5700,2833,779,3,
0,5800,2870,806,3,
0,5900,2928,811,3,
0,6000,2997,812,3,
0,6100,3047,818,3,
0,6200,3094,837,3,
0,6300,3141,848,5,
0,6400,3169,883,5,
0,6500,3230,887,5,
0,6600,3276,900,5,
0,6700,3314,919,5,
0,6800,3371,922,5,
0,6900,3415,941,5,
0,7000,3455,951,5,
0,7100,3488,983,5,
0,7200,3521,1012,5,
0,7300,3575,1021,5,
0,7400,3642,1025,5,
0,7500,3669,1054,5,
0,7600,3712,1075,5,
0,7700,3762,1083,5,
0,7800,3789,1113,5,
0,7900,3817,1147,5,
0,8000,3867,1156,5,
0,8100,3906,1172,5,
0,8200,3931,1207,5,
0,8300,3994,1211,5,
0,8400,4048,1212,5,
0,8500,4074,1247,5,
0,8600,4134,1249,5,
0,8700,4174,1261,5,
0,8800,4212,1285,5,
0,8900,4267,1290,5,
0,9000,4334,1292,5,
0,9100,4386,1293,5,
0,9200,4449,1310,5,
0,9300,4479,1341,5,
0,9400,4533,1350,5,
0,9500,4573,1370,5,
0,9600,4628,1382,5,
0,9700,4671,1401,5,
0,9800,4723,1405,5,
0,9900,4757,1436,5,
0,10000,4817,1441,7,
0,10100,4872,1447,7,
0,10200,4941,1449,7,
0,10300,4999,1453,7,
0,10400,5064,1454,7,
0,10500,5124,1455,7,
0,10600,5163,1481,7,
0,10700,5193,1511,7,
0,10800,5254,1512,7,
0,10900,5321,1513,7,
0,11000,5343,1543,7,
0,11100,5399,1546,7,
0,11200,5471,1547,7,
0,11300,5506,1575,7,
0,11400,5571,1578,7,
0,11500,5620,1579,7,
0,11600,5675,1596,7,
0,11700,5719,1612,7,
0,11800,5778,1628,7,
0,11900,5824,1640,7,
0,12000,5864,1672,7,
0,12100,5894,1702,7,
0,12200,5947,1710,7,
0,12300,6018,1711,7,
0,12400,6070,1718,7,
0,12500,6121,1738,7,
0,12600,6165,1750,7,
0,12700,6198,1781,7,
0,12800,6234,1814,7,
0,12900,6277,1824,7,
0,13000,6321,1846,7,
0,13100,6343,1878,7,
0,13200,6379,1897,7,
0,13300,6425,1906,7,
0,13400,6452,1935,7,
0,13500,6520,1938,7,
0,13600,6574,1940,7,
0,13700,6634,1950,7,
0,13800,6685,1954,7,
0,13900,6745,1959,7,
0,14000,6793,1960,7,
0,14100,6826,1992,7,
0,14200,6861,2022,7,
0,14300,6914,2026,7,
0,14400,6982,2027,7,
0,14500,7004,2062,7,
0,14600,7054,2075,7,
0,14700,7115,2077,7,
0,14800,7150,2109,7,
0,14900,7180,2141,7,
0,15000,7238,2143,7,
0,15100,7304,2144,7,
0,15200,7335,2178,7,
0,15300,7384,2199,7,
0,15400,7435,2209,7,
0,15500,7460,2236,7,
0,15600,7517,2239,7,
0,15700,7556,2249,7,
0,15800,7592,2271,7,
0,15900,7629,2293,7,
0,16000,7688,2307,7,
0,16100,7732,2320,7,
0,16200,7777,2344,7,
0,16300,7844,2346,7,
0,16400,7903,2348,7,
0,16500,7969,2350,7,
0,16600,8023,2360,7,
0,16700,8073,2383,7,
0,16800,8130,2394,7,
0,16900,8184,2403,7,
0,17000,8220,2432,7,
0,17100,8269,2443,7,
0,17200,8313,2468,7,
0,17300,8334,2507,7,
0,17400,8389,2515,7,
0,17500,8450,2519,7,
0,17600,8489,2548,7,
0,17700,8520,2580,7,
0,17800,8570,2591,7,
0,17900,8614,2612,7,
0,18000,8639,2643,7,
0,18100,8688,2659,7,
0,18200,8734,2670,7,
0,18300,8784,2691,7,
0,18400,8810,2725,7,
0,18500,8872,2729,7,
0,18600,8933,2730,7,
0,18700,8960,2763,7,
0,18800,8998,2784,7,
0,18900,9047,2795,7,
0,19000,9104,2800,7,
0,19100,9137,2831,7,
0,19200,9191,2841,7,
0,19300,9231,2868,7,
0,19400,9289,2875,7,
0,19500,9338,2893,7,
0,19600,9385,2903,7,
0,19700,9446,2909,7,
0,19800,9506,2913,7,
0,19900,9560,2919,7,
0,20000,9623,2920,7,
0,20100,9655,2957,7,
0,20200,9697,2981,7,
0,20300,9746,2986,7,
0,20400,9784,3016,7,
0,20500,9849,3022,7,
0,20600,9910,3026,7,
0,20700,9974,3028,7,
0,20800,10002,3057,7,
0,20900,10058,3071,7,
0,21000,10109,3074,10,
0,21100,10171,3081,10,
0,21200,10233,3087,10,
0,21300,10278,3096,10,
0,21400,10327,3118,10,
0,21500,10350,3147,10,
0,21600,10407,3168,10,
0,21700,10453,3180,10,
0,21800,10498,3200,10,
0,21900,10562,3211,10,
0,22000,10607,3218,10,
0,22100,10671,3220,10,
0,22200,10710,3238,10,
0,22300,10762,3259,10,
0,22400,10833,3266,10,
0,22500,10898,3270,10,
0,22600,10956,3272,10,
0,22700,11009,3283,10,
0,22800,11049,3304,10,
0,22900,11106,3309,10,
0,23000,11176,3310,10,
0,23100,11230,3311,10,
0,23200,11289,3318,10,
0,23300,11327,3347,10,
0,23400,11375,3357,10,
0,23500,11420,3378,10,
0,23600,11450,3411,10,
0,23700,11514,3428,10,
0,23800,11554,3441,10,
0,23900,11596,3470,10,
0,24000,11626,3503,10,
0,24100,11675,3514,10,
0,24200,11728,3529,10,
0,24300,11757,3561,10,
0,24400,11797,3579,10,
0,24500,11844,3589,10,
0,24600,11877,3618,10,
0,24700,11907,3651,10,
0,24800,11954,3660,10,
0,24900,11989,3682,10,
0,25000,12046,3687,10,
0,25100,12109,3688,10,
0,25200,12175,3690,10,
0,25300,12232,3695,10,
0,25400,12262,3724,10,
0,25500,12322,3728,10,
0,25600,12385,3729,10,
0,25700,12412,3761,10,
0,25800,12461,3785,10,
0,25900,12516,3795,10,
0,26000,12555,3824,10,
0,26100,12620,3827,10,
0,26200,12661,3839,10,
0,26300,12709,3859,10,
0,26400,12753,3876,10,
0,26500,12804,3895,10,
0,26600,12857,3896,10,
0,26700,12914,3902,10,
0,26800,12962,3922,10,
0,26900,13021,3925,10,
0,27000,13091,3926,10,
0,27100,13132,3951,10,
0,27200,13172,3974,10,
0,27300,13223,3984,10,
0,27400,13263,4008,10,
0,27500,13324,4012,10,
0,27600,13367,4023,10,
0,27700,13409,4043,10,
0,27800,13428,4075,10,
0,27900,13464,4094,10,
0,28000,13511,4105,10,
0,28100,13577,4113,10,
0,28200,13608,4143,10,
0,28300,13668,4147,10,
0,28400,13729,4148,10,
0,28500,13780,4155,10,
0,28600,13844,4158,10,
0,28700,13902,4159,10,
0,28800,13964,4163,10,
0,28900,13998,4194,10,
0,29000,14059,4200,10,
0,29100,14124,4203,10,
0,29200,14152,4223,10,
0,29300,14192,4242,10,
0,29400,14248,4253,10,
0,29500,14280,4287,10,
0,29600,14310,4319,10,
0,29700,14360,4327,10,
0,29800,14404,4344,10,
0,29900,14427,4379,10,
0,30000,14470,4394,12,
0,30100,14527,4396,12,
0,30200,14584,4404,12,
0,30300,14615,4433,12,
0,30400,14669,4440,12,
0,30500,14713,4466,12,
0,30600,14733,4498,12,
0,30700,14786,4500,12,
0,30800,14851,4501,12,
0,30900,14882,4535,12,
0,31000,14915,4567,12,
0,31100,14961,4575,12,
0,31200,15002,4597,12,
0,31300,15026,4626,12,
0,31400,15070,4644,12,
0,31500,15118,4654,12,
0,31600,15153,4685,12,
0,31700,15180,4723,12,
0,31800,15227,4732,12,
0,31900,15273,4753,12,
0,32000,15329,4757,12,
0,32100,15398,4758,12,
0,32200,15449,4766,12,
0,32300,15482,4795,12,
0,32400,15517,4824,12,
0,32500,15573,4831,12,
0,32600,15636,4834,12,
0,32700,15689,4836,12,
0,32800,15749,4837,12,
0,32900,15802,4838,12,
0,33000,15859,4840,12,
0,33100,15910,4842,12,
0,33200,15953,4854,12,
0,33300,16001,4869,12,
0,33400,16053,4875,12,
0,33500,16093,4896,12,
0,33600,16136,4906,12,
0,33700,16187,4918,12,
0,33800,16218,4950,12,
0,33900,16266,4954,12,
0,34000,16331,4955,12,
0,34100,16354,4984,12,
0,34200,16396,5006,12,
0,34300,16437,5016,12,
0,34400,16472,5047,12,
0,34500,16529,5050,12,
0,34600,16590,5053,12,
0,34700,16651,5054,14,
0,34800,16704,5059,14,
0,34900,16763,5063,14,
0,35000,16823,5064,14,
0,35100,16882,5070,14,
0,35200,16938,5080,14,
0,35300,16993,5092,14,
0,35400,17037,5118,14,
0,35500,17090,5123,14,
0,35600,17147,5128,14,
0,35700,17202,5129,14,
0,35800,17232,5165,14,
0,35900,17260,5193,14,
0,36000,17306,5202,14,
0,36100,17344,5225,14,
0,36200,17374,5254,14,
0,36300,17426,5268,14,
0,36400,17484,5269,14,
0,36500,17537,5278,14,
0,36600,17578,5312,14,
0,36700,17626,5322,14,
0,36800,17665,5345,14,
0,36900,17693,5381,14,
0,37000,17737,5398,14,
0,37100,17797,5401,14,
0,37200,17829,5431,14,
0,37300,17872,5456,14,
0,37400,17917,5466,14,
0,37500,17958,5488,14,
0,37600,18001,5507,14,
0,37700,18046,5531,14,
0,37800,18088,5543,14,
0,37900,18152,5556,14,
0,38000,18185,5586,14,
0,38100,18243,5593,14,
0,38200,18303,5594,14,
0,38300,18324,5624,14,
0,38400,18366,5641,14,
0,38500,18417,5649,14,
0,38600,18476,5657,14,
0,38700,18537,5660,14,
0,38800,18586,5663,14,
0,38900,18650,5664,14,
0,39000,18706,5669,14,
0,39100,18748,5691,14,
0,39200,18800,5694,14,
0,39300,18831,5725,14,
0,39400,18880,5745,14,
0,39500,18932,5755,14,
0,39600,18971,5780,14,
0,39700,19020,5783,14,
0,39800,19073,5804,14,
0,39900,19120,5814,14,
0,40000,19148,5840,14,
0,40100,19193,5870,14,
0,40200,19250,5871,14,
0,40300,19312,5872,14,
0,40400,19334,5907,14,
0,40500,19374,5926,14,
0,40600,19422,5939,14,
0,40700,19444,5975,14,
0,40800,19506,5986,14,
0,40900,19571,5989,14,
0,41000,19631,5990,14,
0,41100,19656,6019,14,
0,41200,19719,6025,14,
0,41300,19776,6030,14,
0,41400,19805,6059,14,
0,41500,19868,6062,14,
0,41600,19922,6065,14,
0,41700,19989,6066,14,
0,41800,20010,6099,14,
0,41900,20065,6105,14,
0,42000,20121,6106,14,
0,42100,20183,6112,14,
0,42200,20204,6148,14,
0,42300,20258,6151,14,
0,42400,20326,6152,14,
0,42500,20382,6157,14,
0,42600,20442,6166,14,
0,42700,20506,6167,14,
0,42800,20542,6202,14,
0,42900,20604,6208,14,
0,43000,20680,6211,14,
0,43100,20748,6212,14,
0,43200,20775,6241,14,
0,43300,20841,6243,14,
0,43400,20895,6248,14,
0,43500,20961,6252,14,
0,43600,21025,6256,14,
0,43700,21076,6264,14,
0,43800,21117,6286,14,
0,43900,21144,6318,14,
0,44000,21191,6339,14,
0,44100,21237,6349,14,
0,44200,21295,6360,14,
0,44300,21354,6362,14,
0,44400,21400,6371,14,
0,44500,21435,6396,14,
0,44600,21455,6430,14,
0,44700,21519,6432,14,
0,44800,21581,6433,14,
0,44900,21619,6462,14,
0,45000,21681,6466,14,
0,45100,21730,6475,14,
0,45200,21770,6499,14,
0,45300,21826,6506,14,
0,45400,21887,6513,14,
0,45500,21932,6525,14,
0,45600,21988,6531,14,
0,45700,22047,6542,14,
0,45800,22101,6551,14,
0,45900,22149,6573,14,
0,46000,22167,6607,14,
0,46100,22228,6610,14,
0,46200,22284,6611,14,
0,46300,22317,6640,14,
0,46400,22374,6648,14,
0,46500,22423,6658,14,
0,46600,22466,6680,14,
0,46700,22509,6693,14,
0,46800,22553,6716,14,
0,46900,22602,6729,14,
0,47000,22665,6731,14,
0,47100,22698,6763,14,
0,47200,22753,6774,14,
0,47300,22792,6795,14,
0,47400,22850,6797,14,
0,47500,22916,6799,14,
0,47600,22981,6800,14,
0,47700,23016,6831,14,
0,47800,23051,6862,14,
0,47900,23102,6870,14,
0,48000,23142,6890,14,
0,48100,23192,6901,14,
0,48200,23240,6922,14,
0,48300,23295,6928,14,
0,48400,23324,6959,14,
0,48500,23384,6967,14,
0,48600,23436,6974,14,
0,48700,23502,6975,14,
0,48800,23547,6987,14,
0,48900,23604,6995,14,
0,49000,23665,6996,14,
0,49100,23726,7003,14,
0,49200,23760,7031,14,
0,49300,23826,7034,14,
0,49400,23893,7035,14,
0,49500,23925,7061,14,
0,49600,23973,7079,14,
0,49700,24023,7089,14,
0,49800,24082,7091,14,
0,49900,24117,7125,14,
0,50000,24171,7133,14,
0,50100,24218,7153,14,
0,50200,24247,7186,14,
0,50300,24286,7206,14,
0,50400,24331,7219,14,
0,50500,24394,7226,14,
0,50600,24460,7234,14,
0,50700,24510,7245,14,
0,50800,24547,7265,14,
0,50900,24601,7270,14,
0,51000,24645,7295,14,
0,51100,24696,7306,14,
0,51200,24721,7336,14,
0,51300,24783,7342,14,
0,51400,24842,7345,14,
0,51500,24903,7346,14,
0,51600,24925,7374,14,
0,51700,24972,7392,14,
0,51800,25026,7393,14,
0,51900,25063,7424,14,
0,52000,25104,7454,14,
0,52100,25153,7463,14,
0,52200,25198,7486,14,
0,52300,25258,7495,14,
0,52400,25315,7498,14,
0,52500,25379,7499,14,
0,52600,25411,7532,14,
0,52700,25440,7560,14,
0,52800,25484,7569,14,
0,52900,25522,7593,14,
0,53000,25574,7598,14,
0,53100,25621,7614,14,
0,53200,25669,7625,14,
0,53300,25725,7633,14,
0,53400,25770,7660,14,
0,53500,25822,7664,14,
0,53600,25885,7665,14,
0,53700,25910,7699,14,
0,53800,25956,7721,14,
0,53900,26004,7732,14,
0,54000,26069,7749,14,
0,54100,26121,7757,14,
0,54200,26168,7768,14,
0,54300,26212,7793,14,
0,54400,26267,7798,14,
0,54500,26312,7818,14,
0,54600,26372,7830,14,
0,54700,26430,7838,14,
0,54800,26486,7840,14,
0,54900,26540,7845,14,
0,55000,26610,7846,14,
0,55100,26631,7878,14,
0,55200,26675,7898,14,
0,55300,26727,7906,14,
0,55400,26786,7908,14,
0,55500,26818,7938,14,
0,55600,26864,7947,14,
0,55700,26911,7967,14,
0,55800,26945,7997,14,
0,55900,27001,8003,14,
0,56000,27046,8016,14,
0,56100,27076,8047,14,
0,56200,27107,8076,14,
0,56300,27156,8086,14,
0,56400,27195,8108,14,
0,56500,27247,8113,14,
0,56600,27308,8116,14,
0,56700,27371,8117,14,
0,56800,27436,8122,14,
0,56900,27469,8151,14,
0,57000,27522,8158,14,
0,57100,27585,8169,14,
0,57200,27612,8199,14,
0,57300,27650,8222,14,
0,57400,27695,8234,14,
0,57500,27724,8267,14,
0,57600,27780,8273,14,
0,57700,27823,8282,14,
0,57800,27862,8310,14,
0,57900,27879,8341,14,
0,58000,27944,8345,14,
0,58100,28008,8346,14,
0,58200,28072,8348,14,
0,58300,28114,8375,14,
0,58400,28167,8385,14,
0,58500,28239,8386,14,
0,58600,28270,8413,14,
0,58700,28314,8434,14,
0,58800,28365,8443,14,
0,58900,28398,8475,14,
0,59000,28425,8507,14,
0,59100,28479,8513,14,
0,59200,28544,8514,14,
0,59300,28591,8517,14,
0,59400,28655,8519,14,
0,59500,28716,8521,14,
0,59600,28770,8538,14,
0,59700,28835,8543,14,
0,59800,28882,8548,14,
0,59900,28956,8550,14,
0,60000,29009,8553,14,
0,60100,29067,8559,14,
0,60200,29122,8561,14,
0,60300,29177,8564,14,
0,60400,29212,8595,14,
0,60500,29268,8601,14,
0,60600,29329,8602,14,
0,60700,29387,8606,14,
0,60800,29449,8607,14,
0,60900,29500,8608,14,
0,61000,29559,8612,14,
0,61100,29590,8643,14,
0,61200,29661,8646,14,
0,61300,29731,8647,14,
0,61400,29784,8654,14,
0,61500,29819,8676,14,
0,61600,29869,8687,14,
0,61700,29893,8722,16,
0,61800,29946,8729,16,
0,61900,29996,8738,16,
0,62000,30039,8759,16,
0,62100,30063,8791,16,
0,62200,30107,8812,16,
0,62300,30157,8822,16,
0,62400,30200,8849,19,
0,62500,30238,8879,19,
0,62600,30293,8884,19,
0,62700,30349,8908,19,
0,62800,30382,8940,19,
0,62900,30445,8941,19,
0,63000,30507,8942,19,
0,63100,30565,8947,19,
0,63200,30615,8964,19,
0,63300,30666,8970,19,
0,63400,30702,8996,19,
0,63500,30721,9026,19,
0,63600,30772,9040,19,
0,63700,30815,9052,19,
0,63800,30877,9059,19,
0,63900,30945,9074,19,
0,64000,30992,9080,19,
0,64100,31056,9087,19,
0,64200,31106,9114,19,
0,64300,31160,9123,19,
0,64400,31223,9124,19,
0,64500,31250,9158,19,
0,64600,31310,9168,19,
0,64700,31359,9178,19,
0,64800,31400,9203,19,
0,64900,31448,9210,19,
0,65000,31508,9214,19,
0,65100,31561,9216,19,
0,65200,31594,9249,19,
0,65300,31651,9261,19,
0,65400,31706,9265,19,
0,65500,31770,9267,19,
0,65600,31824,9279,19,
0,65700,31888,9281,19,
0,65800,31954,9282,19,
0,65900,31985,9313,19,
0,66000,32040,9317,19,
0,66100,32106,9323,19,
0,66200,32172,9324,19,
0,66300,32219,9326,19,
0,66400,32287,9331,19,
0,66500,32344,9332,19,
0,66600,32382,9365,19,
0,66700,32408,9396,19,
0,66800,32459,9406,19,
0,66900,32498,9433,19,
0,67000,32520,9467,19,
0,67100,32581,9471,19,
0,67200,32642,9473,19,
0,67300,32683,9505,19,
0,67400,32739,9507,19,
0,67500,32783,9517,19,
0,67600,32827,9541,19,
0,67700,32856,9573,19,
0,67800,32899,9596,19,
0,67900,32950,9606,19,
0,68000,33010,9610,19,
0,68100,33070,9614,19,
0,68200,33126,9624,19,
0,68300,33185,9632,19,
0,68400,33213,9664,19,
0,68500,33257,9687,19,
0,68600,33310,9697,19,
0,68700,33347,9722,19,
0,68800,33412,9726,19,
0,68900,33462,9737,19,
0,69000,33501,9761,19,
0,69100,33533,9795,19,
0,69200,33587,9817,19,
0,69300,33629,9829,19,
0,69400,33661,9859,19,
0,69500,33693,9889,19,
0,69600,33742,9894,19,
0,69700,33805,9897,19,
0,69800,33830,9927,19,
0,69900,33878,9945,19,
0,70000,33923,9955,19,
0,70100,33978,9962,19,
0,70200,34004,9995,19,
0,70300,34062,10006,19,
0,70400,34099,10029,19,
0,70500,34143,10036,19,
0,70600,34205,10039,19,
0,70700,34261,10040,19,
0,70800,34320,10048,19,
0,70900,34351,10077,19,
0,71000,34414,10085,19,
0,71100,34458,10105,19,
0,71200,34491,10138,19,
0,71300,34554,10143,19,
0,71400,34610,10146,19,
0,71500,34647,10177,19,
0,71600,34689,10202,19,
0,71700,34749,10204,19,
0,71800,34820,10205,19,
0,71900,34874,10208,19,
0,72000,34916,10231,19,
0,72100,34960,10242,19,
0,72200,35016,10253,19,
0,72300,35072,10266,19,
0,72400,35123,10275,19,
0,72500,35162,10296,19,
0,72600,35215,10300,19,
0,72700,35283,10304,19,
0,72800,35343,10306,19,
0,72900,35412,10311,19,
0,73000,35467,10318,19,
0,73100,35517,10329,19,
0,73200,35559,10345,19,
0,73300,35585,10377,19,
0,73400,35639,10398,19,
0,73500,35684,10408,19,
0,73600,35720,10437,19,
0,73700,35749,10468,19,
0,73800,35805,10472,19,
0,73900,35869,10474,19,
0,74000,35928,10476,19,
0,74100,35988,10480,19,
0,74200,36054,10481,19,
0,74300,36119,10485,19,
0,74400,36178,10487,19,
0,74500,36229,10493,19,
0,74600,36267,10515,19,
0,74700,36295,10549,19,
0,74800,36362,10553,19,
0,74900,36421,10555,19,
0,75000,36448,10589,19,
0,75100,36482,10620,19,
0,75200,36527,10628,19,
0,75300,36572,10651,19,
0,75400,36596,10684,19,
0,75500,36635,10706,19,
0,75600,36676,10716,19,
0,75700,36736,10719,19,
0,75800,36765,10755,19,
0,75900,36820,10764,19,
0,76000,36867,10781,19,
0,76100,36909,10808,19,
0,76200,36975,10817,19,
0,76300,37041,10819,19,
0,76400,37104,10825,19,
0,76500,37162,10828,19,
0,76600,37203,10839,19,
0,76700,37244,10856,19,
0,76800,37282,10880,19,
0,76900,37321,10900,19,
0,77000,37371,10908,19,
0,77100,37428,10918,19,
0,77200,37454,10949,19,
0,77300,37516,10955,19,
0,77400,37587,10964,19,
0,77500,37617,10991,19,
0,77600,37674,10996,19,
0,77700,37729,10998,19,
0,77800,37786,11002,19,
0,77900,37812,11033,19,
0,78000,37870,11044,19,
0,78100,37911,11068,19,
0,78200,37929,11102,19,
0,78300,37970,11124,19,
0,78400,38019,11133,19,
0,78500,38048,11165,19,
0,78600,38112,11171,19,
0,78700,38170,11181,19,
0,78800,38234,11185,19,
0,78900,38285,11189,19,
0,79000,38354,11191,19,
0,79100,38414,11192,19,
0,79200,38442,11227,19,
0,79300,38499,11234,19,
0,79400,38546,11244,19,
0,79500,38589,11261,19,
0,79600,38646,11267,19,
0,79700,38707,11273,19,
0,79800,38770,11274,19,
0,79900,38832,11282,19,
0,80000,38861,11312,19,
0,80100,38911,11321,19,
0,80200,38950,11341,19,
0,80300,38980,11375,19,
0,80400,39028,11395,19,
0,80500,39069,11406,19,
0,80600,39132,11412,19,
0,80700,39190,11415,19,
0,80800,39245,11426,19,
0,80900,39289,11452,19,
0,81000,39337,11472,19,
0,81100,39381,11493,19,
0,81200,39435,11504,19,
0,81300,39467,11536,19,
0,81400,39532,11541,19,
0,81500,39584,11550,19,
0,81600,39629,11576,19,
0,81700,39685,11595,19,
0,81800,39744,11598,19,
0,81900,39800,11599,19,
0,82000,39862,11603,19,
0,82100,39892,11638,19,
0,82200,39952,11640,19,
0,82300,40002,11653,19,
0,82400,40029,11683,19,
0,82500,40084,11685,19,
0,82600,40141,11686,19,
0,82700,40194,11707,19,
0,82800,40229,11737,19,
0,82900,40275,11747,19,
0,83000,40320,11767,19,
0,83100,40347,11798,19,
0,83200,40411,11801,19,
0,83300,40461,11804,19,
0,83400,40493,11840,19,
0,83500,40534,11864,19,
0,83600,40594,11866,19,
0,83700,40655,11867,19,
0,83800,40710,11871,19,
0,83900,40774,11877,19,
0,84000,40840,11878,19,
0,84100,40866,11914,19,
0,84200,40914,11927,19,
0,84300,40970,11932,19,
0,84400,41031,11937,19,
0,84500,41058,11964,19,
0,84600,41117,11966,19,
0,84700,41169,11968,19,
0,84800,41202,11996,19,
0,84900,41263,12000,19,
0,85000,41320,12010,19,
0,85100,41378,12013,19,
0,85200,41429,12022,19,
0,85300,41498,12028,19,
0,85400,41566,12029,19,
0,85500,41606,12060,19,
0,85600,41636,12088,19,
0,85700,41690,12097,19,
0,85800,41761,12098,19,
0,85900,41790,12131,19,
0,86000,41838,12152,19,
0,86100,41880,12160,19,
0,86200,41935,12168,19,
0,86300,41993,12170,19,
0,86400,42046,12178,19,
