0,100,40,9,0,
0,200,99,17,0,
0,300,143,28,0,
0,400,181,52,0,
0,500,231,55,0,
0,600,277,75,0,
0,700,320,87,0,
0,800,384,90,0,
0,900,444,93,0,
0,1000,494,98,0,
0,1100,538,118,0,
0,1200,592,122,0,
0,1300,638,144,0,
0,1400,687,155,0,
0,1500,754,160,0,
0,1600,781,191,0,
0,1700,834,204,0,
0,1800,884,226,0,
0,1900,905,261,0,
0,2000,963,268,0,
0,2100,1021,269,0,
0,2200,1085,276,0,
0,2300,1111,309,0,
0,2400,1170,313,0,
0,2500,1246,314,0,
0,2600,1296,318,0,
0,2700,1355,333,0,
0,2800,1405,334,0,
0,2900,1470,336,0,
0,3000,1531,337,0,
0,3100,1577,344,0,
0,3200,1644,347,0,
0,3300,1665,373,0,
0,3400,1729,382,0,
0,3500,1780,384,0,
0,3600,1843,389,0,
0,3700,1872,420,0,
0,3800,1919,425,0,
0,3900,1983,429,0,
0,4000,2016,451,0,
0,4100,2083,456,0,
0,4200,2144,460,0,
0,4300,2175,492,0,
0,4400,2238,501,0,
0,4500,2294,513,0,
0,4600,2333,530,0,
0,4700,2364,556,0,
0,4800,2406,577,0,
0,4900,2450,587,0,
0,5000,2478,617,0,
0,5100,2531,628,0,
0,5200,2585,638,0,
0,5300,2629,662,0,
0,5400,2685,672,0,
0,5500,2729,692,0,
0,5600,2779,701,0,
0,5700,2805,732,0,
0,5800,2857,744,2,
0,5900,2898,757,5,
0,6000,2946,773,5,
0,6100,2964,806,5,
0,6200,3001,832,5,
0,6300,3051,843,5,
0,6400,3112,847,5,
0,6500,3172,851,5,
0,6600,3218,861,5,
0,6700,3263,883,5,
0,6800,3279,916,5,
0,6900,3318,935,5,
0,7000,3366,944,5,
0,7100,3420,968,7,
0,7200,3454,997,7,
0,7300,3499,1007,7,
0,7400,3541,1027,7,
0,7500,3587,1041,7,
0,7600,3636,1062,7,
0,7700,3682,1073,7,
0,7800,3728,1090,7,
0,7900,3795,1094,7,
0,8000,3854,1101,7,
0,8100,3918,1107,7,
0,8200,3946,1138,7,
0,8300,3998,1159,7,
0,8400,4052,1170,7,
0,8500,4084,1200,7,
0,8600,4105,1234,7,
0,8700,4164,1243,7,
0,8800,4228,1244,7,
0,8900,4277,1247,7,
0,9000,4319,1269,7,
0,9100,4375,1271,7,
0,9200,4410,1302,7,
0,9300,4436,1338,7,
0,9400,4486,1341,7,
0,9500,4547,1343,7,
0,9600,4596,1354,7,
0,9700,4656,1355,7,
0,9800,4709,1356,7,
0,9900,4737,1385,7,
0,10000,4765,1420,7,
0,10100,4829,1422,7,
0,10200,4888,1423,7,
0,10300,4944,1425,7,
0,10400,4985,1447,7,
0,10500,5032,1455,7,
0,10600,5068,1488,7,
0,10700,5125,1499,7,
0,10800,5185,1508,9,
0,10900,5231,1528,9,
0,11000,5271,1558,9,
0,11100,5344,1560,9,
0,11200,5406,1561,9,
0,11300,5462,1567,9,
0,11400,5491,1596,9,
0,11500,5547,1605,9,
0,11600,5589,1628,9,
0,11700,5646,1637,9,
0,11800,5706,1646,9,
0,11900,5757,1654,9,
0,12000,5817,1659,9,
0,12100,5843,1693,9,
0,12200,5897,1704,9,
0,12300,5956,1725,9,
0,12400,5980,1753,9,
0,12500,6020,1771,9,
0,12600,6072,1781,9,
0,12700,6100,1816,9,
0,12800,6134,1849,9,
0,12900,6184,1852,9,
0,13000,6247,1857,9,
0,13100,6288,1886,9,
0,13200,6349,1892,9,
0,13300,6405,1893,9,
0,13400,6469,1904,9,
0,13500,6497,1936,9,
0,13600,6558,1939,9,
0,13700,6628,1940,9,
0,13800,6648,1969,9,
0,13900,6703,1979,11,
0,14000,6746,1990,11,
0,14100,6773,2020,11,
0,14200,6833,2024,11,
0,14300,6887,2035,11,
0,14400,6927,2057,11,
0,14500,6976,2066,11,
0,14600,7039,2068,11,
0,14700,7096,2069,11,
0,14800,7166,2071,11,
0,14900,7207,2097,11,
0,15000,7275,2106,11,
0,15100,7338,2107,11,
0,15200,7372,2138,11,
0,15300,7417,2158,11,
0,15400,7462,2168,11,
0,15500,7524,2172,11,
0,15600,7555,2201,11,
0,15700,7614,2205,11,
0,15800,7680,2206,11,
0,15900,7733,2216,11,
0,16000,7780,2233,11,
0,16100,7830,2235,11,
0,16200,7885,2238,11,
0,16300,7949,2246,11,
0,16400,8005,2250,11,
0,16500,8061,2252,11,
0,16600,8112,2260,11,
0,16700,8157,2279,11,
0,16800,8214,2288,11,
0,16900,8247,2315,11,
0,17000,8284,2350,11,
0,17100,8336,2359,11,
0,17200,8372,2383,11,
0,17300,8395,2410,11,
0,17400,8462,2416,11,
0,17500,8512,2417,11,
0,17600,8541,2448,11,
0,17700,8567,2476,11,
0,17800,8624,2481,11,
0,17900,8690,2482,11,
0,18000,8719,2515,11,
0,18100,8776,2520,11,
0,18200,8837,2521,11,
0,18300,8898,2525,11,
0,18400,8957,2528,11,
0,18500,9009,2531,11,
0,18600,9061,2549,11,
0,18700,9084,2582,11,
0,18800,9143,2591,11,
0,18900,9197,2592,11,
0,19000,9262,2596,11,
0,19100,9323,2602,11,
0,19200,9376,2611,11,
0,19300,9413,2632,11,
0,19400,9464,2637,11,
0,19500,9520,2653,11,
0,19600,9562,2661,11,
0,19700,9594,2693,11,
0,19800,9660,2698,11,
0,19900,9706,2707,11,
0,20000,9761,2725,11,
0,20100,9784,2758,11,
0,20200,9845,2767,11,
0,20300,9905,2768,11,
0,20400,9951,2793,11,
0,20500,9979,2826,11,
0,20600,10037,2837,11,
0,20700,10072,2861,13,
0,20800,10120,2872,13,
0,20900,10174,2890,13,
0,21000,10222,2901,13,
0,21100,10258,2941,13,
0,21200,10285,2972,13,
0,21300,10336,2982,13,
0,21400,10380,3004,13,
0,21500,10405,3038,13,
0,21600,10451,3058,13,
0,21700,10499,3066,13,
0,21800,10566,3077,13,
0,21900,10612,3095,13,
0,22000,10675,3105,13,
0,22100,10738,3121,13,
0,22200,10768,3155,13,
0,22300,10804,3174,15,
0,22400,10847,3184,15,
0,22500,10904,3192,15,
0,22600,10967,3201,15,
0,22700,11025,3211,15,
0,22800,11080,3223,15,
0,22900,11134,3228,15,
0,23000,11175,3252,15,
0,23100,11230,3261,15,
0,23200,11297,3288,15,
0,23300,11343,3311,15,
0,23400,11400,3319,15,
0,23500,11460,3320,15,
0,23600,11513,3324,15,
0,23700,11570,3330,15,
0,23800,11625,3331,15,
0,23900,11667,3362,15,
0,24000,11698,3392,15,
0,24100,11746,3402,15,
0,24200,11804,3414,15,
0,24300,11833,3447,15,
0,24400,11900,3450,15,
0,24500,11958,3451,15,
0,24600,12014,3456,15,
0,24700,12053,3485,15,
0,24800,12101,3494,15,
0,24900,12149,3520,15,
0,25000,12170,3549,15,
0,25100,12223,3569,15,
0,25200,12280,3573,15,
0,25300,12344,3575,15,
0,25400,12402,3580,15,
0,25500,12462,3585,15,
0,25600,12524,3586,15,
0,25700,12552,3618,15,
0,25800,12612,3623,15,
0,25900,12670,3624,15,
0,26000,12698,3653,15,
0,26100,12729,3688,15,
0,26200,12786,3692,15,
0,26300,12847,3693,15,
0,26400,12877,3723,15,
0,26500,12933,3728,20,
0,26600,12998,3738,20,
0,26700,13024,3770,20,
0,26800,13059,3800,20,
0,26900,13116,3801,20,
0,27000,13175,3802,20,
0,27100,13235,3805,20,
0,27200,13280,3824,20,
0,27300,13328,3834,20,
0,27400,13351,3870,20,
0,27500,13387,3902,20,
0,27600,13439,3913,20,
0,27700,13481,3932,20,
0,27800,13504,3969,20,
0,27900,13572,3973,20,
0,28000,13638,3981,20,
0,28100,13707,3988,20,
0,28200,13743,4020,20,
0,28300,13786,4027,20,
0,28400,13830,4049,20,
0,28500,13858,4076,20,
0,28600,13918,4077,20,
0,28700,13974,4078,20,
0,28800,14024,4088,20,
0,28900,14088,4093,20,
0,29000,14143,4104,20,
0,29100,14177,4124,20,
0,29200,14229,4129,20,
0,29300,14295,4134,20,
0,29400,14351,4137,20,
0,29500,14416,4139,20,
0,29600,14447,4170,20,
0,29700,14492,4178,20,
0,29800,14541,4200,20,
0,29900,14559,4233,20,
0,30000,14619,4240,20,
0,30100,14671,4249,20,
0,30200,14702,4279,20,
0,30300,14769,4288,20,
0,30400,14820,4297,20,
0,30500,14874,4308,20,
0,30600,14921,4322,20,
0,30700,14969,4346,20,
0,30800,15018,4354,20,
0,30900,15077,4373,20,
0,31000,15109,4398,20,
0,31100,15171,4403,20,
0,31200,15236,4404,20,
0,31300,15258,4437,20,
0,31400,15308,4450,20,
0,31500,15357,4463,20,
0,31600,15397,4486,20,
0,31700,15437,4519,20,
0,31800,15496,4526,20,
0,31900,15552,4548,20,
0,32000,15603,4550,20,
0,32100,15668,4557,20,
0,32200,15727,4558,20,
0,32300,15782,4561,20,
0,32400,15820,4594,20,
0,32500,15882,4603,20,
0,32600,15925,4626,20,
0,32700,15953,4655,20,
0,32800,16013,4665,20,
0,32900,16069,4668,20,
0,33000,16133,4689,20,
0,33100,16195,4690,20,
0,33200,16251,4698,20,
0,33300,16288,4721,20,
0,33400,16320,4752,20,
0,33500,16375,4758,20,
0,33600,16430,4759,20,
0,33700,16467,4786,20,
0,33800,16492,4814,20,
0,33900,16538,4823,20,
0,34000,16580,4847,20,
0,34100,16626,4856,20,
0,34200,16684,4862,20,
0,34300,16741,4863,20,
0,34400,16799,4868,20,
0,34500,16837,4901,20,
0,34600,16894,4911,22,
0,34700,16934,4932,22,
0,34800,16965,4964,22,
0,34900,17010,4986,22,
0,35000,17058,4999,22,
0,35100,17093,5030,22,
0,35200,17152,5032,22,
0,35300,17216,5043,22,
0,35400,17247,5066,22,
0,35500,17302,5069,22,
0,35600,17362,5071,22,
0,35700,17416,5075,22,
0,35800,17476,5084,22,
0,35900,17508,5118,22,
0,36000,17558,5125,24,
0,36100,17595,5145,24,
0,36200,17655,5151,24,
0,36300,17692,5171,24,
0,36400,17741,5184,24,
0,36500,17804,5193,24,
0,36600,17834,5229,24,
0,36700,17891,5241,24,
0,36800,17931,5263,24,
0,36900,17980,5266,24,
0,37000,18027,5285,24,
0,37100,18071,5295,24,
0,37200,18109,5326,24,
0,37300,18137,5358,24,
0,37400,18192,5367,24,
0,37500,18240,5389,24,
0,37600,18269,5427,24,
0,37700,18321,5449,24,
0,37800,18378,5453,24,
0,37900,18407,5482,24,
0,38000,18435,5515,24,
0,38100,18488,5518,24,
0,38200,18556,5519,24,
0,38300,18607,5521,24,
0,38400,18670,5523,24,
0,38500,18725,5524,24,
0,38600,18763,5555,24,
0,38700,18823,5566,24,
0,38800,18884,5571,24,
0,38900,18945,5579,24,
0,39000,18967,5613,24,
0,39100,19010,5636,24,
0,39200,19054,5645,24,
0,39300,19117,5653,24,
0,39400,19178,5656,24,
0,39500,19232,5667,24,
0,39600,19269,5689,24,
0,39700,19325,5692,24,
0,39800,19393,5694,24,
0,39900,19442,5695,24,
0,40000,19489,5714,24,
0,40100,19526,5747,24,
0,40200,19581,5752,24,
0,40300,19664,5753,24,
0,40400,19713,5760,24,
0,40500,19776,5771,24,
0,40600,19829,5773,24,
0,40700,19889,5777,24,
0,40800,19922,5806,24,
0,40900,19965,5818,24,
0,41000,20000,5841,26,
0,41100,20024,5868,26,
0,41200,20088,5874,26,
0,41300,20144,5881,26,
0,41400,20204,5884,26,
0,41500,20259,5888,26,
0,41600,20310,5900,26,
0,41700,20355,5918,26,
0,41800,20389,5950,26,
0,41900,20443,5970,26,
0,42000,20508,5977,26,
0,42100,20571,5982,26,
0,42200,20600,6008,26,
0,42300,20654,6019,26,
0,42400,20700,6039,26,
0,42500,20725,6076,26,
0,42600,20773,6096,26,
0,42700,20824,6106,26,
0,42800,20890,6115,26,
0,42900,20919,6146,26,
0,43000,20985,6147,26,
0,43100,21057,6148,26,
0,43200,21111,6153,26,
0,43300,21174,6159,26,
0,43400,21222,6160,26,
0,43500,21284,6169,26,
0,43600,21341,6171,26,
0,43700,21395,6177,26,
0,43800,21458,6178,26,
0,43900,21509,6188,26,
0,44000,21571,6196,26,
0,44100,21622,6197,26,
0,44200,21658,6226,26,
0,44300,21715,6244,26,
0,44400,21757,6249,28,
0,44500,21824,6250,28,
0,44600,21881,6256,28,
0,44700,21921,6275,28,
0,44800,21965,6288,28,
0,44900,22029,6296,28,
0,45000,22087,6306,28,
0,45100,22139,6317,28,
0,45200,22183,6339,28,
0,45300,22208,6368,28,
0,45400,22252,6387,28,
0,45500,22293,6399,28,
0,45600,22319,6433,28,
0,45700,22366,6451,28,
0,45800,22421,6458,28,
0,45900,22483,6461,28,
0,46000,22536,6464,28,
0,46100,22581,6488,28,
0,46200,22629,6500,28,
0,46300,22686,6506,28,
0,46400,22712,6539,28,
0,46500,22769,6544,28,
0,46600,22833,6545,28,
0,46700,22882,6548,28,
0,46800,22944,6555,28,
0,46900,22996,6561,28,
0,47000,23023,6591,28,
0,47100,23056,6615,30,
0,47200,23111,6625,30,
0,47300,23157,6647,30,
0,47400,23179,6676,30,
0,47500,23222,6694,30,
0,47600,23272,6703,30,
0,47700,23295,6736,30,
0,47800,23359,6742,30,
0,47900,23409,6751,30,
0,48000,23451,6771,30,
0,48100,23510,6774,30,
0,48200,23570,6777,30,
0,48300,23625,6778,30,
0,48400,23683,6784,30,
0,48500,23744,6790,30,
0,48600,23799,6794,30,
0,48700,23866,6796,30,
0,48800,23924,6801,30,
0,48900,23978,6804,32,
0,49000,24031,6805,32,
0,49100,24061,6834,32,
0,49200,24095,6862,32,
0,49300,24152,6864,32,
0,49400,24215,6869,32,
0,49500,24267,6874,32,
0,49600,24325,6875,32,
0,49700,24386,6876,32,
0,49800,24422,6900,32,
0,49900,24466,6926,32,
0,50000,24519,6934,32,
0,50100,24556,6957,32,
0,50200,24614,6966,32,
0,50300,24654,6988,34,
0,50400,24707,7000,34,
0,50500,24763,7017,34,
0,50600,24822,7018,34,
0,50700,24872,7029,34,
0,50800,24918,7048,34,
0,50900,24952,7075,34,
0,51000,24999,7095,34,
0,51100,25042,7109,34,
0,51200,25075,7136,34,
0,51300,25099,7168,34,
0,51400,25156,7175,34,
0,51500,25197,7197,34,
0,51600,25249,7199,34,
0,51700,25297,7213,36,
0,51800,25365,7216,36,
0,51900,25425,7222,36,
0,52000,25459,7257,36,
0,52100,25519,7261,36,
0,52200,25581,7262,36,
0,52300,25632,7273,36,
0,52400,25674,7296,36,
0,52500,25729,7306,36,
0,52600,25760,7338,36,
0,52700,25813,7353,36,
0,52800,25868,7360,36,
0,52900,25910,7379,36,
0,53000,25964,7382,36,
0,53100,26022,7390,38,
0,53200,26083,7391,38,
0,53300,26121,7418,38,
0,53400,26151,7442,38,
0,53500,26202,7448,38,
0,53600,26275,7449,38,
0,53700,26325,7451,38,
0,53800,26365,7472,38,
0,53900,26406,7482,38,
0,54000,26468,7484,38,
0,54100,26512,7513,38,
0,54200,26561,7521,38,
0,54300,26625,7532,38,
0,54400,26680,7542,38,
0,54500,26737,7545,38,
0,54600,26794,7546,38,
0,54700,26818,7576,38,
0,54800,26876,7579,38,
0,54900,26923,7582,40,
0,55000,26963,7605,40,
0,55100,26989,7634,40,
0,55200,27029,7653,40,
0,55300,27075,7665,40,
0,55400,27099,7699,40,
0,55500,27157,7704,40,
0,55600,27212,7713,40,
0,55700,27266,7734,40,
0,55800,27318,7743,40,
0,55900,27358,7765,40,
0,56000,27405,7774,40,
0,56100,27472,7782,40,
0,56200,27521,7803,40,
0,56300,27573,7810,40,
0,56400,27610,7834,40,
0,56500,27634,7863,40,
0,56600,27696,7865,40,
0,56700,27753,7867,40,
0,56800,27794,7899,40,
0,56900,27853,7908,40,
0,57000,27907,7916,40,
0,57100,27973,7920,40,
0,57200,28028,7930,40,
0,57300,28091,7931,40,
0,57400,28154,7932,40,
0,57500,28189,7953,40,
0,57600,28251,7956,40,
0,57700,28306,7962,40,
0,57800,28354,7982,40,
0,57900,28406,7986,40,
0,58000,28449,8007,40,
0,58100,28501,8017,40,
0,58200,28564,8022,40,
0,58300,28624,8026,40,
0,58400,28684,8037,40,
0,58500,28754,8038,40,
0,58600,28802,8045,40,
0,58700,28860,8056,40,
0,58800,28908,8067,40,
0,58900,28946,8096,40,
0,59000,28982,8128,40,
0,59100,29025,8138,40,
0,59200,29062,8163,40,
0,59300,29103,8180,40,
0,59400,29166,8183,40,
0,59500,29222,8184,40,
0,59600,29277,8186,40,
0,59700,29312,8212,40,
0,59800,29362,8223,40,
0,59900,29396,8248,40,
0,60000,29446,8262,40,
0,60100,29489,8285,40,
0,60200,29545,8295,40,
0,60300,29567,8329,40,
0,60400,29628,8330,40,
0,60500,29678,8342,40,
0,60600,29719,8364,42,
0,60700,29746,8392,42,
0,60800,29788,8415,42,
0,60900,29852,8419,42,
0,61000,29910,8423,42,
0,61100,29937,8458,42,
0,61200,29994,8460,42,
0,61300,30054,8461,42,
0,61400,30086,8489,44,
0,61500,30149,8493,44,
0,61600,30206,8494,44,
0,61700,30269,8500,44,
0,61800,30303,8530,44,
0,61900,30351,8540,44,
0,62000,30413,8554,44,
0,62100,30441,8581,44,
0,62200,30504,8592,44,
0,62300,30555,8594,44,
0,62400,30603,8610,44,
0,62500,30630,8642,44,
0,62600,30692,8652,44,
0,62700,30750,8656,44,
0,62800,30807,8660,44,
0,62900,30866,8664,44,
0,63000,30916,8666,44,
0,63100,30943,8702,44,
0,63200,30987,8733,44,
0,63300,31040,8741,46,
0,63400,31078,8765,46,
0,63500,31095,8795,46,
0,63600,31158,8797,46,
0,63700,31214,8798,46,
0,63800,31273,8810,46,
0,63900,31308,8837,46,
0,64000,31359,8845,46,
0,64100,31397,8866,46,
0,64200,31420,8895,46,
0,64300,31463,8914,46,
0,64400,31509,8925,46,
0,64500,31547,8955,46,
0,64600,31575,8991,46,
0,64700,31629,8997,46,
0,64800,31690,9000,46,
0,64900,31713,9034,46,
0,65000,31759,9055,46,
0,65100,31805,9065,46,
0,65200,31840,9097,46,
0,65300,31901,9101,46,
0,65400,31958,9102,46,
0,65500,32023,9103,46,
0,65600,32055,9134,46,
0,65700,32115,9143,46,
0,65800,32179,9149,46,
0,65900,32239,9158,46,
0,66000,32272,9182,46,
0,66100,32327,9186,46,
0,66200,32389,9187,46,
0,66300,32444,9194,46,
0,66400,32495,9214,46,
0,66500,32549,9218,46,
0,66600,32601,9227,46,
0,66700,32662,9234,46,
0,66800,32723,9236,46,
0,66900,32784,9237,46,
0,67000,32827,9247,46,
0,67100,32893,9249,48,
0,67200,32950,9251,48,
0,67300,33003,9280,48,
0,67400,33024,9318,48,
0,67500,33077,9326,48,
0,67600,33119,9346,48,
0,67700,33156,9377,48,
0,67800,33213,9383,48,
0,67900,33273,9384,48,
0,68000,33336,9389,48,
0,68100,33394,9396,48,
0,68200,33450,9399,48,
0,68300,33515,9400,48,
0,68400,33539,9430,48,
0,68500,33601,9439,48,
0,68600,33652,9445,50,
0,68700,33704,9457,50,
0,68800,33762,9465,50,
0,68900,33817,9471,50,
0,69000,33888,9476,50,
0,69100,33927,9503,50,
0,69200,33972,9525,50,
0,69300,34026,9526,50,
0,69400,34061,9556,50,
0,69500,34125,9559,50,
0,69600,34185,9568,50,
0,69700,34249,9571,50,
0,69800,34293,9584,50,
0,69900,34337,9603,50,
0,70000,34389,9614,50,
0,70100,34416,9644,50,
0,70200,34473,9653,50,
0,70300,34522,9660,50,
0,70400,34586,9664,50,
0,70500,34639,9671,50,
0,70600,34683,9688,50,
0,70700,34734,9692,50,
0,70800,34785,9702,53,
0,70900,34835,9714,55,
0,71000,34884,9722,55,
0,71100,34936,9741,55,
0,71200,34972,9765,55,
0,71300,35029,9769,55,
0,71400,35090,9770,55,
0,71500,35130,9797,55,
0,71600,35188,9805,55,
0,71700,35231,9816,55,
0,71800,35267,9837,55,
0,71900,35324,9842,55,
0,72000,35369,9860,55,
0,72100,35424,9868,55,
0,72200,35451,9894,57,
0,72300,35496,9914,57,
0,72400,35549,9924,59,
0,72500,35588,9948,59,
0,72600,35644,9953,59,
0,72700,35703,9960,59,
0,72800,35763,9961,59,
0,72900,35827,9966,59,
0,73000,35885,9969,59,
0,73100,35938,9976,59,
0,73200,35982,9998,59,
0,73300,35998,10029,59,
0,73400,36038,10047,59,
0,73500,36084,10057,59,
0,73600,36116,10087,59,
0,73700,36153,10118,59,
0,73800,36205,10128,59,
0,73900,36245,10149,59,
0,74000,36261,10186,59,
0,74100,36316,10202,59,
0,74200,36380,10203,59,
0,74300,36434,10223,59,
0,74400,36470,10257,59,
0,74500,36530,10258,59,
0,74600,36572,10279,59,
0,74700,36628,10282,59,
0,74800,36686,10300,59,
0,74900,36730,10310,59,
0,75000,36789,10332,59,
0,75100,36817,10362,59,
0,75200,36854,10374,59,
0,75300,36904,10394,59,
0,75400,36927,10421,59,
0,75500,36975,10439,59,
0,75600,37019,10450,59,
0,75700,37067,10465,59,
0,75800,37098,10495,59,
0,75900,37152,10500,59,
0,76000,37215,10501,59,
0,76100,37270,10505,59,
0,76200,37318,10526,59,
0,76300,37377,10537,59,
0,76400,37407,10569,59,
0,76500,37436,10605,59,
0,76600,37488,10613,59,
0,76700,37525,10635,59,
0,76800,37564,10664,59,
0,76900,37625,10668,59,
0,77000,37686,10669,59,
0,77100,37726,10700,59,
0,77200,37793,10705,59,
0,77300,37852,10710,59,
0,77400,37919,10714,59,
0,77500,37951,10752,59,
0,77600,37989,10772,59,
0,77700,38036,10785,59,
0,77800,38103,10788,59,
0,77900,38133,10824,59,
0,78000,38191,10829,59,
0,78100,38258,10831,59,
0,78200,38279,10860,59,
0,78300,38337,10863,59,
0,78400,38404,10865,59,
0,78500,38440,10894,59,
0,78600,38467,10927,59,
0,78700,38522,10934,59,
0,78800,38604,10935,59,
0,78900,38656,10947,59,
0,79000,38706,10965,59,
0,79100,38751,10975,59,
0,79200,38811,10983,59,
0,79300,38880,10987,59,
0,79400,38936,10997,59,
0,79500,38976,11016,59,
0,79600,39032,11022,59,
0,79700,39076,11042,59,
0,79800,39118,11052,59,
0,79900,39151,11080,59,
0,80000,39181,11114,59,
0,80100,39229,11122,59,
0,80200,39284,11139,59,
0,80300,39338,11143,59,
0,80400,39402,11145,59,
0,80500,39454,11146,59,
0,80600,39518,11151,59,
0,80700,39578,11160,59,
0,80800,39643,11162,59,
0,80900,39701,11163,59,
0,81000,39729,11190,59,
0,81100,39789,11192,59,
0,81200,39848,11193,59,
0,81300,39905,11197,59,
0,81400,39932,11227,59,
0,81500,39985,11235,59,
0,81600,40028,11260,61,
0,81700,40051,11295,61,
0,81800,40096,11321,61,
0,81900,40141,11331,61,
0,82000,40199,11350,61,
0,82100,40253,11365,61,
0,82200,40311,11372,61,
0,82300,40354,11394,61,
0,82400,40408,11402,61,
0,82500,40455,11424,61,
0,82600,40502,11435,61,
0,82700,40563,11441,61,
0,82800,40591,11471,61,
0,82900,40641,11480,61,
0,83000,40702,11481,61,
0,83100,40750,11491,61,
0,83200,40786,11512,61,
0,83300,40839,11522,61,
0,83400,40867,11553,61,
0,83500,40892,11584,61,
0,83600,40950,11598,61,
0,83700,40992,11623,61,
0,83800,41017,11653,61,
0,83900,41058,11673,61,
0,84000,41111,11685,61,
0,84100,41144,11717,61,
0,84200,41177,11748,61,
0,84300,41237,11759,64,
0,84400,41279,11780,64,
0,84500,41338,11783,64,
0,84600,41385,11803,64,
0,84700,41433,11815,64,
0,84800,41465,11844,64,
0,84900,41493,11868,64,
0,85000,41543,11878,64,
0,85100,41582,11901,64,
0,85200,41639,11903,64,
0,85300,41704,11906,64,
0,85400,41762,11907,64,
0,85500,41798,11939,64,
0,85600,41830,11966,64,
0,85700,41889,11969,64,
0,85800,41953,11970,64,
0,85900,41977,11998,64,
0,86000,42036,12001,64,
0,86100,42097,12002,64,
0,86200,42152,12013,64,
0,86300,42181,12043,64,
0,86400,42230,12054,64,
