0,100,39,11,0,
0,200,69,41,0,
0,300,126,56,0,
0,400,173,71,0,
0,500,197,100,0,
0,600,249,119,0,
0,700,291,128,0,
0,800,352,131,0,
0,900,415,143,0,
0,1000,470,147,0,
0,1100,551,148,0,
0,1200,578,175,0,
0,1300,623,196,0,
0,1400,671,207,0,
0,1500,727,212,0,
0,1600,796,215,0,
0,1700,848,219,0,
0,1800,914,220,0,
0,1900,964,239,0,
0,2000,1025,240,0,
0,2100,1080,241,0,
0,2200,1133,246,0,
0,2300,1162,277,0,
0,2400,1212,280,0,
0,2500,1274,281,0,
0,2600,1300,314,0,
0,2700,1336,338,0,
0,2800,1382,350,0,
0,2900,1404,380,0,
0,3000,1463,382,0,
0,3100,1521,387,0,
0,3200,1584,395,0,
0,3300,1636,403,0,
0,3400,1700,407,0,
0,3500,1759,408,0,
0,3600,1787,437,0,
0,3700,1824,472,0,
0,3800,1876,482,0,
0,3900,1918,502,0,
0,4000,1973,505,0,
0,4100,2016,528,0,
0,4200,2051,538,0,
0,4300,2083,572,0,
0,4400,2109,605,0,
0,4500,2158,606,0,
0,4600,2222,607,0,
0,4700,2248,633,0,
0,4800,2287,651,0,
0,4900,2345,662,0,
0,5000,2379,690,0,
0,5100,2447,697,0,
0,5200,2504,703,0,
0,5300,2539,722,0,
0,5400,2585,732,0,
0,5500,2649,733,0,
0,5600,2706,735,0,
0,5700,2743,763,0,
0,5800,2804,764,0,
0,5900,2860,771,0,
0,6000,2924,773,0,
0,6100,2977,775,0,
0,6200,3039,783,0,
0,6300,3098,784,0,
0,6400,3161,789,0,
0,6500,3227,796,0,
0,6600,3279,806,0,
0,6700,3315,833,0,
0,6800,3367,837,0,
0,6900,3418,858,0,
0,7000,3465,869,0,
0,7100,3534,875,0,
0,7200,3571,901,0,
0,7300,3636,908,0,
0,7400,3699,912,0,
0,7500,3753,915,0,
0,7600,3792,937,0,
0,7700,3843,947,0,
0,7800,3884,970,0,
0,7900,3949,973,0,
0,8000,4002,976,0,
0,8100,4045,998,0,
0,8200,4097,1003,0,
0,8300,4141,1019,0,
0,8400,4207,1027,0,
0,8500,4245,1052,0,
0,8600,4269,1086,0,
0,8700,4322,1087,0,
0,8800,4392,1088,0,
0,8900,4441,1095,0,
0,9000,4504,1096,0,
0,9100,4564,1097,0,
0,9200,4622,1105,0,
0,9300,4679,1113,0,
0,9400,4725,1121,0,
0,9500,4771,1140,0,
0,9600,4820,1155,0,
0,9700,4879,1158,0,
0,9800,4929,1159,0,
0,9900,4988,1165,0,
0,10000,5026,1192,0,
0,10100,5070,1200,0,
0,10200,5117,1223,0,
0,10300,5171,1227,0,
0,10400,5234,1230,0,
0,10500,5288,1231,0,
0,10600,5349,1254,0,
0,10700,5408,1260,0,
0,10800,5466,1262,0,
0,10900,5528,1263,0,
0,11000,5578,1270,0,
0,11100,5623,1293,0,
0,11200,5665,1304,0,
0,11300,5695,1333,0,
0,11400,5727,1366,0,
0,11500,5784,1377,0,
0,11600,5845,1378,0,
0,11700,5901,1384,0,
0,11800,5941,1403,0,
0,11900,5983,1411,0,
0,12000,6040,1414,0,
0,12100,6098,1418,0,
0,12200,6150,1428,0,
0,12300,6192,1457,0,
0,12400,6222,1483,0,
0,12500,6284,1492,0,
0,12600,6341,1493,0,
0,12700,6402,1505,0,
0,12800,6458,1511,0,
0,12900,6516,1515,0,
0,13000,6577,1517,0,
0,13100,6628,1520,0,
0,13200,6681,1538,0,
0,13300,6740,1540,0,
0,13400,6781,1559,0,
0,13500,6808,1587,0,
0,13600,6865,1591,0,
0,13700,6906,1608,0,
0,13800,6926,1640,0,
0,13900,6969,1661,0,
0,14000,7022,1667,0,
0,14100,7049,1697,0,
0,14200,7111,1700,0,
0,14300,7161,1710,0,
0,14400,7202,1737,0,
0,14500,7249,1747,0,
0,14600,7295,1769,0,
0,14700,7353,1776,0,
0,14800,7414,1781,0,
0,14900,7445,1817,0,
0,15000,7492,1825,0,
0,15100,7535,1843,0,
0,15200,7587,1851,0,
0,15300,7648,1852,0,
0,15400,7708,1853,0,
0,15500,7746,1882,0,
0,15600,7772,1910,0,
0,15700,7819,1919,0,
0,15800,7859,1942,0,
0,15900,7914,1956,0,
0,16000,7957,1979,0,
0,16100,8000,1991,0,
0,16200,8049,1995,0,
0,16300,8088,2023,0,
0,16400,8138,2030,0,
0,16500,8182,2050,0,
0,16600,8216,2072,0,
0,16700,8277,2074,0,
0,16800,8339,2075,0,
0,16900,8394,2090,0,
0,17000,8432,2115,0,
0,17100,8487,2121,0,
0,17200,8552,2123,0,
0,17300,8612,2128,0,
0,17400,8660,2149,0,
0,17500,8705,2159,0,
0,17600,8767,2165,0,
0,17700,8819,2176,0,
0,17800,8868,2187,0,
0,17900,8915,2210,0,
0,18000,8936,2246,0,
0,18100,8999,2251,0,
0,18200,9052,2252,0,
0,18300,9087,2285,0,
0,18400,9148,2292,0,
0,18500,9194,2300,0,
0,18600,9256,2305,0,
0,18700,9285,2337,0,
0,18800,9347,2345,0,
0,18900,9390,2355,0,
0,19000,9423,2389,0,
0,19100,9480,2392,0,
0,19200,9539,2397,0,
0,19300,9603,2398,0,
0,19400,9656,2401,0,
0,19500,9711,2411,0,
0,19600,9753,2422,0,
0,19700,9782,2456,0,
0,19800,9818,2490,0,
0,19900,9863,2499,0,
0,20000,9906,2519,0,
0,20100,9922,2551,0,
0,20200,9970,2570,0,
0,20300,10010,2582,0,
0,20400,10038,2616,0,
0,20500,10090,2630,0,
0,20600,10137,2638,0,
0,20700,10175,2661,0,
0,20800,10229,2668,0,
0,20900,10288,2670,0,
0,21000,10347,2671,0,
0,21100,10401,2676,0,
0,21200,10424,2710,0,
0,21300,10471,2720,0,
0,21400,10511,2743,0,
0,21500,10558,2758,0,
0,21600,10620,2762,0,
0,21700,10677,2769,0,
0,21800,10715,2797,0,
0,21900,10778,2801,0,
0,22000,10833,2808,0,
0,22100,10871,2831,0,
0,22200,10892,2860,0,
0,22300,10932,2880,0,
0,22400,10977,2890,0,
0,22500,11036,2895,0,
0,22600,11067,2923,0,
0,22700,11115,2931,0,
0,22800,11158,2958,0,
0,22900,11182,2990,0,
0,23000,11250,2993,0,
0,23100,11312,2994,0,
0,23200,11357,3018,0,
0,23300,11414,3021,0,
0,23400,11478,3025,0,
0,23500,11544,3026,0,
0,23600,11594,3037,0,
0,23700,11665,3041,0,
0,23800,11722,3042,0,
0,23900,11782,3044,0,
0,24000,11815,3074,0,
0,24100,11863,3082,0,
0,24200,11909,3098,0,
0,24300,11944,3114,0,
0,24400,11988,3133,0,
0,24500,12051,3143,0,
0,24600,12106,3148,0,
0,24700,12148,3175,0,
0,24800,12199,3183,0,
0,24900,12242,3201,0,
0,25000,12293,3203,0,
0,25100,12349,3205,0,
0,25200,12406,3206,0,
0,25300,12438,3233,0,
0,25400,12461,3267,0,
0,25500,12512,3274,0,
0,25600,12547,3293,0,
0,25700,12604,3304,0,
0,25800,12664,3305,0,
0,25900,12723,3306,0,
0,26000,12754,3332,0,
0,26100,12808,3339,0,
0,26200,12858,3341,0,
0,26300,12926,3342,0,
0,26400,12960,3371,0,
0,26500,13008,3389,0,
0,26600,13057,3400,0,
0,26700,13117,3408,0,
0,26800,13169,3423,0,
0,26900,13217,3436,0,
0,27000,13265,3454,0,
0,27100,13289,3485,0,
0,27200,13337,3508,0,
0,27300,13376,3518,0,
0,27400,13416,3547,0,
0,27500,13484,3552,0,
0,27600,13535,3556,0,
0,27700,13597,3557,0,
0,27800,13623,3586,0,
0,27900,13669,3602,0,
0,28000,13714,3613,0,
0,28100,13776,3617,0,
0,28200,13832,3624,0,
0,28300,13885,3625,0,
0,28400,13940,3626,0,
0,28500,13991,3629,0,
0,28600,14035,3654,0,
0,28700,14078,3662,0,
0,28800,14138,3668,0,
0,28900,14197,3671,0,
0,29000,14256,3673,0,
0,29100,14318,3674,0,
0,29200,14368,3688,0,
0,29300,14411,3712,0,
0,29400,14457,3723,0,
0,29500,14488,3752,0,
0,29600,14522,3784,0,
0,29700,14575,3793,0,
0,29800,14616,3811,0,
0,29900,14642,3842,0,
0,30000,14709,3845,0,
0,30100,14766,3846,0,
0,30200,14825,3854,0,
0,30300,14860,3887,0,
0,30400,14910,3896,0,
0,30500,14949,3921,0,
0,30600,14980,3948,0,
0,30700,15046,3951,0,
0,30800,15101,3952,0,
0,30900,15168,3957,0,
0,31000,15196,3988,0,
0,31100,15246,3996,0,
0,31200,15289,4016,0,
0,31300,15339,4026,0,
0,31400,15399,4027,0,
0,31500,15453,4028,0,
0,31600,15513,4034,0,
0,31700,15542,4071,0,
0,31800,15600,4077,0,
0,31900,15652,4084,0,
0,32000,15706,4087,0,
0,32100,15748,4110,0,
0,32200,15794,4119,0,
0,32300,15825,4153,0,
0,32400,15854,4185,0,
0,32500,15909,4192,0,
0,32600,15964,4203,0,
0,32700,15986,4229,0,
0,32800,16044,4242,0,
0,32900,16100,4243,0,
0,33000,16135,4271,0,
0,33100,16199,4274,0,
0,33200,16253,4283,0,
0,33300,16314,4284,0,
0,33400,16371,4287,0,
0,33500,16416,4308,0,
0,33600,16471,4319,0,
0,33700,16497,4350,0,
0,33800,16534,4382,0,
0,33900,16599,4392,0,
0,34000,16647,4409,0,
0,34100,16673,4440,0,
0,34200,16741,4442,0,
0,34300,16799,4443,0,
0,34400,16830,4473,0,
0,34500,16861,4500,0,
0,34600,16919,4503,0,
0,34700,16976,4504,0,
0,34800,17029,4507,0,
0,34900,17067,4528,0,
0,35000,17115,4537,0,
0,35100,17172,4539,0,
0,35200,17237,4551,0,
0,35300,17297,4557,0,
0,35400,17357,4560,0,
0,35500,17380,4592,0,
0,35600,17437,4608,0,
0,35700,17489,4609,0,
0,35800,17522,4640,0,
0,35900,17578,4642,0,
0,36000,17637,4651,0,
0,36100,17686,4676,0,
0,36200,17739,4682,0,
0,36300,17783,4703,0,
0,36400,17836,4715,0,
0,36500,17873,4746,0,
0,36600,17937,4754,0,
0,36700,17990,4761,0,
0,36800,18032,4782,0,
0,36900,18084,4786,0,
0,37000,18121,4806,0,
0,37100,18169,4816,0,
0,37200,18196,4848,0,
0,37300,18258,4852,0,
0,37400,18304,4863,0,
0,37500,18342,4886,0,
0,37600,18366,4916,0,
0,37700,18413,4936,0,
0,37800,18458,4951,0,
0,37900,18516,4959,0,
0,38000,18554,4991,0,
0,38100,18609,4999,0,
0,38200,18671,5001,0,
0,38300,18725,5005,0,
0,38400,18782,5007,0,
0,38500,18847,5008,0,
0,38600,18911,5014,0,
0,38700,18964,5025,0,
0,38800,19022,5034,0,
0,38900,19084,5037,0,
0,39000,19112,5067,0,
0,39100,19158,5091,0,
0,39200,19202,5100,0,
0,39300,19244,5127,0,
0,39400,19272,5158,0,
0,39500,19324,5161,0,
0,39600,19399,5162,0,
0,39700,19453,5177,0,
0,39800,19521,5177,0,
0,39900,19575,5180,0,
0,40000,19637,5183,0,
0,40100,19675,5212,0,
0,40200,19735,5224,0,
0,40300,19784,5244,0,
0,40400,19811,5272,0,
0,40500,19859,5293,0,
0,40600,19910,5306,0,
0,40700,19935,5339,0,
0,40800,19965,5369,0,
0,40900,20006,5377,0,
0,41000,20043,5401,0,
0,41100,20068,5434,0,
0,41200,20125,5437,0,
0,41300,20182,5438,0,
0,41400,20215,5470,0,
0,41500,20273,5475,0,
0,41600,20332,5483,0,
0,41700,20374,5506,0,
0,41800,20397,5538,0,
0,41900,20453,5547,0,
0,42000,20509,5548,0,
0,42100,20572,5550,0,
0,42200,20610,5582,0,
0,42300,20659,5584,0,
0,42400,20719,5585,0,
0,42500,20745,5615,0,
0,42600,20786,5642,0,
0,42700,20834,5654,0,
0,42800,20889,5662,0,
0,42900,20950,5663,0,
0,43000,21007,5669,0,
0,43100,21073,5676,0,
0,43200,21099,5707,0,
0,43300,21161,5710,0,
0,43400,21212,5711,0,
0,43500,21272,5714,0,
0,43600,21311,5737,0,
0,43700,21370,5742,0,
0,43800,21445,5744,0,
0,43900,21465,5780,0,
0,44000,21524,5782,0,
0,44100,21587,5784,0,
0,44200,21635,5805,0,
0,44300,21663,5834,0,
0,44400,21723,5842,0,
0,44500,21768,5860,0,
0,44600,21791,5888,0,
0,44700,21829,5907,0,
0,44800,21871,5917,0,
0,44900,21919,5942,0,
0,45000,21948,5972,0,
0,45100,21997,5981,0,
0,45200,22042,6005,0,
0,45300,22075,6027,0,
0,45400,22132,6046,0,
0,45500,22174,6056,0,
0,45600,22210,6082,0,
0,45700,22274,6087,0,
0,45800,22326,6096,0,
0,45900,22384,6108,0,
0,46000,22406,6138,0,
0,46100,22463,6148,0,
0,46200,22525,6151,0,
0,46300,22554,6185,0,
0,46400,22594,6215,0,
0,46500,22639,6224,0,
0,46600,22682,6247,0,
0,46700,22704,6275,0,
0,46800,22742,6298,0,
0,46900,22790,6311,0,
0,47000,22819,6342,0,
0,47100,22848,6379,0,
0,47200,22907,6386,0,
0,47300,22952,6412,0,
0,47400,22995,6436,0,
0,47500,23038,6460,0,
0,47600,23084,6470,0,
0,47700,23122,6505,0,
0,47800,23150,6538,0,
0,47900,23199,6547,0,
0,48000,23250,6571,0,
0,48100,23301,6583,0,
0,48200,23356,6584,0,
0,48300,23413,6585,0,
0,48400,23453,6614,0,
0,48500,23504,6627,0,
0,48600,23559,6630,0,
0,48700,23621,6638,0,
0,48800,23655,6667,0,
0,48900,23700,6688,0,
0,49000,23744,6697,0,
0,49100,23804,6704,0,
0,49200,23862,6708,0,
0,49300,23912,6716,0,
0,49400,23958,6735,0,
0,49500,24008,6741,0,
0,49600,24048,6767,0,
0,49700,24097,6773,0,
0,49800,24158,6781,0,
0,49900,24190,6810,0,
0,50000,24238,6818,0,
0,50100,24280,6839,0,
0,50200,24315,6862,0,
0,50300,24377,6866,0,
0,50400,24433,6867,0,
0,50500,24471,6899,0,
0,50600,24504,6930,0,
0,50700,24553,6939,0,
0,50800,24599,6958,0,
0,50900,24627,6990,0,
0,51000,24670,7013,0,
0,51100,24713,7026,0,
0,51200,24776,7030,0,
0,51300,24807,7057,0,
0,51400,24864,7064,0,
0,51500,24934,7065,0,
0,51600,24985,7069,0,
0,51700,25034,7084,0,
0,51800,25073,7094,0,
0,51900,25135,7096,0,
0,52000,25166,7129,0,
0,52100,25214,7140,0,
0,52200,25277,7154,0,
0,52300,25299,7194,0,
0,52400,25359,7197,0,
0,52500,25412,7198,0,
0,52600,25445,7227,0,
0,52700,25479,7255,0,
0,52800,25534,7264,0,
0,52900,25572,7287,0,
0,53000,25623,7294,0,
0,53100,25660,7314,0,
0,53200,25709,7325,0,
0,53300,25739,7357,0,
0,53400,25776,7387,0,
0,53500,25831,7394,0,
0,53600,25877,7411,0,
0,53700,25912,7443,0,
0,53800,25962,7464,0,
0,53900,26010,7473,0,
0,54000,26068,7479,0,
0,54100,26108,7515,0,
0,54200,26160,7526,0,
0,54300,26201,7548,0,
0,54400,26223,7583,0,
0,54500,26280,7586,0,
0,54600,26341,7588,0,
0,54700,26369,7621,0,
0,54800,26407,7648,0,
0,54900,26455,7662,0,
0,55000,26501,7686,0,
0,55100,26527,7717,0,
0,55200,26565,7737,0,
0,55300,26614,7748,0,
0,55400,26641,7781,0,
0,55500,26694,7791,0,
0,55600,26744,7799,0,
0,55700,26802,7808,0,
0,55800,26826,7839,0,
0,55900,26874,7858,0,
0,56000,26929,7859,0,
0,56100,26986,7865,0,
0,56200,27017,7897,0,
0,56300,27070,7905,0,
0,56400,27132,7906,0,
0,56500,27188,7912,0,
0,56600,27231,7933,0,
0,56700,27278,7943,0,
0,56800,27309,7977,0,
0,56900,27369,7985,0,
0,57000,27426,7991,0,
0,57100,27493,7996,0,
0,57200,27548,8002,0,
0,57300,27589,8022,0,
0,57400,27648,8033,0,
0,57500,27677,8064,0,
0,57600,27736,8065,0,
0,57700,27784,8066,0,
0,57800,27846,8067,0,
0,57900,27869,8102,0,
0,58000,27909,8123,0,
0,58100,27951,8134,0,
0,58200,28014,8141,0,
0,58300,28057,8157,0,
0,58400,28109,8166,0,
0,58500,28160,8189,0,
0,58600,28186,8224,0,
0,58700,28249,8233,0,
0,58800,28301,8234,0,
0,58900,28334,8270,0,
0,59000,28368,8296,0,
0,59100,28423,8306,0,
0,59200,28463,8326,0,
0,59300,28522,8335,0,
0,59400,28565,8357,0,
0,59500,28602,8367,0,
0,59600,28640,8391,0,
0,59700,28669,8427,0,
0,59800,28731,8434,0,
0,59900,28794,8436,0,
0,60000,28814,8467,0,
0,60100,28861,8490,0,
0,60200,28918,8503,0,
0,60300,28949,8533,0,
0,60400,29014,8537,0,
0,60500,29057,8548,0,
0,60600,29098,8568,0,
0,60700,29149,8578,0,
0,60800,29202,8587,0,
0,60900,29261,8589,0,
0,61000,29316,8592,0,
0,61100,29374,8598,0,
0,61200,29435,8609,0,
0,61300,29475,8631,0,
0,61400,29505,8660,0,
0,61500,29568,8662,0,
0,61600,29626,8663,0,
0,61700,29659,8693,0,
0,61800,29696,8723,0,
0,61900,29749,8727,0,
0,62000,29819,8728,0,
0,62100,29839,8762,0,
0,62200,29889,8781,0,
0,62300,29935,8790,0,
0,62400,29995,8796,0,
0,62500,30029,8828,0,
0,62600,30077,8839,0,
0,62700,30121,8861,0,
0,62800,30173,8868,0,
0,62900,30241,8877,0,
0,63000,30301,8878,0,
0,63100,30364,8880,0,
0,63200,30424,8881,0,
0,63300,30480,8885,0,
0,63400,30541,8887,0,
0,63500,30594,8893,0,
0,63600,30640,8913,0,
0,63700,30687,8923,0,
0,63800,30726,8945,0,
0,63900,30759,8975,0,
0,64000,30813,8980,0,
0,64100,30879,8981,0,
0,64200,30913,9005,0,
0,64300,30951,9026,0,
0,64400,31001,9036,0,
0,64500,31029,9063,0,
0,64600,31056,9094,0,
0,64700,31109,9103,0,
0,64800,31168,9111,0,
0,64900,31194,9142,0,
0,65000,31258,9146,0,
0,65100,31312,9147,0,
0,65200,31371,9150,0,
0,65300,31401,9182,0,
0,65400,31456,9194,0,
0,65500,31498,9214,0,
0,65600,31557,9217,0,
0,65700,31627,9218,0,
0,65800,31688,9219,0,
0,65900,31750,9226,0,
0,66000,31786,9256,0,
0,66100,31846,9261,0,
0,66200,31908,9266,0,
0,66300,31932,9294,0,
0,66400,31970,9318,0,
0,66500,32020,9329,0,
0,66600,32050,9363,0,
0,66700,32094,9396,0,
0,66800,32156,9399,0,
0,66900,32216,9406,0,
0,67000,32270,9409,0,
0,67100,32318,9431,0,
0,67200,32367,9440,0,
0,67300,32398,9471,0,
0,67400,32428,9507,0,
0,67500,32487,9511,0,
0,67600,32548,9512,0,
0,67700,32578,9546,0,
0,67800,32616,9568,0,
0,67900,32661,9575,0,
0,68000,32723,9578,0,
0,68100,32758,9607,0,
0,68200,32806,9618,0,
0,68300,32846,9641,0,
0,68400,32900,9646,0,
0,68500,32938,9669,0,
0,68600,32996,9674,0,
0,68700,33035,9702,0,
0,68800,33093,9712,0,
0,68900,33143,9714,0,
0,69000,33202,9715,0,
0,69100,33254,9719,0,
0,69200,33299,9735,0,
0,69300,33342,9744,0,
0,69400,33373,9777,0,
0,69500,33401,9809,0,
0,69600,33450,9817,0,
0,69700,33496,9836,0,
0,69800,33545,9848,0,
0,69900,33609,9868,0,
0,70000,33667,9869,0,
0,70100,33714,9887,0,
0,70200,33772,9888,0,
0,70300,33827,9897,0,
0,70400,33872,9921,0,
0,70500,33920,9928,0,
0,70600,33964,9952,0,
0,70700,34022,9953,0,
0,70800,34049,9983,0,
0,70900,34083,10013,0,
0,71000,34131,10024,0,
0,71100,34178,10043,0,
0,71200,34211,10079,0,
0,71300,34269,10085,0,
0,71400,34324,10086,0,
0,71500,34383,10095,0,
0,71600,34448,10095,0,
0,71700,34497,10100,0,
0,71800,34563,10103,0,
0,71900,34616,10108,0,
0,72000,34667,10123,0,
0,72100,34726,10132,0,
0,72200,34793,10138,0,
0,72300,34836,10167,0,
0,72400,34893,10171,0,
0,72500,34956,10172,0,
0,72600,35003,10180,0,
0,72700,35071,10183,0,
0,72800,35133,10184,0,
0,72900,35164,10212,0,
0,73000,35200,10239,0,
0,73100,35248,10250,0,
0,73200,35286,10270,0,
0,73300,35337,10275,0,
0,73400,35379,10296,0,
0,73500,35426,10306,0,
0,73600,35484,10313,2,
0,73700,35548,10317,2,
0,73800,35606,10323,2,
0,73900,35667,10328,2,
0,74000,35692,10357,2,
0,74100,35743,10374,2,
0,74200,35795,10385,2,
0,74300,35856,10391,2,
0,74400,35880,10424,2,
0,74500,35935,10431,2,
0,74600,35996,10437,2,
0,74700,36043,10440,2,
0,74800,36102,10443,2,
0,74900,36155,10444,2,
0,75000,36211,10451,2,
0,75100,36238,10483,2,
0,75200,36289,10490,2,
0,75300,36331,10510,2,
0,75400,36385,10516,2,
0,75500,36436,10536,2,
0,75600,36479,10548,2,
0,75700,36502,10580,2,
0,75800,36541,10608,2,
0,75900,36589,10617,2,
0,76000,36640,10635,2,
0,76100,36688,10643,2,
0,76200,36728,10666,2,
0,76300,36775,10677,2,
0,76400,36806,10711,2,
0,76500,36868,10721,2,
0,76600,36922,10728,2,
0,76700,37005,10729,2,
0,76800,37036,10759,2,
0,76900,37100,10763,2,
0,77000,37164,10764,2,
0,77100,37218,10773,2,
0,77200,37249,10809,2,
0,77300,37303,10815,2,
0,77400,37364,10818,2,
0,77500,37387,10851,2,
0,77600,37440,10859,2,
0,77700,37498,10860,2,
0,77800,37535,10894,2,
0,77900,37592,10902,2,
0,78000,37643,10905,2,
0,78100,37708,10907,2,
0,78200,37739,10934,2,
0,78300,37798,10939,2,
0,78400,37847,10940,2,
0,78500,37889,10966,2,
0,78600,37948,10983,2,
0,78700,37998,10987,2,
0,78800,38062,10988,2,
0,78900,38105,11003,2,
0,79000,38172,11008,2,
0,79100,38228,11011,2,
0,79200,38280,11020,2,
0,79300,38310,11050,2,
0,79400,38363,11060,2,
0,79500,38403,11081,2,
0,79600,38424,11112,2,
0,79700,38481,11117,2,
0,79800,38533,11118,2,
0,79900,38566,11151,2,
0,80000,38623,11161,2,
0,80100,38669,11172,2,
0,80200,38703,11196,2,
0,80300,38728,11229,2,
0,80400,38786,11232,2,
0,80500,38850,11233,2,
0,80600,38894,11255,2,
0,80700,38956,11262,2,
0,80800,39018,11266,2,
0,80900,39080,11267,2,
0,81000,39138,11277,2,
0,81100,39201,11278,2,
0,81200,39267,11280,2,
0,81300,39335,11285,2,
0,81400,39362,11316,2,
0,81500,39424,11318,2,
0,81600,39483,11319,2,
0,81700,39541,11329,2,
0,81800,39597,11339,2,
0,81900,39656,11340,2,
0,82000,39713,11346,2,
0,82100,39738,11379,2,
0,82200,39802,11382,2,
0,82300,39861,11383,2,
0,82400,39890,11412,2,
0,82500,39943,11433,2,
0,82600,39991,11442,2,
0,82700,40022,11472,2,
0,82800,40082,11474,2,
0,82900,40127,11484,2,
0,83000,40167,11506,2,
0,83100,40214,11512,2,
0,83200,40281,11513,2,
0,83300,40343,11514,2,
0,83400,40373,11544,2,
0,83500,40400,11572,2,
0,83600,40444,11582,2,
0,83700,40488,11605,2,
0,83800,40545,11611,2,
0,83900,40592,11632,2,
0,84000,40640,11643,2,
0,84100,40670,11673,2,
0,84200,40699,11706,2,
0,84300,40752,11709,2,
0,84400,40817,11711,2,
0,84500,40841,11742,2,
0,84600,40884,11761,2,
0,84700,40928,11773,2,
0,84800,40961,11804,2,
0,84900,41022,11814,2,
0,85000,41080,11819,2,
0,85100,41140,11820,2,
0,85200,41190,11823,2,
0,85300,41256,11828,2,
0,85400,41312,11829,2,
0,85500,41375,11831,2,
0,85600,41410,11860,2,
0,85700,41462,11869,2,
0,85800,41541,11872,2,
0,85900,41571,11900,2,
0,86000,41626,11904,2,
0,86100,41685,11905,2,
0,86200,41751,11909,2,
0,86300,41791,11932,2,
0,86400,41844,11938,2,
