0,100,23,13,3,
0,200,65,42,3,
0,300,126,48,3,
0,400,189,49,3,
0,500,205,84,3,
0,600,264,85,3,
0,700,321,86,3,
0,800,377,88,3,
0,900,442,95,3,
0,1000,497,106,3,
0,1100,540,131,3,
0,1200,560,163,3,
0,1300,623,167,3,
0,1400,681,172,3,
0,1500,736,184,3,
0,1600,790,193,3,
0,1700,846,197,3,
0,1800,908,201,3,
0,1900,937,227,3,
0,2000,1005,228,3,
0,2100,1062,229,3,
0,2200,1131,232,5,
0,2300,1165,257,7,
0,2400,1225,261,7,
0,2500,1284,263,9,
0,2600,1303,295,9,
0,2700,1344,316,9,
0,2800,1385,326,9,
0,2900,1420,355,9,
0,3000,1473,367,9,
0,3100,1521,378,9,
0,3200,1568,398,9,
0,3300,1607,431,9,
0,3400,1670,441,9,
0,3500,1734,442,9,
0,3600,1795,446,9,
0,3700,1831,474,9,
0,3800,1893,476,9,
0,3900,1942,495,9,
0,4000,1964,525,9,
0,4100,2025,527,9,
0,4200,2085,528,9,
0,4300,2122,560,9,
0,4400,2188,564,9,
0,4500,2246,572,11,
0,4600,2278,597,11,
0,4700,2327,603,11,
0,4800,2385,604,11,
0,4900,2454,605,11,
0,5000,2485,632,13,
0,5100,2524,658,13,
0,5200,2577,660,13,
0,5300,2650,661,13,
0,5400,2708,672,13,
0,5500,2767,673,17,
0,5600,2822,674,17,
0,5700,2855,703,17,
0,5800,2906,721,17,
0,5900,2961,730,17,
0,6000,3023,733,17,
0,6100,3047,761,17,
0,6200,3089,786,17,
0,6300,3143,796,17,
0,6400,3181,822,17,
0,6500,3234,844,17,
0,6600,3286,852,17,
0,6700,3325,869,17,
0,6800,3355,900,17,
0,6900,3414,905,17,
0,7000,3471,906,17,
0,7100,3536,912,17,
0,7200,3567,946,17,
0,7300,3612,956,17,
0,7400,3650,982,17,
0,7500,3700,986,17,
0,7600,3755,988,17,
0,7700,3812,990,17,
0,7800,3869,994,17,
0,7900,3928,1003,17,
0,8000,3973,1012,17,
0,8100,4010,1036,17,
0,8200,4037,1062,17,
0,8300,4107,1068,17,
0,8400,4162,1070,17,
0,8500,4222,1077,17,
0,8600,4288,1079,17,
0,8700,4343,1083,17,
0,8800,4410,1084,17,
0,8900,4435,1112,17,
0,9000,4498,1117,17,
0,9100,4551,1118,17,
0,9200,4593,1145,17,
0,9300,4657,1147,17,
0,9400,4709,1156,17,
0,9500,4760,1176,17,
0,9600,4790,1206,17,
0,9700,4830,1225,17,
0,9800,4874,1234,17,
0,9900,4938,1240,17,
0,10000,4996,1247,19,
0,10100,5058,1258,19,
0,10200,5102,1280,19,
0,10300,5133,1308,19,
0,10400,5203,1312,19,
0,10500,5251,1314,19,
0,10600,5281,1342,19,
0,10700,5340,1364,19,
0,10800,5403,1372,19,
0,10900,5456,1392,19,
0,11000,5482,1422,19,
0,11100,5522,1444,19,
0,11200,5570,1456,19,
0,11300,5605,1485,19,
0,11400,5663,1489,19,
0,11500,5716,1492,19,
0,11600,5781,1493,19,
0,11700,5833,1496,19,
0,11800,5877,1518,19,
0,11900,5920,1528,19,
0,12000,5950,1554,19,
0,12100,5980,1589,19,
0,12200,6032,1601,19,
0,12300,6075,1622,19,
0,12400,6104,1653,19,
0,12500,6146,1676,19,
0,12600,6193,1684,19,
0,12700,6224,1714,19,
0,12800,6251,1745,19,
0,12900,6303,1747,19,
0,13000,6354,1757,19,
0,13100,6412,1766,19,
0,13200,6466,1782,21,
0,13300,6530,1783,21,
0,13400,6566,1808,23,
0,13500,6602,1841,23,
0,13600,6655,1844,23,
0,13700,6705,1858,25,
0,13800,6733,1889,25,
0,13900,6785,1910,25,
0,14000,6833,1920,25,
0,14100,6863,1955,25,
0,14200,6895,1985,25,
0,14300,6950,1994,25,
0,14400,6990,2014,25,
0,14500,7046,2028,25,
0,14600,7096,2049,25,
0,14700,7138,2062,25,
0,14800,7199,2066,25,
0,14900,7263,2069,25,
0,15000,7310,2079,25,
0,15100,7368,2083,25,
0,15200,7395,2109,25,
0,15300,7436,2134,25,
0,15400,7483,2144,25,
0,15500,7520,2169,25,
0,15600,7577,2172,25,
0,15700,7625,2181,25,
0,15800,7663,2206,25,
0,15900,7713,2212,25,
0,16000,7759,2234,25,
0,16100,7812,2243,25,
0,16200,7838,2274,25,
0,16300,7867,2310,25,
0,16400,7925,2317,25,
0,16500,7991,2318,25,
0,16600,8048,2330,25,
0,16700,8104,2337,25,
0,16800,8162,2338,25,
0,16900,8225,2343,25,
0,17000,8287,2345,25,
0,17100,8348,2348,25,
0,17200,8414,2349,25,
0,17300,8460,2360,25,
0,17400,8497,2382,25,
0,17500,8547,2389,25,
0,17600,8608,2392,25,
0,17700,8669,2401,25,
0,17800,8729,2407,25,
0,17900,8795,2412,25,
0,18000,8827,2437,25,
0,18100,8870,2460,25,
0,18200,8918,2470,25,
0,18300,8948,2501,25,
0,18400,8977,2536,25,
0,18500,9035,2545,25,
0,18600,9079,2570,25,
0,18700,9122,2582,25,
0,18800,9172,2596,25,
0,18900,9234,2607,25,
0,19000,9266,2645,25,
0,19100,9303,2670,25,
0,19200,9357,2681,25,
0,19300,9391,2705,25,
0,19400,9419,2739,25,
0,19500,9454,2760,25,
0,19600,9491,2772,28,
0,19700,9521,2803,28,
0,19800,9551,2834,28,
0,19900,9603,2839,30,
0,20000,9650,2854,32,
0,20100,9692,2878,32,
0,20200,9738,2898,32,
0,20300,9789,2906,32,
0,20400,9847,2912,34,
0,20500,9905,2920,34,
0,20600,9952,2928,34,
0,20700,9998,2951,34,
0,20800,10025,2984,34,
0,20900,10089,2986,34,
0,21000,10139,2988,34,
0,21100,10198,2994,34,
0,21200,10260,2996,34,
0,21300,10308,3006,34,
0,21400,10341,3027,38,
0,21500,10393,3032,38,
0,21600,10453,3043,38,
0,21700,10516,3055,38,
0,21800,10551,3087,38,
0,21900,10599,3106,38,
0,22000,10661,3110,38,
0,22100,10715,3123,38,
0,22200,10740,3156,38,
0,22300,10776,3179,38,
0,22400,10818,3194,38,
0,22500,10847,3226,38,
0,22600,10878,3255,38,
0,22700,10929,3265,38,
0,22800,10964,3290,38,
0,22900,11002,3304,38,
0,23000,11040,3326,38,
0,23100,11083,3334,38,
0,23200,11116,3367,38,
0,23300,11148,3396,38,
0,23400,11206,3398,38,
0,23500,11268,3399,38,
0,23600,11326,3406,38,
0,23700,11365,3425,38,
0,23800,11405,3435,38,
0,23900,11437,3467,38,
0,24000,11498,3471,38,
0,24100,11548,3478,40,
0,24200,11606,3479,40,
0,24300,11638,3511,40,
0,24400,11703,3515,40,
0,24500,11758,3518,40,
0,24600,11821,3520,40,
0,24700,11879,3525,40,
0,24800,11934,3535,40,
0,24900,11972,3556,40,
0,25000,12003,3582,40,
0,25100,12045,3603,40,
0,25200,12095,3611,40,
0,25300,12126,3643,40,
0,25400,12184,3656,40,
0,25500,12240,3659,40,
0,25600,12311,3661,40,
0,25700,12338,3690,40,
0,25800,12385,3714,40,
0,25900,12437,3726,40,
0,26000,12471,3758,40,
0,26100,12530,3769,40,
0,26200,12585,3777,40,
0,26300,12618,3800,40,
0,26400,12660,3807,40,
0,26500,12718,3810,40,
0,26600,12779,3811,40,
0,26700,12826,3831,40,
0,26800,12853,3863,40,
0,26900,12923,3866,40,
0,27000,12987,3867,40,
0,27100,13036,3874,40,
0,27200,13079,3895,40,
0,27300,13125,3907,40,
0,27400,13184,3910,40,
0,27500,13208,3940,40,
0,27600,13259,3948,40,
0,27700,13317,3969,40,
0,27800,13351,4010,40,
0,27900,13403,4032,40,
0,28000,13468,4043,40,
0,28100,13529,4048,40,
0,28200,13565,4079,40,
0,28300,13616,4090,40,
0,28400,13673,4103,40,
0,28500,13725,4113,40,
0,28600,13770,4136,40,
0,28700,13819,4142,40,
0,28800,13848,4172,40,
0,28900,13906,4180,40,
0,29000,13962,4187,40,
0,29100,14023,4189,40,
0,29200,14051,4222,40,
0,29300,14113,4226,40,
0,29400,14172,4227,40,
0,29500,14218,4255,40,
0,29600,14247,4286,40,
0,29700,14291,4298,40,
0,29800,14325,4319,40,
0,29900,14382,4328,40,
0,30000,14417,4347,40,
0,30100,14455,4357,40,
0,30200,14521,4365,40,
0,30300,14559,4396,40,
0,30400,14611,4402,40,
0,30500,14685,4403,40,
0,30600,14718,4431,40,
0,30700,14773,4450,40,
0,30800,14818,4459,40,
0,30900,14880,4462,40,
0,31000,14938,4464,40,
0,31100,14984,4474,40,
0,31200,15026,4496,40,
0,31300,15059,4528,40,
0,31400,15104,4546,40,
0,31500,15147,4558,40,
0,31600,15199,4563,42,
0,31700,15229,4593,42,
0,31800,15286,4598,42,
0,31900,15351,4603,42,
0,32000,15405,4606,42,
0,32100,15462,4625,42,
0,32200,15513,4632,42,
0,32300,15569,4657,42,
0,32400,15609,4681,44,
0,32500,15667,4684,44,
0,32600,15732,4694,44,
0,32700,15763,4724,44,
0,32800,15802,4750,44,
0,32900,15857,4759,44,
0,33000,15909,4790,44,
0,33100,15944,4819,44,
0,33200,15992,4827,44,
0,33300,16050,4833,44,
0,33400,16075,4857,44,
0,33500,16117,4877,44,
0,33600,16163,4885,44,
0,33700,16196,4916,44,
0,33800,16223,4948,44,
0,33900,16279,4954,44,
0,34000,16339,4962,44,
0,34100,16370,4991,44,
0,34200,16432,4998,44,
0,34300,16493,4999,44,
0,34400,16553,5008,44,
0,34500,16612,5017,44,
0,34600,16659,5025,44,
0,34700,16707,5048,44,
0,34800,16726,5081,44,
0,34900,16775,5100,44,
0,35000,16821,5107,44,
0,35100,16862,5133,44,
0,35200,16923,5141,44,
0,35300,16974,5151,44,
0,35400,17013,5175,44,
0,35500,17061,5183,44,
0,35600,17125,5190,44,
0,35700,17191,5191,46,
0,35800,17227,5227,46,
0,35900,17262,5252,46,
0,36000,17316,5256,46,
0,36100,17358,5273,46,
0,36200,17383,5304,46,
0,36300,17445,5305,46,
0,36400,17505,5306,46,
0,36500,17542,5335,46,
0,36600,17593,5352,48,
0,36700,17649,5360,48,
0,36800,17693,5379,48,
0,36900,17748,5386,48,
0,37000,17806,5393,48,
0,37100,17857,5394,48,
0,37200,17914,5397,48,
0,37300,17972,5398,48,
0,37400,18026,5408,48,
0,37500,18067,5426,48,
0,37600,18093,5457,48,
0,37700,18150,5467,48,
0,37800,18207,5468,48,
0,37900,18263,5471,48,
0,38000,18316,5476,48,
0,38100,18363,5479,52,
0,38200,18434,5480,52,
0,38300,18481,5497,52,
0,38400,18542,5499,52,
0,38500,18594,5500,54,
0,38600,18632,5530,54,
0,38700,18691,5542,54,
0,38800,18752,5546,54,
0,38900,18811,5552,54,
0,39000,18826,5590,54,
0,39100,18891,5594,54,
0,39200,18948,5595,54,
0,39300,18987,5622,54,
0,39400,19042,5627,54,
0,39500,19094,5638,54,
0,39600,19160,5656,54,
0,39700,19196,5684,54,
0,39800,19258,5688,54,
0,39900,19315,5689,54,
0,40000,19375,5691,54,
0,40100,19405,5721,54,
0,40200,19452,5731,54,
0,40300,19493,5750,54,
0,40400,19549,5759,54,
0,40500,19595,5778,54,
0,40600,19637,5792,56,
0,40700,19663,5829,56,
0,40800,19696,5861,56,
0,40900,19745,5872,56,
0,41000,19781,5900,56,
0,41100,19838,5917,56,
0,41200,19896,5923,56,
0,41300,19948,5924,56,
0,41400,19984,5959,56,
0,41500,20047,5964,56,
0,41600,20089,5974,58,
0,41700,20142,5996,58,
0,41800,20194,6006,60,
0,41900,20231,6031,60,
0,42000,20290,6039,60,
0,42100,20333,6066,60,
0,42200,20374,6094,60,
0,42300,20429,6102,60,
0,42400,20467,6124,60,
0,42500,20488,6157,60,
0,42600,20551,6162,60,
0,42700,20601,6163,62,
0,42800,20652,6184,62,
0,42900,20704,6191,62,
0,43000,20747,6205,62,
0,43100,20791,6226,62,
0,43200,20832,6246,62,
0,43300,20907,6250,62,
0,43400,20956,6251,62,
0,43500,21024,6259,62,
0,43600,21055,6293,62,
0,43700,21110,6298,62,
0,43800,21170,6299,62,
0,43900,21197,6328,62,
0,44000,21239,6349,62,
0,44100,21287,6361,62,
0,44200,21350,6363,62,
0,44300,21414,6366,62,
0,44400,21468,6370,62,
0,44500,21533,6371,62,
0,44600,21555,6404,62,
0,44700,21613,6415,65,
0,44800,21658,6426,67,
0,44900,21689,6458,67,
0,45000,21753,6464,67,
0,45100,21798,6473,67,
0,45200,21838,6493,67,
0,45300,21893,6501,67,
0,45400,21948,6509,67,
0,45500,22005,6511,67,
0,45600,22067,6515,67,
0,45700,22126,6524,67,
0,45800,22178,6530,67,
0,45900,22217,6551,67,
0,46000,22252,6580,67,
0,46100,22318,6590,67,
0,46200,22369,6592,70,
0,46300,22415,6607,70,
0,46400,22479,6609,70,
0,46500,22534,6612,72,
0,46600,22599,6613,72,
0,46700,22653,6620,72,
0,46800,22704,6635,74,
0,46900,22759,6636,74,
0,47000,22791,6667,74,
0,47100,22828,6696,74,
0,47200,22887,6703,74,
0,47300,22951,6704,74,
0,47400,23005,6716,74,
0,47500,23055,6733,74,
0,47600,23103,6745,74,
0,47700,23138,6773,74,
0,47800,23198,6777,74,
0,47900,23249,6780,74,
0,48000,23308,6781,74,
0,48100,23354,6789,74,
0,48200,23417,6790,74,
0,48300,23470,6791,74,
0,48400,23530,6807,74,
0,48500,23585,6821,74,
0,48600,23637,6832,74,
0,48700,23689,6851,74,
0,48800,23741,6859,74,
0,48900,23780,6882,74,
0,49000,23832,6891,74,
0,49100,23872,6917,74,
0,49200,23906,6949,74,
0,49300,23961,6952,74,
0,49400,24027,6958,74,
0,49500,24083,6968,76,
0,49600,24126,6992,76,
0,49700,24171,7002,76,
0,49800,24228,7009,76,
0,49900,24294,7011,76,
0,50000,24351,7014,76,
0,50100,24418,7015,76,
0,50200,24469,7027,76,
0,50300,24518,7044,78,
0,50400,24567,7054,78,
0,50500,24626,7064,78,
0,50600,24693,7066,78,
0,50700,24747,7072,78,
0,50800,24811,7076,78,
0,50900,24864,7081,78,
0,51000,24923,7087,78,
0,51100,24981,7089,78,
0,51200,25004,7122,78,
0,51300,25037,7151,78,
0,51400,25096,7152,78,
0,51500,25163,7153,78,
0,51600,25213,7156,78,
0,51700,25266,7170,78,
0,51800,25311,7183,78,
0,51900,25338,7215,78,
0,52000,25371,7247,78,
0,52100,25428,7249,78,
0,52200,25491,7251,78,
0,52300,25546,7253,80,
0,52400,25583,7274,80,
0,52500,25630,7286,80,
0,52600,25678,7299,80,
0,52700,25719,7321,82,
0,52800,25776,7327,82,
0,52900,25838,7332,84,
0,53000,25895,7337,84,
0,53100,25934,7361,84,
0,53200,25985,7373,84,
0,53300,26012,7405,84,
0,53400,26044,7436,84,
0,53500,26090,7448,84,
0,53600,26134,7471,84,
0,53700,26161,7500,84,
0,53800,26205,7523,84,
0,53900,26250,7530,84,
0,54000,26290,7549,88,
0,54100,26319,7574,88,
0,54200,26374,7584,88,
0,54300,26423,7600,88,
0,54400,26455,7627,88,
0,54500,26515,7631,88,
0,54600,26569,7632,88,
0,54700,26596,7663,88,
0,54800,26624,7690,88,
0,54900,26674,7699,88,
0,55000,26719,7718,88,
0,55100,26771,7726,88,
0,55200,26813,7746,88,
0,55300,26863,7754,88,
0,55400,26892,7786,88,
0,55500,26928,7820,88,
0,55600,26980,7832,88,
0,55700,27017,7852,88,
0,55800,27040,7884,88,
0,55900,27079,7904,88,
0,56000,27135,7915,88,
0,56100,27165,7945,88,
0,56200,27191,7977,88,
0,56300,27232,7985,88,
0,56400,27269,8006,88,
0,56500,27327,8008,88,
0,56600,27386,8017,88,
0,56700,27437,8018,88,
0,56800,27471,8047,88,
0,56900,27506,8075,88,
0,57000,27560,8083,88,
0,57100,27590,8105,91,
0,57200,27636,8125,91,
0,57300,27682,8150,91,
0,57400,27737,8159,91,
0,57500,27795,8162,91,
0,57600,27859,8163,91,
0,57700,27909,8172,91,
0,57800,27947,8193,91,
0,57900,27974,8223,91,
0,58000,28038,8229,91,
0,58100,28092,8231,91,
0,58200,28148,8247,91,
0,58300,28194,8265,91,
0,58400,28249,8271,91,
0,58500,28304,8283,91,
0,58600,28360,8293,91,
0,58700,28424,8301,91,
0,58800,28478,8302,91,
0,58900,28508,8334,91,
0,59000,28538,8372,91,
0,59100,28579,8382,91,
0,59200,28621,8407,91,
0,59300,28681,8411,91,
0,59400,28743,8413,91,
0,59500,28803,8414,91,
0,59600,28845,8432,91,
0,59700,28905,8436,91,
0,59800,28967,8439,91,
0,59900,29030,8441,91,
0,60000,29059,8475,91,
0,60100,29122,8478,91,
0,60200,29178,8487,91,
0,60300,29210,8519,91,
0,60400,29270,8525,93,
0,60500,29324,8534,93,
0,60600,29386,8537,93,
0,60700,29408,8567,93,
0,60800,29464,8574,93,
0,60900,29525,8575,93,
0,61000,29583,8583,93,
0,61100,29615,8613,93,
0,61200,29669,8617,93,
0,61300,29739,8619,93,
0,61400,29794,8633,93,
0,61500,29846,8634,93,
0,61600,29910,8635,93,
0,61700,29937,8666,93,
0,61800,29967,8694,96,
0,61900,30013,8696,96,
0,62000,30083,8697,96,
0,62100,30107,8725,98,
0,62200,30153,8745,98,
0,62300,30199,8754,98,
0,62400,30228,8781,98,
0,62500,30257,8810,98,
0,62600,30304,8818,98,
0,62700,30346,8841,98,
0,62800,30387,8856,101,
0,62900,30428,8880,101,
0,63000,30470,8891,101,
0,63100,30496,8926,101,
0,63200,30559,8927,101,
0,63300,30618,8932,101,
0,63400,30681,8933,101,
0,63500,30710,8960,101,
0,63600,30769,8963,101,
0,63700,30818,8964,104,
0,63800,30847,8993,106,
0,63900,30901,8996,106,
0,64000,30959,9004,106,
0,64100,31001,9030,106,
0,64200,31032,9062,106,
0,64300,31088,9066,109,
0,64400,31148,9067,109,
0,64500,31210,9074,109,
0,64600,31245,9104,109,
0,64700,31293,9110,111,
0,64800,31331,9126,111,
0,64900,31381,9131,111,
0,65000,31439,9141,111,
0,65100,31493,9143,111,
0,65200,31534,9175,111,
0,65300,31601,9182,111,
0,65400,31641,9193,111,
0,65500,31682,9214,111,
0,65600,31702,9248,111,
0,65700,31738,9269,111,
0,65800,31784,9278,111,
0,65900,31848,9283,111,
0,66000,31897,9300,111,
0,66100,31956,9305,111,
0,66200,32027,9307,111,
0,66300,32057,9336,111,
0,66400,32114,9343,111,
0,66500,32159,9354,111,
0,66600,32224,9358,111,
0,66700,32250,9390,111,
0,66800,32309,9396,111,
0,66900,32375,9397,111,
0,67000,32402,9427,111,
0,67100,32457,9428,113,
0,67200,32512,9437,113,
0,67300,32547,9462,113,
0,67400,32572,9492,113,
0,67500,32626,9500,113,
0,67600,32691,9515,113,
0,67700,32716,9550,113,
0,67800,32753,9570,113,
0,67900,32794,9582,113,
0,68000,32839,9618,113,
0,68100,32866,9650,113,
0,68200,32915,9660,113,
0,68300,32952,9682,113,
0,68400,32988,9704,113,
0,68500,33028,9723,113,
0,68600,33081,9728,113,
0,68700,33119,9763,113,
0,68800,33145,9796,113,
0,68900,33193,9806,113,
0,69000,33232,9827,113,
0,69100,33280,9846,113,
0,69200,33333,9868,113,
0,69300,33376,9878,113,
0,69400,33404,9912,113,
0,69500,33428,9946,113,
0,69600,33486,9954,113,
0,69700,33529,9974,113,
0,69800,33583,9978,113,
0,69900,33626,9997,113,
0,70000,33676,10009,113,
0,70100,33705,10040,115,
0,70200,33735,10079,115,
0,70300,33783,10082,115,
0,70400,33843,10083,115,
0,70500,33878,10118,115,
0,70600,33929,10137,115,
0,70700,33975,10145,115,
0,70800,34000,10178,115,
0,70900,34060,10187,115,
0,71000,34120,10199,115,
0,71100,34169,10218,115,
0,71200,34221,10225,115,
0,71300,34266,10245,115,
0,71400,34323,10253,115,
0,71500,34346,10284,115,
0,71600,34382,10308,115,
0,71700,34435,10319,115,
0,71800,34473,10342,115,
0,71900,34526,10349,115,
0,72000,34576,10368,115,
0,72100,34620,10379,115,
0,72200,34658,10414,115,
0,72300,34693,10446,115,
0,72400,34746,10450,115,
0,72500,34813,10452,115,
0,72600,34868,10458,115,
0,72700,34932,10464,115,
0,72800,34984,10465,115,
0,72900,35011,10497,115,
0,73000,35074,10500,115,
0,73100,35130,10502,115,
0,73200,35199,10503,115,
0,73300,35229,10530,115,
0,73400,35296,10537,115,
0,73500,35351,10538,115,
0,73600,35412,10542,115,
0,73700,35445,10574,115,
0,73800,35492,10582,115,
0,73900,35538,10604,115,
0,74000,35562,10630,115,
0,74100,35627,10633,115,
0,74200,35690,10634,115,
0,74300,35746,10645,115,
0,74400,35793,10667,115,
0,74500,35854,10676,115,
0,74600,35908,10689,115,
0,74700,35929,10720,115,
0,74800,35988,10727,115,
0,74900,36052,10728,115,
0,75000,36092,10759,115,
0,75100,36148,10773,115,
0,75200,36200,10782,115,
0,75300,36233,10806,117,
0,75400,36281,10815,120,
0,75500,36316,10837,120,
0,75600,36367,10847,120,
0,75700,36399,10879,120,
0,75800,36458,10884,120,
0,75900,36508,10893,120,
0,76000,36547,10917,120,
0,76100,36574,10949,120,
0,76200,36616,10972,120,
0,76300,36661,10982,120,
0,76400,36720,10990,120,
0,76500,36770,10998,122,
0,76600,36816,11006,125,
0,76700,36867,11015,125,
0,76800,36895,11048,125,
0,76900,36958,11052,125,
0,77000,37024,11054,125,
0,77100,37089,11061,125,
0,77200,37116,11089,125,
0,77300,37167,11092,125,
0,77400,37237,11093,125,
0,77500,37256,11117,125,
0,77600,37320,11128,125,
0,77700,37371,11132,128,
0,77800,37400,11162,128,
0,77900,37430,11191,128,
0,78000,37487,11200,128,
0,78100,37551,11204,130,
0,78200,37604,11210,130,
0,78300,37656,11229,130,
0,78400,37708,11240,130,
0,78500,37773,11247,130,
0,78600,37837,11253,130,
0,78700,37881,11265,130,
0,78800,37921,11286,130,
0,78900,37973,11294,130,
0,79000,38015,11317,130,
0,79100,38056,11325,130,
0,79200,38116,11327,130,
0,79300,38175,11330,130,
0,79400,38229,11337,130,
0,79500,38301,11338,130,
0,79600,38334,11366,130,
0,79700,38404,11372,130,
0,79800,38463,11373,130,
0,79900,38526,11384,130,
0,80000,38556,11415,130,
0,80100,38605,11426,130,
0,80200,38668,11429,130,
0,80300,38724,11432,130,
0,80400,38761,11454,130,
0,80500,38799,11460,133,
0,80600,38830,11490,133,
0,80700,38857,11519,133,
0,80800,38905,11530,133,
0,80900,38953,11551,133,
0,81000,38980,11583,133,
0,81100,39056,11585,133,
0,81200,39114,11586,133,
0,81300,39180,11588,133,
0,81400,39214,11617,133,
0,81500,39274,11625,133,
0,81600,39331,11641,137,
0,81700,39388,11652,137,
0,81800,39447,11656,137,
0,81900,39510,11657,137,
0,82000,39564,11666,137,
0,82100,39632,11678,140,
0,82200,39692,11682,140,
0,82300,39754,11688,140,
0,82400,39807,11697,140,
0,82500,39848,11719,140,
0,82600,39902,11728,140,
0,82700,39948,11755,140,
0,82800,40008,11760,140,
0,82900,40054,11764,140,
0,83000,40111,11778,140,
0,83100,40155,11803,140,
0,83200,40220,11805,140,
0,83300,40281,11806,140,
0,83400,40350,11819,140,
0,83500,40386,11846,140,
0,83600,40436,11851,140,
0,83700,40503,11852,140,
0,83800,40538,11879,140,
0,83900,40591,11896,140,
0,84000,40635,11907,143,
0,84100,40699,11911,143,
0,84200,40738,11931,143,
0,84300,40790,11937,143,
0,84400,40851,11949,143,
0,84500,40872,11977,143,
0,84600,40932,11982,143,
0,84700,40984,11983,143,
0,84800,41044,11988,143,
0,84900,41102,11993,143,
0,85000,41154,12003,143,
0,85100,41206,12016,143,
0,85200,41233,12049,143,
0,85300,41269,12073,143,
0,85400,41319,12083,143,
0,85500,41351,12121,143,
0,85600,41393,12153,143,
0,85700,41449,12161,143,
0,85800,41510,12164,143,
0,85900,41540,12195,143,
0,86000,41603,12197,143,
0,86100,41658,12198,143,
0,86200,41726,12206,143,
0,86300,41784,12209,143,
0,86400,41827,12220,143,
