0,100,38,12,0,
0,200,69,39,0,
0,300,131,43,0,
0,400,174,62,0,
0,500,224,71,0,
0,600,280,87,0,
0,700,325,96,0,
0,800,388,104,0,
0,900,418,134,0,
0,1000,475,138,0,
0,1100,551,140,0,
0,1200,579,167,0,
0,1300,626,188,0,
0,1400,673,195,0,
0,1500,733,200,0,
0,1600,796,209,0,
0,1700,847,219,0,
0,1800,910,226,0,
0,1900,932,259,0,
0,2000,990,270,0,
0,2100,1040,281,0,
0,2200,1100,292,0,
0,2300,1157,295,0,
0,2400,1203,302,0,
0,2500,1260,303,0,
0,2600,1317,307,0,
0,2700,1379,315,0,
0,2800,1448,317,0,
0,2900,1489,342,0,
0,3000,1543,356,0,
0,3100,1599,362,0,
0,3200,1656,364,0,
0,3300,1684,389,0,
0,3400,1738,407,0,
0,3500,1793,416,0,
0,3600,1850,430,0,
0,3700,1885,460,0,
0,3800,1943,468,0,
0,3900,2004,469,0,
0,4000,2056,479,0,
0,4100,2108,501,0,
0,4200,2160,511,0,
0,4300,2220,522,0,
0,4400,2283,525,0,
0,4500,2340,532,0,
0,4600,2398,544,0,
0,4700,2420,577,0,
0,4800,2475,580,0,
0,4900,2532,581,0,
0,5000,2580,595,0,
0,5100,2643,596,0,
0,5200,2707,606,0,
0,5300,2755,632,0,
0,5400,2787,657,0,
0,5500,2832,677,0,
0,5600,2881,685,0,
0,5700,2912,721,0,
0,5800,2951,748,0,
0,5900,3002,759,0,
0,6000,3052,780,0,
0,6100,3082,807,0,
0,6200,3132,830,0,
0,6300,3183,840,0,
0,6400,3242,856,0,
0,6500,3301,861,0,
0,6600,3361,868,0,
0,6700,3431,876,0,
0,6800,3455,910,0,
0,6900,3517,921,0,
0,7000,3571,923,0,
0,7100,3628,925,0,
0,7200,3695,930,0,
0,7300,3753,938,0,
0,7400,3794,953,0,
0,7500,3825,973,0,
0,7600,3875,996,0,
0,7700,3920,1005,0,
0,7800,3945,1038,0,
0,7900,4000,1045,0,
0,8000,4049,1057,0,
0,8100,4083,1079,0,
0,8200,4138,1092,0,
0,8300,4183,1113,0,
0,8400,4233,1123,0,
0,8500,4279,1147,0,
0,8600,4306,1181,0,
0,8700,4364,1189,0,
0,8800,4426,1192,0,
0,8900,4455,1216,0,
0,9000,4517,1218,0,
0,9100,4568,1225,0,
0,9200,4601,1255,0,
0,9300,4656,1265,0,
0,9400,4708,1272,0,
0,9500,4749,1294,0,
0,9600,4779,1323,0,
0,9700,4843,1332,0,
0,9800,4898,1335,0,
0,9900,4956,1337,0,
0,10000,5021,1342,0,
0,10100,5066,1350,0,
0,10200,5112,1369,0,
0,10300,5159,1371,0,
0,10400,5201,1395,0,
0,10500,5250,1403,0,
0,10600,5286,1431,0,
0,10700,5312,1463,0,
0,10800,5364,1469,0,
0,10900,5422,1470,0,
0,11000,5471,1473,0,
0,11100,5525,1479,0,
0,11200,5583,1480,0,
0,11300,5627,1499,0,
0,11400,5658,1534,0,
0,11500,5719,1540,0,
0,11600,5783,1541,0,
0,11700,5807,1573,0,
0,11800,5865,1578,0,
0,11900,5919,1580,0,
0,12000,5950,1607,0,
0,12100,5980,1636,0,
0,12200,6034,1646,0,
0,12300,6097,1648,0,
0,12400,6145,1651,0,
0,12500,6190,1672,0,
0,12600,6251,1674,0,
0,12700,6274,1710,0,
0,12800,6328,1713,0,
0,12900,6378,1725,0,
0,13000,6412,1749,0,
0,13100,6438,1780,0,
0,13200,6502,1781,0,
0,13300,6556,1782,0,
0,13400,6624,1792,0,
0,13500,6652,1822,0,
0,13600,6696,1830,0,
0,13700,6728,1850,2,
0,13800,6784,1852,2,
0,13900,6821,1875,2,
0,14000,6878,1876,2,
0,14100,6915,1904,2,
0,14200,6945,1936,2,
0,14300,6994,1945,2,
0,14400,7031,1966,2,
0,14500,7058,1995,2,
0,14600,7111,2015,2,
0,14700,7172,2025,2,
0,14800,7216,2055,2,
0,14900,7245,2085,2,
0,15000,7289,2094,2,
0,15100,7335,2114,2,
0,15200,7359,2146,2,
0,15300,7428,2148,2,
0,15400,7489,2149,2,
0,15500,7551,2158,2,
0,15600,7582,2187,2,
0,15700,7632,2190,2,
0,15800,7696,2191,2,
0,15900,7723,2221,2,
0,16000,7776,2240,2,
0,16100,7819,2250,2,
0,16200,7854,2277,4,
0,16300,7889,2310,4,
0,16400,7947,2313,4,
0,16500,8014,2314,4,
0,16600,8076,2317,4,
0,16700,8134,2321,4,
0,16800,8191,2322,4,
0,16900,8229,2354,4,
0,17000,8285,2358,4,
0,17100,8344,2360,4,
0,17200,8410,2361,4,
0,17300,8463,2367,4,
0,17400,8526,2370,4,
0,17500,8586,2371,4,
0,17600,8617,2402,4,
0,17700,8656,2425,4,
0,17800,8715,2427,4,
0,17900,8780,2431,4,
0,18000,8799,2460,4,
0,18100,8858,2466,4,
0,18200,8913,2467,4,
0,18300,8964,2490,4,
0,18400,9001,2514,4,
0,18500,9061,2517,4,
0,18600,9109,2531,4,
0,18700,9163,2542,4,
0,18800,9206,2563,4,
0,18900,9246,2573,4,
0,19000,9285,2601,4,
0,19100,9317,2629,4,
0,19200,9364,2642,4,
0,19300,9404,2666,4,
0,19400,9426,2696,4,
0,19500,9498,2699,4,
0,19600,9558,2705,4,
0,19700,9582,2739,4,
0,19800,9623,2768,4,
0,19900,9678,2774,4,
0,20000,9739,2775,4,
0,20100,9787,2782,4,
0,20200,9854,2795,4,
0,20300,9912,2796,4,
0,20400,9970,2805,4,
0,20500,10001,2835,4,
0,20600,10058,2842,4,
0,20700,10120,2843,4,
0,20800,10148,2875,4,
0,20900,10192,2895,4,
0,21000,10241,2908,4,
0,21100,10299,2913,4,
0,21200,10350,2920,4,
0,21300,10402,2928,4,
0,21400,10442,2950,4,
0,21500,10497,2952,4,
0,21600,10552,2971,4,
0,21700,10595,2982,4,
0,21800,10623,3018,4,
0,21900,10651,3056,4,
0,22000,10701,3067,4,
0,22100,10738,3090,6,
0,22200,10760,3119,6,
0,22300,10821,3119,6,
0,22400,10877,3120,6,
0,22500,10916,3151,6,
0,22600,10974,3165,6,
0,22700,11028,3174,6,
0,22800,11062,3196,6,
0,22900,11088,3232,6,
0,23000,11128,3247,8,
0,23100,11175,3254,8,
0,23200,11208,3284,8,
0,23300,11269,3293,8,
0,23400,11319,3301,8,
0,23500,11357,3326,8,
0,23600,11376,3358,8,
0,23700,11419,3377,8,
0,23800,11469,3389,8,
0,23900,11524,3394,8,
0,24000,11551,3430,8,
0,24100,11610,3434,8,
0,24200,11675,3436,8,
0,24300,11703,3469,8,
0,24400,11763,3475,8,
0,24500,11825,3477,8,
0,24600,11897,3479,8,
0,24700,11928,3512,8,
0,24800,11978,3514,8,
0,24900,12039,3515,8,
0,25000,12092,3519,8,
0,25100,12134,3542,8,
0,25200,12181,3552,8,
0,25300,12207,3585,8,
0,25400,12265,3591,8,
0,25500,12318,3602,8,
0,25600,12353,3625,8,
0,25700,12380,3656,8,
0,25800,12422,3676,8,
0,25900,12473,3689,8,
0,26000,12504,3718,8,
0,26100,12564,3719,8,
0,26200,12622,3721,8,
0,26300,12687,3722,8,
0,26400,12738,3730,8,
0,26500,12786,3751,8,
0,26600,12837,3763,11,
0,26700,12903,3768,11,
0,26800,12952,3771,11,
0,26900,13015,3773,11,
0,27000,13078,3774,11,
0,27100,13108,3805,11,
0,27200,13151,3827,11,
0,27300,13191,3838,11,
0,27400,13254,3845,11,
0,27500,13285,3878,11,
0,27600,13332,3886,11,
0,27700,13373,3908,11,
0,27800,13427,3916,11,
0,27900,13467,3935,11,
0,28000,13515,3944,11,
0,28100,13577,3948,11,
0,28200,13608,3981,11,
0,28300,13654,3992,11,
0,28400,13695,4013,11,
0,28500,13713,4047,11,
0,28600,13754,4071,11,
0,28700,13800,4078,11,
0,28800,13854,4084,11,
0,28900,13887,4108,11,
0,29000,13931,4117,11,
0,29100,13972,4139,11,
0,29200,14026,4144,11,
0,29300,14064,4163,11,
0,29400,14106,4172,11,
0,29500,14133,4209,11,
0,29600,14169,4235,11,
0,29700,14214,4244,11,
0,29800,14258,4266,11,
0,29900,14317,4274,11,
0,30000,14389,4280,11,
0,30100,14444,4281,11,
0,30200,14503,4286,11,
0,30300,14562,4292,11,
0,30400,14602,4302,11,
0,30500,14645,4326,11,
0,30600,14685,4347,11,
0,30700,14748,4348,11,
0,30800,14804,4349,11,
0,30900,14859,4364,11,
0,31000,14894,4391,11,
0,31100,14950,4394,11,
0,31200,15016,4395,11,
0,31300,15040,4427,11,
0,31400,15084,4444,11,
0,31500,15132,4452,11,
0,31600,15188,4457,11,
0,31700,15216,4486,11,
0,31800,15271,4491,11,
0,31900,15343,4492,11,
0,32000,15391,4509,11,
0,32100,15464,4511,11,
0,32200,15527,4513,11,
0,32300,15588,4518,11,
0,32400,15649,4521,11,
0,32500,15699,4532,11,
0,32600,15739,4550,11,
0,32700,15794,4553,11,
0,32800,15851,4573,11,
0,32900,15909,4582,11,
0,33000,15944,4616,11,
0,33100,15998,4624,11,
0,33200,16055,4626,11,
0,33300,16127,4627,11,
0,33400,16149,4654,11,
0,33500,16187,4676,11,
0,33600,16234,4686,11,
0,33700,16263,4717,11,
0,33800,16321,4722,11,
0,33900,16373,4726,11,
0,34000,16434,4727,11,
0,34100,16475,4750,11,
0,34200,16541,4755,11,
0,34300,16605,4756,11,
0,34400,16660,4769,11,
0,34500,16721,4775,11,
0,34600,16766,4785,11,
0,34700,16815,4809,11,
0,34800,16872,4813,11,
0,34900,16928,4820,11,
0,35000,16981,4821,11,
0,35100,17040,4824,11,
0,35200,17104,4827,11,
0,35300,17167,4833,11,
0,35400,17237,4834,11,
0,35500,17261,4865,11,
0,35600,17298,4887,11,
0,35700,17342,4900,11,
0,35800,17399,4907,11,
0,35900,17455,4916,11,
0,36000,17508,4918,11,
0,36100,17566,4925,11,
0,36200,17616,4935,11,
0,36300,17677,4936,11,
0,36400,17729,4937,11,
0,36500,17793,4948,11,
0,36600,17824,4979,11,
0,36700,17873,4985,11,
0,36800,17913,5007,11,
0,36900,17966,5010,11,
0,37000,18026,5019,11,
0,37100,18076,5020,11,
0,37200,18112,5049,11,
0,37300,18143,5079,11,
0,37400,18200,5087,11,
0,37500,18246,5107,11,
0,37600,18263,5142,11,
0,37700,18342,5144,11,
0,37800,18395,5146,11,
0,37900,18433,5169,11,
0,38000,18468,5205,11,
0,38100,18522,5216,11,
0,38200,18569,5238,11,
0,38300,18627,5248,11,
0,38400,18680,5260,11,
0,38500,18740,5271,11,
0,38600,18796,5285,11,
0,38700,18833,5315,11,
0,38800,18887,5319,11,
0,38900,18960,5323,11,
0,39000,19017,5327,11,
0,39100,19064,5345,11,
0,39200,19111,5355,11,
0,39300,19150,5385,11,
0,39400,19193,5418,11,
0,39500,19249,5422,11,
0,39600,19311,5423,11,
0,39700,19367,5429,11,
0,39800,19433,5438,11,
0,39900,19487,5447,11,
0,40000,19551,5452,11,
0,40100,19615,5456,11,
0,40200,19672,5459,11,
0,40300,19740,5460,11,
0,40400,19769,5490,11,
0,40500,19835,5495,11,
0,40600,19890,5496,11,
0,40700,19949,5508,11,
0,40800,19995,5531,11,
0,40900,20056,5534,11,
0,41000,20127,5539,11,
0,41100,20184,5543,11,
0,41200,20229,5564,11,
0,41300,20272,5573,11,
0,41400,20332,5582,11,
0,41500,20400,5590,11,
0,41600,20448,5599,11,
0,41700,20482,5622,11,
0,41800,20506,5651,11,
0,41900,20546,5670,11,
0,42000,20602,5679,11,
0,42100,20639,5709,11,
0,42200,20672,5739,11,
0,42300,20717,5748,11,
0,42400,20764,5774,11,
0,42500,20822,5780,11,
0,42600,20871,5799,11,
0,42700,20917,5807,11,
0,42800,20978,5813,11,
0,42900,21006,5843,11,
0,43000,21056,5851,11,
0,43100,21097,5876,11,
0,43200,21149,5886,11,
0,43300,21211,5887,11,
0,43400,21267,5888,11,
0,43500,21324,5901,11,
0,43600,21360,5930,11,
0,43700,21416,5931,11,
0,43800,21485,5932,11,
0,43900,21530,5943,11,
0,44000,21579,5961,11,
0,44100,21637,5962,11,
0,44200,21672,5992,11,
0,44300,21705,6023,11,
0,44400,21761,6028,11,
0,44500,21816,6043,11,
0,44600,21863,6051,11,
0,44700,21926,6052,11,
0,44800,21984,6053,11,
0,44900,22046,6061,11,
0,45000,22102,6062,11,
0,45100,22152,6066,11,
0,45200,22213,6067,11,
0,45300,22240,6098,11,
0,45400,22284,6119,11,
0,45500,22329,6129,11,
0,45600,22384,6148,11,
0,45700,22420,6176,11,
0,45800,22468,6185,11,
0,45900,22530,6192,11,
0,46000,22565,6218,11,
0,46100,22627,6221,11,
0,46200,22688,6222,11,
0,46300,22753,6229,11,
0,46400,22783,6258,11,
0,46500,22838,6264,11,
0,46600,22910,6271,11,
0,46700,22959,6274,11,
0,46800,23003,6297,11,
0,46900,23052,6308,11,
0,47000,23086,6341,11,
0,47100,23137,6358,11,
0,47200,23181,6367,11,
0,47300,23219,6389,11,
0,47400,23246,6418,11,
0,47500,23296,6436,11,
0,47600,23351,6447,11,
0,47700,23395,6468,11,
0,47800,23419,6498,11,
0,47900,23471,6503,11,
0,48000,23529,6508,11,
0,48100,23583,6510,11,
0,48200,23624,6530,11,
0,48300,23668,6542,11,
0,48400,23730,6556,11,
0,48500,23762,6587,11,
0,48600,23817,6591,11,
0,48700,23876,6592,11,
0,48800,23906,6623,11,
0,48900,23976,6625,11,
0,49000,24029,6626,11,
0,49100,24091,6632,11,
0,49200,24141,6650,11,
0,49300,24198,6657,11,
0,49400,24239,6678,11,
0,49500,24260,6709,11,
0,49600,24300,6729,11,
0,49700,24344,6740,11,
0,49800,24378,6773,11,
0,49900,24408,6803,11,
0,50000,24460,6806,11,
0,50100,24530,6807,11,
0,50200,24581,6818,11,
0,50300,24627,6840,11,
0,50400,24681,6848,11,
0,50500,24723,6875,11,
0,50600,24753,6903,11,
0,50700,24807,6907,11,
0,50800,24873,6913,11,
0,50900,24928,6919,11,
0,51000,24986,6934,11,
0,51100,25041,6937,11,
0,51200,25105,6943,11,
0,51300,25159,6950,11,
0,51400,25210,6961,11,
0,51500,25247,6979,11,
0,51600,25305,6985,11,
0,51700,25343,7005,11,
0,51800,25392,7017,11,
0,51900,25447,7032,11,
0,52000,25507,7035,11,
0,52100,25559,7040,11,
0,52200,25629,7041,11,
0,52300,25685,7049,11,
0,52400,25727,7069,11,
0,52500,25772,7081,13,
0,52600,25821,7103,13,
0,52700,25849,7135,13,
0,52800,25899,7143,13,
0,52900,25939,7163,13,
0,53000,25962,7194,13,
0,53100,26005,7217,13,
0,53200,26061,7227,13,
0,53300,26121,7242,13,
0,53400,26153,7275,13,
0,53500,26204,7282,13,
0,53600,26270,7284,13,
0,53700,26317,7289,13,
0,53800,26382,7293,13,
0,53900,26436,7295,13,
0,54000,26469,7326,13,
0,54100,26497,7356,13,
0,54200,26546,7365,13,
0,54300,26585,7385,13,
0,54400,26635,7387,13,
0,54500,26681,7406,13,
0,54600,26734,7416,13,
0,54700,26767,7449,13,
0,54800,26799,7473,13,
0,54900,26848,7481,13,
0,55000,26897,7502,13,
0,55100,26949,7506,15,
0,55200,26994,7528,15,
0,55300,27049,7537,15,
0,55400,27103,7549,15,
0,55500,27135,7578,15,
0,55600,27185,7580,15,
0,55700,27250,7581,15,
0,55800,27302,7590,15,
0,55900,27358,7611,15,
0,56000,27418,7612,15,
0,56100,27452,7644,15,
0,56200,27484,7671,15,
0,56300,27535,7681,15,
0,56400,27600,7689,15,
0,56500,27634,7714,15,
0,56600,27688,7727,15,
0,56700,27732,7734,15,
0,56800,27796,7737,15,
0,56900,27866,7738,15,
0,57000,27917,7745,15,
0,57100,27954,7769,15,
0,57200,27982,7804,15,
0,57300,28027,7824,15,
0,57400,28079,7837,15,
0,57500,28136,7848,15,
0,57600,28204,7849,15,
0,57700,28256,7860,15,
0,57800,28300,7881,15,
0,57900,28329,7910,15,
0,58000,28390,7913,15,
0,58100,28443,7914,15,
0,58200,28501,7920,15,
0,58300,28535,7951,15,
0,58400,28589,7962,15,
0,58500,28637,7982,15,
0,58600,28653,8017,15,
0,58700,28719,8023,15,
0,58800,28785,8025,15,
0,58900,28847,8033,15,
0,59000,28881,8063,15,
0,59100,28923,8074,15,
0,59200,28977,8091,15,
0,59300,29039,8097,15,
0,59400,29098,8099,15,
0,59500,29153,8100,15,
0,59600,29187,8131,15,
0,59700,29220,8161,15,
0,59800,29272,8169,15,
0,59900,29316,8188,15,
0,60000,29340,8216,15,
0,60100,29404,8218,15,
0,60200,29460,8225,15,
0,60300,29493,8258,15,
0,60400,29523,8289,15,
0,60500,29582,8294,15,
0,60600,29642,8298,15,
0,60700,29672,8330,15,
0,60800,29731,8333,15,
0,60900,29786,8334,15,
0,61000,29818,8368,17,
0,61100,29857,8398,17,
0,61200,29917,8403,17,
0,61300,29983,8405,17,
0,61400,30011,8435,17,
0,61500,30055,8454,17,
0,61600,30098,8466,17,
0,61700,30156,8471,17,
0,61800,30191,8502,17,
0,61900,30240,8514,17,
0,62000,30285,8536,17,
0,62100,30317,8562,17,
0,62200,30355,8585,17,
0,62300,30404,8595,17,
0,62400,30464,8603,17,
0,62500,30495,8634,17,
0,62600,30547,8640,17,
0,62700,30590,8662,17,
0,62800,30615,8694,17,
0,62900,30658,8717,17,
0,63000,30703,8726,17,
0,63100,30732,8756,17,
0,63200,30790,8760,17,
0,63300,30851,8766,17,
0,63400,30897,8788,17,
0,63500,30928,8817,17,
0,63600,30986,8822,17,
0,63700,31044,8824,17,
0,63800,31109,8825,17,
0,63900,31164,8843,17,
0,64000,31218,8849,17,
0,64100,31288,8852,17,
0,64200,31342,8858,17,
0,64300,31391,8876,17,
0,64400,31449,8886,17,
0,64500,31484,8924,17,
0,64600,31512,8960,17,
0,64700,31566,8968,17,
0,64800,31599,8991,17,
0,64900,31649,9002,17,
0,65000,31718,9002,17,
0,65100,31775,9003,17,
0,65200,31844,9008,17,
0,65300,31880,9036,17,
0,65400,31934,9042,17,
0,65500,31999,9044,17,
0,65600,32037,9073,17,
0,65700,32086,9096,17,
0,65800,32141,9106,17,
0,65900,32174,9138,17,
0,66000,32234,9142,17,
0,66100,32277,9153,17,
0,66200,32317,9173,17,
0,66300,32373,9179,17,
0,66400,32410,9199,17,
0,66500,32460,9210,17,
0,66600,32493,9239,17,
0,66700,32558,9240,17,
0,66800,32615,9245,17,
0,66900,32676,9246,17,
0,67000,32728,9249,17,
0,67100,32774,9269,17,
0,67200,32817,9278,17,
0,67300,32854,9313,17,
0,67400,32890,9346,17,
0,67500,32952,9354,17,
0,67600,32993,9374,17,
0,67700,33021,9405,17,
0,67800,33076,9410,17,
0,67900,33130,9412,17,
0,68000,33175,9438,17,
0,68100,33204,9471,17,
0,68200,33256,9480,17,
0,68300,33317,9483,17,
0,68400,33370,9493,17,
0,68500,33417,9513,17,
0,68600,33462,9522,17,
0,68700,33527,9526,17,
0,68800,33586,9528,17,
0,68900,33643,9535,17,
0,69000,33708,9539,17,
0,69100,33749,9570,17,
0,69200,33798,9590,17,
0,69300,33853,9601,17,
0,69400,33912,9605,17,
0,69500,33954,9636,17,
0,69600,34004,9646,17,
0,69700,34055,9666,17,
0,69800,34092,9690,17,
0,69900,34155,9694,17,
0,70000,34212,9696,17,
0,70100,34242,9724,17,
0,70200,34306,9732,17,
0,70300,34356,9744,17,
0,70400,34395,9768,17,
0,70500,34451,9777,17,
0,70600,34511,9782,17,
0,70700,34568,9784,17,
0,70800,34635,9794,17,
0,70900,34691,9798,17,
0,71000,34749,9802,17,
0,71100,34812,9803,17,
0,71200,34841,9831,17,
0,71300,34886,9849,17,
0,71400,34937,9856,17,
0,71500,34964,9887,17,
0,71600,34988,9920,17,
0,71700,35041,9926,17,
0,71800,35110,9927,17,
0,71900,35164,9934,17,
0,72000,35210,9955,17,
0,72100,35270,9962,17,
0,72200,35301,9997,17,
0,72300,35336,10029,17,
0,72400,35394,10032,17,
0,72500,35438,10050,17,
0,72600,35464,10079,17,
0,72700,35517,10097,17,
0,72800,35559,10109,17,
0,72900,35619,10112,17,
0,73000,35657,10138,17,
0,73100,35698,10146,20,
0,73200,35736,10171,20,
0,73300,35758,10201,20,
0,73400,35817,10202,20,
0,73500,35871,10203,20,
0,73600,35926,10206,20,
0,73700,35962,10236,20,
0,73800,36016,10243,20,
0,73900,36060,10258,20,
0,74000,36081,10290,20,
0,74100,36119,10315,20,
0,74200,36167,10324,20,
0,74300,36215,10349,20,
0,74400,36276,10363,20,
0,74500,36324,10372,20,
0,74600,36358,10399,20,
0,74700,36411,10416,20,
0,74800,36473,10418,20,
0,74900,36531,10419,20,
0,75000,36569,10448,20,
0,75100,36625,10462,20,
0,75200,36681,10467,20,
0,75300,36748,10468,20,
0,75400,36791,10482,20,
0,75500,36831,10506,20,
0,75600,36875,10520,20,
0,75700,36941,10524,20,
0,75800,36999,10526,20,
0,75900,37056,10530,20,
0,76000,37127,10531,20,
0,76100,37181,10537,20,
0,76200,37247,10540,20,
0,76300,37302,10541,20,
0,76400,37360,10550,20,
0,76500,37391,10579,20,
0,76600,37445,10586,20,
0,76700,37493,10606,20,
0,76800,37516,10637,20,
0,76900,37578,10643,20,
0,77000,37628,10644,20,
0,77100,37689,10657,20,
0,77200,37752,10659,20,
0,77300,37792,10667,20,
0,77400,37826,10690,20,
0,77500,37854,10722,20,
0,77600,37916,10724,20,
0,77700,37967,10725,20,
0,77800,38036,10735,20,
0,77900,38093,10735,20,
0,78000,38150,10742,20,
0,78100,38196,10764,20,
0,78200,38223,10798,20,
0,78300,38284,10799,20,
0,78400,38339,10800,20,
0,78500,38392,10804,20,
0,78600,38454,10817,20,
0,78700,38511,10824,20,
0,78800,38558,10848,20,
0,78900,38613,10852,20,
0,79000,38661,10872,20,
0,79100,38715,10874,20,
0,79200,38756,10901,20,
0,79300,38815,10903,20,
0,79400,38872,10908,20,
0,79500,38935,10913,20,
0,79600,38988,10919,20,
0,79700,39052,10924,20,
0,79800,39111,10925,20,
0,79900,39151,10952,20,
0,80000,39188,10985,20,
0,80100,39248,10991,20,
0,80200,39316,10992,20,
0,80300,39342,11021,20,
0,80400,39404,11023,20,
0,80500,39464,11025,20,
0,80600,39495,11056,20,
0,80700,39557,11065,20,
0,80800,39606,11077,20,
0,80900,39664,11096,20,
0,81000,39691,11128,20,
0,81100,39739,11150,20,
0,81200,39789,11159,20,
0,81300,39824,11186,20,
0,81400,39861,11217,20,
0,81500,39915,11225,20,
0,81600,39976,11226,20,
0,81700,39998,11260,20,
0,81800,40035,11277,20,
0,81900,40074,11290,20,
0,82000,40111,11317,20,
0,82100,40140,11349,20,
0,82200,40185,11359,20,
0,82300,40227,11384,20,
0,82400,40284,11387,20,
0,82500,40322,11407,20,
0,82600,40371,11417,20,
0,82700,40433,11420,20,
0,82800,40469,11454,20,
0,82900,40522,11460,20,
0,83000,40563,11484,20,
0,83100,40602,11504,20,
0,83200,40646,11525,20,
0,83300,40692,11537,20,
0,83400,40725,11565,20,
0,83500,40753,11599,20,
0,83600,40805,11605,20,
0,83700,40872,11606,20,
0,83800,40892,11640,20,
0,83900,40932,11661,20,
0,84000,40981,11671,20,
0,84100,41010,11705,20,
0,84200,41055,11723,20,
0,84300,41114,11725,20,
0,84400,41179,11731,20,
0,84500,41237,11733,20,
0,84600,41286,11752,20,
0,84700,41336,11762,20,
0,84800,41394,11769,20,
0,84900,41452,11772,20,
0,85000,41509,11781,20,
0,85100,41552,11804,20,
0,85200,41588,11833,20,
0,85300,41640,11838,23,
0,85400,41697,11839,23,
0,85500,41764,11846,23,
0,85600,41802,11875,23,
0,85700,41853,11883,23,
0,85800,41893,11909,23,
0,85900,41919,11938,23,
0,86000,41979,11949,23,
0,86100,42024,11960,23,
0,86200,42089,11966,25,
0,86300,42121,11993,25,
0,86400,42167,12003,25,
